Error,time,CO2share,E_appl,v,X_tot,X_het,X_hom,FE,CO2_out,CO_out,H2_out,delP,CD,Vcell
0,34.6545,0.80854,-1.03967,0.0114929,0.00597524,0.00564868,0.000326561,0.946778,32.423,0.0921241,0.00966725,0.144071,43.3684,3.40998
0,33.917487,0.4045925,-1.3505486,0.012937432,0.19389991,0.14990931,0.043990596,0.77732816,13.157154,1.2234088,0.46569525,0.14407067,1162.3711,4.1071186
2,14.32637,0.6220055,-1.489989,0.009349846,-0.1425712,-0.3385215,0.1959503,78.66239,28.67033,-4.247229,0,0.1440707,150.077,3.944805
2,2.0060737,0.8109387461,-1.848802649,0.01219379844,-0.02565025844,-0.0456566073,0.02000634885,10.60364962,33.55386178,-0.7468215787,0,0.1440706667,130784.8501,30.01863881
0,12.3357561,0.97296943991,-1.6064814251,0.010337744848,0.37960522173,0.33358844455,0.046016777182,-0.014014241643,24.351319543,6.5468948915,0,0.14407066667,-3194827.251,-619.0348742
0,5.00175,0.816467,-0.586275,0.00902265,0.00011087,2.14979e-05,8.93719e-05,0.951042,32.9341,0.000354046,3.64046e-05,0.144071,0.12965,2.64952
0,39.7513,0.735695,-1.06264,0.0179361,0.00510197,0.00485086,0.000251112,0.942733,29.5278,0.0719849,0.00832006,0.144071,53.2763,3.44544
2,0.793477,0.973810553,-1.88446328,0.0209963932,0.198383948,-0.0121011461,0.210485094,25.12935,31.4916958,-0.237698341,0,0.144070667,81887.1904,20.5351095
0,5.28213,0.375652,-0.680827,0.0182858,7.52763e-05,3.57317e-05,3.95447e-05,0.899463,15.1533,0.000270747,6.05106e-05,0.144071,0.212474,2.76947
0,5.50274,0.818635,-0.718738,0.0159485,0.000119347,6.66629e-05,5.26843e-05,0.951159,33.0213,0.00110078,0.000112903,0.144071,0.712534,2.86965
0,9.47055,0.355885,-1.04996,0.0205737,0.00370707,0.00359809,0.000108976,0.892196,14.3038,0.025829,0.00616341,0.144071,23.172,3.38414
2,13.5668617,0.78213174855,-1.7292693875,0.013475971537,0.036106407008,-0.11733234134,0.15343874835,-0.10518851928,30.413344052,-1.8510699167,0,0.14407066667,-2573690.4417,-498.28628843
0,5.00415,0.677701,-0.541916,0.00945069,9.48592e-05,1.16098e-05,8.32494e-05,0.941626,27.3371,0.000158704,1.96596e-05,0.144071,0.0614822,2.56681
0,41.608726,0.4775433,-1.4135223,0.018893668,0.21518032,0.21517859,1.7365167e-06,0.77512794,15.119513,2.0727025,0.71602647,0.14407067,3007.7871,4.5772936
0,49.9631,0.8575541,-1.167107,0.0148272,0.02317601,0.02149374,0.001682267,0.9381702,33.79349,0.3717908,0.03850967,0.1440707,234.4324,3.66122
0,51.566164,0.2092496,-1.5048422,0.013373605,0.49931773,0.4993159,1.8287818e-06,0.49407873,4.2265111,2.1074884,3.2690355,0.14407067,4262.7642,4.9302274
0,28.9267212,0.4026114359,-1.746362381,0.01100992126,0.92769631,0.6515488825,0.2761474275,0.1287125252,1.17436131,5.291249997,0,0.1440706667,101156.4867,24.14965176
0,6.03013,0.962064,-0.741391,0.0231034,9.93265e-05,6.15572e-05,3.77693e-05,0.958138,38.8075,0.00119456,0.000104261,0.144071,1.11204,2.91525
0,4.87908,0.730758,-0.601666,0.0106989,9.66356e-05,2.20927e-05,7.45428e-05,0.945628,29.4772,0.000325648,3.74119e-05,0.144071,0.142217,2.66966
0,16.8475497,0.880770289,-1.60515614,0.0146170201,0.997936971,0.507229908,0.490707062,0.00536686576,0.0733032466,9.01140856,0,0.144070667,24689.024,9.08723987
0,5.69637,0.350122,-0.723691,0.0219787,8.44346e-05,5.15522e-05,3.28824e-05,0.892915,14.1234,0.000364076,8.73081e-05,0.144071,0.345956,2.83741
0,46.7428,0.501183,-1.09597,0.0131713,0.0104206,0.0100592,0.000361422,0.916079,20.0079,0.101692,0.0173856,0.144071,57.0066,3.48298
0,5.39002,0.737765,-0.676774,0.0243466,5.88604e-05,2.54753e-05,3.33851e-05,0.946141,29.761,0.000379107,4.31416e-05,0.144071,0.376586,2.79485
0,0.4581777,0.8625402231829837,-1.876778223021841,0.009223434820348739,0,0,0,-1.744188137672333e-39,34.79641669628025,0,0,0.1440706666666666,-1.181059333053313e+45,-2.293425576843017e+41
0,23.5831,0.570113,-1.0575,0.0240875,0.00352858,0.00338538,0.000143196,0.929174,22.9182,0.0389308,0.00579984,0.144071,39.276,3.42192
0,45.08124,0.4038915,-1.211222,0.01846451,0.03045341,0.02937162,0.001081793,0.8865217,15.79751,0.2392862,0.05449874,0.1440707,204.3905,3.692456
2,26.0784435,0.561826946,-1.67974903,0.0118627457,-0.888765402,-1.08826866,0.199503254,-6.78232393,42.8090657,-12.3328615,0,0.144070667,-29742.0624,-4.11312035
0,16.7668486,0.579481822,-1.7309962,0.0135362973,0.871204248,0.669077746,0.202126502,0.292220156,3.01090133,7.82062699,0,0.144070667,93773.4245,22.6967206
0,5.54255,0.494268,-0.671628,0.0242624,5.55198e-05,2.39289e-05,3.15908e-05,0.921704,19.9385,0.000238567,4.05222e-05,0.144071,0.242418,2.76705
0,54.67972,0.9614744,-1.223488,0.01267624,0.05673845,0.04802656,0.008711892,0.9204622,36.58685,0.9314174,0.09292999,0.1440707,533.7068,3.817986
0,29.8243,0.474889,-1.1147,0.0112807,0.0153757,0.0148254,0.000550264,0.909024,18.8633,0.142011,0.0258199,0.144071,68.892,3.51375
0,4.79965,0.895286,-0.598767,0.0166104,6.25392e-05,1.37101e-05,4.88291e-05,0.955184,36.1152,0.000247587,2.32164e-05,0.144071,0.166194,2.67478
0,9.3167,0.953279,-0.969438,0.0125283,0.00228648,0.00211513,0.000171347,0.956344,38.3691,0.0406708,0.00359794,0.144071,20.6134,3.29711
0,0.4809348,0.4982393819606267,-1.951034322021815,0.01009858983049831,0,0,0,-1.182504473874737e-77,20.09986860116685,0,0,0.1440706666666666,-2.611888128267395e+83,-5.071862919651203e+79
0,6.52732,0.955963,-0.919828,0.0222115,0.000699667,0.000632225,6.74425e-05,0.957491,38.5383,0.012191,0.00107305,0.144071,10.9344,3.21304
0,5.77709,0.651448,-0.640234,0.0222636,5.30287e-05,1.74239e-05,3.56048e-05,0.939445,26.2792,0.000228955,2.95057e-05,0.144071,0.209449,2.72814
0,4.72101,0.833959,-0.575303,0.01478,6.57932e-05,1.13988e-05,5.43944e-05,0.952047,33.6412,0.000191748,1.93024e-05,0.144071,0.114904,2.63234
0,46.4997,0.317667,-1.198564,0.008821133,0.05392101,0.05260741,0.001313594,0.8493855,12.12424,0.3370887,0.09695842,0.1440707,139.1544,3.647375
0,4.68228,0.978034,-0.594834,0.013776,7.49663e-05,1.57167e-05,5.92496e-05,0.958808,39.4527,0.000310055,2.66144e-05,0.144071,0.171957,2.6726
0,25.2966,0.233331,-1.13368,0.0149543,0.0144614,0.014207,0.000254394,0.838766,9.27686,0.0668652,0.0248536,0.144071,46.8547,3.50864
0,5.17942,0.449058,-0.709673,0.0232049,7.35571e-05,4.0783e-05,3.27741e-05,0.914487,18.1145,0.000369408,6.90681e-05,0.144071,0.361862,2.8257
0,31.9104,0.860569,-1.06074,0.024383,0.00369108,0.00348434,0.000206736,0.951103,34.5887,0.0604827,0.00597291,0.144071,60.3694,3.45134
0,6.35445,0.773948,-0.813265,0.0130329,0.000346307,0.000274582,7.1725e-05,0.948342,31.2116,0.00428656,0.000465266,0.144071,2.27474,3.02412
1,0.22076,0.62291,-1.9167,0.01442,,,,,,,,,,
0,39.693706,0.38236349,-1.4244059,0.015065229,0.28104736,0.28104554,1.8150704e-06,0.71187918,11.090008,2.1675957,1.0327205,0.14407067,2762.6218,4.5362013
0,21.153571,0.72445621,-1.4148763,0.020517149,0.034307457,0.028337141,0.0059703159,2.4828412,28.223196,0.41408867,0,0.14407067,1783.5823,4.3140754
0,45.32547,0.85814546,-1.3979499,0.019629243,0.98023048,0.96766695,0.012563536,0.034464931,0.68440338,16.749891,0,0.14407067,2506.9587,4.4551099
0,29.5733398,0.614881258,-1.6587298,0.0205630318,0.50253508,0.347532845,0.155002235,0.739944324,12.3398216,4.31034747,0,0.144070667,59988.6444,16.0410442
2,13.7250456,0.871154896434719,-1.48847939970509,0.0248088062501411,0.0803616242417011,-0.000937415939676918,0.081299040181378,-9.4528194378127e-07,32.3197232904617,-0.0164722485365209,0,0.144070666666667,-13808065850.0556,-2681301.5269922
0,16.52144,0.7887315,-1.36749,0.008688595,0.5690789,0.1540198,0.4150591,1.194259,13.71141,2.450366,0,0.1440707,980.1111,4.079904
0,6.72252,0.946701,-0.948496,0.0236539,0.000933751,0.000857139,7.66125e-05,0.956945,38.1559,0.0163678,0.0014562,0.144071,15.6544,3.26106
0,6.24758,0.875604,-0.862176,0.0187668,0.000415926,0.000357238,5.8688e-05,0.953994,35.3087,0.00630944,0.000605618,0.144071,4.79471,3.11184
0,5.82418,0.298588,-0.721025,0.0206554,8.60463e-05,5.30094e-05,3.30369e-05,0.876718,12.0445,0.000319264,8.97748e-05,0.144071,0.290373,2.82573
0,50.039087,0.73279867,-1.3650966,0.016076856,0.18908121,0.1287428,0.060338419,0.81864499,23.972714,1.9029737,0.45175605,0.14407067,2424.1753,4.4044561
0,38.9263,0.2433384,-1.325291,0.01799405,0.1101146,0.1011862,0.008928358,0.784261,8.735744,0.4966579,0.2420605,0.1440707,553.0053,3.925363
0,5.7227322,0.584145777,-1.79047805,0.0197546775,0.0123857768,0.00417072794,0.00821504888,9.97072164,23.2736095,0.0491426162,0,0.144070667,45608.6122,13.3663417
1,0.23156,0.92915,-1.9961,0.021047,,,,,,,,,,
0,5.89733,0.451955,-0.763273,0.0144585,0.000184475,0.000130275,5.41998e-05,0.914918,18.2293,0.00118763,0.00022067,0.144071,0.724591,2.91505
0,4.6788,0.843002,-0.58353,0.0150461,6.60445e-05,1.24451e-05,5.35993e-05,0.952536,34.0059,0.000211618,2.10742e-05,0.144071,0.129029,2.64653
0,36.71438,0.3185723,-1.295792,0.01673243,0.08735577,0.08085583,0.006499945,0.8281555,11.7291,0.5195705,0.1782114,0.1440707,481.3762,3.874827
2,0.7278208,0.502872611829,-1.91925138234,0.0249780969606,0.0485781927425,-0.0103956116625,0.0589738044049,-0.0218985243794,19.3012862119,-0.105446750597,0,0.144070666667,-90040135.2393,-17482.8432473
2,11.6746627,0.299988455,-1.80327848,0.0152444461,-3.06539614,-3.34079409,0.275397947,20.4326706,49.199714,-20.2152641,0,0.144070667,55456.6484,15.3015165
0,102.278,0.6306679,-1.297757,0.0119283,0.1299242,0.103363,0.02656125,0.8513059,22.1367,1.314895,0.2563763,0.1440707,906.4026,3.991842
2,10.739533,0.94907062,-1.4689034,0.010251641,0.83181653,-0.039196133,0.87101267,0.68388256,6.4392753,-0.75035525,0,0.14407067,2957.1824,4.6219762
0,6.27213,0.909889,-0.885382,0.0182464,0.00056188,0.000494833,6.70468e-05,0.955546,36.6859,0.0090818,0.000839194,0.144071,6.70079,3.15261
0,6.03013,0.466534,-0.78661,0.0221967,0.000150833,0.000114511,3.63225e-05,0.917375,18.818,0.00107759,0.000193981,0.144071,1.00673,2.95534
0,31.436139,0.63823049,-1.3349024,0.019688855,0.12398449,0.089640128,0.034344366,0.8555937,22.555087,1.1539983,0.25029255,0.14407067,1480.7531,4.1657361
0,27.302,0.980807,-1.05254,0.017028,0.00479307,0.00449273,0.000300341,0.955841,39.3779,0.0888831,0.00769779,0.144071,61.5508,3.44437
1,0.32068,0.50337,-1.9873,0.019904,,,,,,,,,,
0,6.80733,0.832685,-0.96366,0.0181643,0.001459,0.00135509,0.000103912,0.951073,33.543,0.0227601,0.00230407,0.144071,16.8244,3.28016
0,30.6187319,0.549335334,-1.57669173,0.0140872551,0.227419917,0.0253186486,0.202101268,1.80637025,17.1212792,0.280545447,0,0.144070667,11886.2189,6.53511894
1,0.34439,0.6105,-1.9944,0.019378,,,,,,,,,,
0,0.7961367,0.3762743196,-1.959789801,0.02195400897,0.03360390801,0.01038814334,0.02321576468,8.2782464,14.66948645,0.07884382457,0,0.1440706667,304707.1672,63.94597692
2,13.0862528,0.22547962,-1.79627973,0.0151394101,-0.894465994,-1.05347751,0.159011521,3.6896267,17.2325391,-4.79134821,0,0.144070667,98319.779,23.647265
2,3.245599,0.9009065,-1.425337,0.01775304,0.04266726,-0.0003709904,0.04303825,26.92925,34.79347,-0.006741671,0,0.1440707,231.8788,3.918391
2,10.6815,0.7876814,-1.3855,0.01011642,0.2667054,-0.009624019,0.2763294,5.715402,23.30152,-0.1529087,0,0.1440707,438.6285,3.951455
0,6.15691,0.522913,-0.822555,0.0142302,0.000344429,0.000283339,6.10896e-05,0.925488,21.088,0.00298856,0.000480128,0.144071,1.77447,3.02056
0,18.4646,0.920289,-1.08143,0.0182043,0.00643405,0.0060544,0.000379646,0.952194,36.8872,0.112388,0.010435,0.144071,83.8792,3.49349
0,69.804061,0.85429766,-1.3844397,0.0095216112,0.37222225,0.25309343,0.11912881,0.68573508,21.635668,4.361293,0.97791035,0.14407067,3348.5806,4.6199026
0,34.50925,0.3297916,-1.246115,0.0145334,0.05743723,0.05544757,0.001989656,0.8508337,12.54022,0.3688479,0.1083943,0.1440707,264.6497,3.752326
0,5.35448,0.95754,-0.71122,0.0228355,7.95159e-05,4.22741e-05,3.72417e-05,0.957961,38.6258,0.000816501,7.1595e-05,0.144071,0.751379,2.86487
1,0.41935,0.31495,-1.7748,0.014388,,,,,,,,,,
0,21.9409635,0.3803628946,-1.79596596,0.009317340787,0.942008272,0.756936348,0.185071924,0.1144051433,0.8898552351,5.807412497,0,0.1440706667,163078.7982,36.2481019
0,16.598325,0.880184726,-1.55491546,0.0206451596,0.273530471,0.265218893,0.00831157777,1.7172822,25.7956453,4.70872639,0,0.144070667,14241.0262,6.97989528
0,72.47013,0.69615714,-1.3070307,0.014599525,0.11900715,0.090428719,0.028578432,0.86381911,24.742002,1.2698103,0.23596563,0.14407067,1124.7003,4.0545928
0,6.38482,0.459131,-0.843785,0.0147118,0.000419182,0.000359909,5.92737e-05,0.915986,18.5144,0.00333314,0.000610002,0.144071,2.06755,3.0497
0,6.27516,0.848363,-0.753055,0.0106111,0.000237582,0.000155674,8.19081e-05,0.952711,34.2164,0.00266393,0.000263695,0.144071,1.14544,2.92844
0,25.3862,0.947017,-1.06875,0.0162152,0.00616388,0.00579172,0.000372169,0.953547,37.9689,0.110634,0.00995526,0.144071,73.2653,3.47181
0,6.30986,0.978641,-0.908921,0.017396,0.000783502,0.000701874,8.16287e-05,0.958371,39.4492,0.013855,0.00119097,0.144071,9.72061,3.19585
1,0.32957,0.60773,-1.9711,0.016743,,,,,,,,,,
0,8.963,0.364861,-1.14205,0.0197359,0.0122732,0.0119555,0.000317667,0.889132,14.5385,0.0879874,0.0209693,0.144071,77.1312,3.5485
0,6.15513,0.500696,-0.821213,0.024473,0.000197013,0.00016195,3.50633e-05,0.922541,20.195,0.00163561,0.000274406,0.144071,1.67563,3.01625
0,32.210087,0.45408945,-1.5396581,0.017175091,0.51072657,0.47298661,0.037739956,0.85078611,8.9628929,4.3322692,0,0.14407067,8210.1637,5.7652431
0,4.94194,0.658007,-0.624353,0.0153802,7.20102e-05,2.05677e-05,5.14425e-05,0.94,26.5433,0.000272987,3.48294e-05,0.144071,0.172414,2.70225
0,32.595195,0.4011352,-1.3967486,0.017149886,0.22628854,0.15890596,0.067382576,0.75503617,12.520595,1.2857488,0.63593465,0.14407067,2061.4285,4.3573398
0,34.63343,0.8650583,-1.208119,0.01379874,0.04225296,0.03757523,0.004677734,0.9257984,33.42346,0.6556501,0.07007696,0.1440707,397.912,3.761162
0,12.1335,0.74565,-1.0137,0.0220464,0.00223979,0.00211692,0.000122873,0.945269,30.0135,0.0318393,0.00361012,0.144071,28.8044,3.36015
0,6.1275,0.75315,-0.761287,0.0162588,0.000165916,0.000112933,5.29834e-05,0.947113,30.3784,0.00171564,0.000191293,0.144071,1.13707,2.9363
2,20.1935637,0.556109666,-1.70865162,0.01643079,0.830243196,-0.277019653,1.10726285,0.35185851,3.80840212,-3.10739309,0,0.144070667,73929.9023,18.8088691
1,151.2467,0.9033845,-1.281346,0.01840168,,,,,,,,,,
0,42.55196,0.853045,-1.218001,0.02303776,0.02902223,0.02539314,0.003629092,0.9339905,33.41461,0.4369317,0.04765436,0.1440707,447.6866,3.786766
0,5.84595,0.895809,-0.719278,0.00947942,0.000202515,0.000112932,8.95834e-05,0.955118,36.1312,0.0020406,0.000191275,0.144071,0.781812,2.87497
0,5.49146,0.331433,-0.516505,0.0131106,5.85203e-05,6.03846e-06,5.24819e-05,0.887574,13.3698,4.0369e-05,1.02249e-05,0.144071,0.0230165,2.49091
0,5.85665,0.722735,-0.747679,0.0248595,9.59912e-05,6.20209e-05,3.39703e-05,0.945059,29.1536,0.000904154,0.000105047,0.144071,0.918221,2.91166
0,5.21263,0.677312,-0.690852,0.0120468,0.000128818,6.16876e-05,6.71308e-05,0.941572,27.3204,0.000842775,0.000104472,0.144071,0.416238,2.81408
2,26.3676723,0.839027494,-1.68543739,0.0167554252,0.504111637,-0.0131222333,0.517233871,-2.02989709,16.7847654,-0.22207983,0,0.144070667,-41916.7228,-6.48918398
0,0.425736,0.9422910938,-1.947886045,0.009246680167,0,0,0,18.60491796,38.01370958,0,0,0.1440706667,301518.625,63.31436948
0,36.7277,0.964646,-1.04721,0.0203416,0.00374973,0.00351649,0.000233236,0.955865,38.7696,0.0684231,0.00601726,0.144071,56.5871,3.43375
0,38.817493,0.22850088,-1.4173004,0.012697681,0.29949277,0.21989512,0.079597653,0.64891581,6.4573698,1.0135114,1.1183988,0.14407067,1610.7411,4.2776992
0,11.3654,0.7705537,-1.121974,0.01925826,0.01004722,0.00952004,0.0005271793,0.941827,30.77319,0.1479677,0.01660505,0.1440707,119.0957,3.558892
2,25.8055486,0.96164688974,-1.5269852321,0.012164336601,0.52276582323,-1.062240145,1.5850059682,-0.0091943222246,18.514088494,-20.604567949,0,0.14407066667,-1333557.9491,-257.6411824
0,42.123592,0.8612976,-1.3436177,0.019742498,0.13670229,0.093144351,0.043557942,0.86040336,29.99639,1.6182102,0.2791798,0.14407067,2190.233,4.3323349
0,54.273055,0.75361955,-1.30311,0.022445932,0.076512668,0.057452658,0.01906001,0.89667477,28.076196,0.87334824,0.14594143,0.14407067,1169.1141,4.0612866
1,0.29276,0.75086,-1.9954,0.0083816,,,,,,,,,,
0,17.007494,0.48270931,-1.5087129,0.022898166,0.062637867,0.05440799,0.0082298768,2.1294297,18.253588,0.52975313,0,0.14407067,4489.3453,4.9807576
2,25.516515,0.64659453,-1.4434685,0.019506666,0.61815426,-0.18266205,0.8008163,0.7437635,9.9603626,-2.3823497,0,0.14407067,3033.724,4.6127175
0,46.07659,0.6647025,-1.249449,0.01836194,0.05149679,0.0447957,0.006701096,0.906832,25.43439,0.6006048,0.08954763,0.1440707,525.6595,3.841605
0,16.5338,0.692024,-1.03185,0.0198534,0.00311761,0.00296309,0.000154516,0.940812,27.8305,0.0413611,0.00506128,0.144071,33.8806,3.38763
1,0.36307,0.2379,-1.9989,0.012002,,,,,,,,,,
0,6.09625,0.284874,-0.836986,0.0118098,0.000472875,0.000410874,6.20006e-05,0.871309,11.4869,0.00236095,0.000696349,0.144071,1.23577,3.01629
0,31.902136,0.3227010922,-1.789463769,0.01481179366,0.4803437753,0.3822872115,0.09805656382,1.013774049,6.765061285,2.4883724,0,0.1440706667,128701.0642,29.55383726
0,37.647073,0.21008322,-1.4200828,0.011245175,0.37638101,0.2811253,0.095255713,0.58675592,5.2852541,1.1912872,1.308809,0.14407067,1511.0827,4.2578478
0,0.4743066,0.5708314465059179,-1.857172015314276,0.008942931291720201,0,0,0,-1.487683446491144e-55,23.02836243701357,0,0,0.1440706666666666,-7.123786245016043e+60,-1.383323692641679e+57
0,17.6330235,0.5815478284,-1.790930491,0.02295964073,0.6485599268,0.5278583288,0.1207015979,0.9612961238,8.245023262,6.191957793,0,0.1440706667,168565.3443,37.3101649
0,16.8649696,0.359477366,-1.71345692,0.0169010437,0.333538165,0.12443143,0.209106735,1.65471804,9.66500319,0.902249839,0,0.144070667,42435.5146,12.6694513
0,12.8891,0.252443,-1.088,0.0232723,0.00526341,0.00515609,0.000107321,0.85424,10.1304,0.0262548,0.00888142,0.144071,27.9387,3.43271
0,32.60163,0.4346054,-1.260464,0.01651768,0.06185503,0.05737519,0.004479842,0.8720342,16.44827,0.5029727,0.1146745,0.1440707,407.2302,3.816506
2,1.0478598,0.4735155310491526,-1.760733934412103,0.01342864763851493,-1585.054938521316,-1585.054938521316,0,-0.0002863760673131636,30297.55767522737,-15139.22760551593,0,0.1440706666666666,-1410764900765.255,-273947650.7162236
0,4.86444,0.489861,-0.518392,0.0084032,9.94809e-05,9.65207e-06,8.98288e-05,0.921028,19.7599,9.53715e-05,1.63443e-05,0.144071,0.0335863,2.51221
0,7.12029,0.748283,-0.957364,0.00990182,0.00350738,0.00229019,0.00121719,0.945243,30.0812,0.0345671,0.00389828,0.144071,14.0016,3.26388
0,5.63953,0.364046,-0.594015,0.0216096,4.27041e-05,9.91476e-06,3.27893e-05,0.896612,14.6856,7.28054e-05,1.67889e-05,0.144071,0.0677321,2.62388
0,21.1953,0.440832,-1.0654,0.0149685,0.00622229,0.00601804,0.000204244,0.909131,17.6733,0.0535123,0.0103301,0.144071,34.2618,3.42183
0,36.1823,0.2416983,-1.271848,0.01851671,0.06003519,0.05831915,0.001716047,0.815125,9.165165,0.2843216,0.1184013,0.1440707,280.9789,3.784306
0,5.47929,0.992049,-0.702099,0.0148043,0.000115346,5.79974e-05,5.73483e-05,0.959339,40.0164,0.00116056,9.82239e-05,0.144071,0.691369,2.85146
2,39.5095853,0.69333772256525,-1.7474543535077,0.010865310363856,-3003.3744286985,-3003.7793630949,0.40493439636884,-0.13761395893317,84033.809652632,-42008.58268957,0,0.14407066666667,-6865874917.5446,-1333240.4024557
0,14.5363,0.590719,-1.03541,0.0249697,0.00257912,0.0024659,0.000113214,0.932014,23.7692,0.029382,0.00421273,0.144071,30.5778,3.38528
1,55.0047,0.486356,-1.31044,0.0109861,,,,,,,,,,
0,41.209432,0.51639929,-1.3840193,0.021687447,0.15220471,0.10555322,0.046651492,0.82523898,17.661672,1.0994672,0.42702734,0.14407067,2259.1939,4.3877204
0,19.2774805,0.4628261679,-1.900549971,0.02366031241,0.5611953702,0.3879720891,0.173223281,0.9171796076,8.193024867,3.621959248,0,0.1440706667,717678.293,144.1230464
0,82.496473,0.38560062,-1.3686011,0.016477762,0.18008559,0.13469543,0.045390162,0.78271529,12.75444,1.0476489,0.46105886,0.14407067,1411.0732,4.1834274
0,25.94235,0.9398317,-1.129919,0.009412642,0.02282592,0.0213202,0.001505722,0.9422988,37.04906,0.4041723,0.03762413,0.1440707,158.7098,3.589284
0,6.0183,0.21548,-0.82332,0.011748,0.00040009,0.00034656,5.3529e-05,0.83675,8.6895,0.0015063,0.00058729,0.14407,0.81667,2.9813
0,27.4725,0.397677,-1.1467,0.0100618,0.0253932,0.024681,0.000712174,0.888455,15.6356,0.197979,0.0436657,0.144071,88.1319,3.56214
2,2.9713874,0.59998824,-1.4937001,0.014691634,0.94496011,-0.02428683,0.96924694,-0.37865085,1.3322185,-0.2939265,0,0.14407067,-1519.4507,1.3340264
0,6.00931,0.749725,-0.672672,0.0249903,5.61036e-05,2.35453e-05,3.25583e-05,0.946956,30.2435,0.000356067,3.9873e-05,0.144071,0.362736,2.78882
0,44.25143,0.48015687,-1.4117411,0.0092143775,0.3873441,0.38734056,3.5403266e-06,0.6473218,11.867382,3.7514685,1.4349705,0.14407067,2763.0007,4.5236172
0,10.0767,0.5725093,-1.149753,0.01635884,0.01646558,0.01579092,0.0006746573,0.9211092,22.71576,0.182354,0.02792991,0.1440707,128.4327,3.592363
0,5.17065,0.702004,-0.6868,0.0105984,0.00014308,6.65609e-05,7.6519e-05,0.9435,28.3161,0.000942506,0.000112725,0.144071,0.408687,2.80909
0,6.12398,0.300469,-0.895257,0.0207247,0.000535099,0.000494528,4.0571e-05,0.877117,12.115,0.00299719,0.000838768,0.144071,2.73673,3.11571
2,15.9287869,0.360559545,-1.71678398,0.0206931357,0.124224043,-0.12278502,0.247009062,1.80629125,12.7387021,-0.892991965,0,0.144070667,53474.7448,14.8282986
0,5.14176,0.328916,-0.525037,0.0110601,7.0069e-05,7.98703e-06,6.2082e-05,0.886804,13.2681,5.29901e-05,1.35245e-05,0.144071,0.0255091,2.50472
0,40.99993,0.8225678,-1.209,0.01058069,0.05480057,0.04920662,0.005593944,0.9151953,31.36536,0.8164328,0.09243013,0.1440707,382.0334,3.756867
0,52.00289,0.7558918,-1.19722,0.01083122,0.04558851,0.04202813,0.003560377,0.9174582,29.10385,0.6408035,0.0776137,0.1440707,303.9605,3.71818
2,1.0194122,0.241333189034,-1.90267291123,0.0125812574608,0.346539308604,-0.381224386385,0.727763694989,-0.0081305231279,6.36197101124,-1.85576464422,0,0.144070666667,-64603468.076,-12543.4547597
2,22.205483,0.40780086,-1.4608758,0.016433792,0.83544329,-0.014509962,0.84995325,0.30843388,2.707191,-0.11935471,0,0.14407067,2486.5546,4.5136537
0,47.9506276,0.273626758,-1.6074358,0.0230858188,0.365075419,0.221639089,0.143436329,0.888635676,7.00867419,1.22329188,0,0.144070667,14680.1519,7.11924717
0,6.29137,0.436323,-0.824575,0.0123641,0.000401889,0.000334662,6.72265e-05,0.912004,17.595,0.00294537,0.000567117,0.144071,1.54192,3.01531
0,77.212502,0.45154563,-1.3703444,0.015161624,0.19000626,0.13855023,0.051456033,0.7893769,14.754975,1.2619265,0.51242884,0.14407067,1655.277,4.2407927
2,20.4913527,0.3560456397885,-1.705304488275,0.0207473120596,-149.3698275601,-442.0512412309,292.6814136708,-0.02195505805233,2159.839798657,-3174.705588709,0,0.1440706666667,-643665948.1246,-124988.3075555
2,14.661039,0.377134353,-1.74561766,0.0194551867,0.758462814,-1.58005498,2.3385178,-2.79035075,3.67481316,-12.0196955,0,0.144070667,-14462.2173,-1.04310582
0,5.27872,0.482371,-0.610677,0.0152211,6.7006e-05,1.74348e-05,4.95712e-05,0.919921,19.4584,0.000169638,2.95236e-05,0.144071,0.108345,2.66469
0,4.63981,0.780341,-0.505199,0.0239875,3.60208e-05,2.85425e-06,3.31665e-05,0.948942,31.4792,4.49265e-05,4.83312e-06,0.144071,0.0438363,2.51271
0,30.8869,0.283574,-1.15929,0.0141114,0.0211238,0.0206868,0.000437012,0.858008,11.1982,0.118327,0.0365954,0.144071,76.8231,3.56547
0,52.183279,0.22018479,-1.509729,0.024333983,0.32422565,0.32422456,1.0884628e-06,0.62899755,6.0026661,1.4399864,1.9130049,0.14407067,5063.6284,5.0994754
0,50.42753,0.7550688,-1.237961,0.01873088,0.04465673,0.03866402,0.005992707,0.9179703,29.10055,0.588869,0.07573995,0.1440707,512.617,3.826293
0,6.24874,0.997263,-0.804673,0.0219416,0.00019014,0.000146073,4.4067e-05,0.959494,40.2237,0.00293835,0.000247482,0.144071,2.59471,3.02236
0,0.4725709,0.7708124136204242,-1.947151488915596,0.02259693004199273,0,0,0,-7.447355691542575e-82,31.09595265021253,0,0,0.1440706666666666,-6.103876547052713e+87,-1.185273779151536e+84
0,8.623777,0.4482673,-1.166383,0.02448563,0.01343522,0.01299162,0.0004436033,0.9058512,17.84095,0.1174696,0.0231038,0.1440707,126.9969,3.608137
0,4.66385,0.55782,-0.542132,0.0106364,8.2556e-05,1.03443e-05,7.22117e-05,0.929979,22.5016,0.000116391,1.75165e-05,0.144071,0.0513827,2.5578
2,20.6460601,0.2006320774,-1.709694635,0.02246062023,0.007834204425,-0.09282947456,0.100663679,-0.1187727791,8.030448236,-0.375674254,0,0.1440706667,-468043.9647,-89.33590205
2,0.8098878,0.676133835,-1.87818328,0.0136436342,0.814028469,-0.263367768,1.07739624,10.5104879,5.07264304,-3.59186878,0,0.144070667,29092.4275,10.2237694
2,13.982461,0.804962,-1.5604247,0.011324193,0.0035482503,-0.012242416,0.015790667,25.472484,32.358384,-0.19877771,0,0.14407067,1292.6621,4.347754
0,14.6150527,0.823922347,-1.55761723,0.00997087841,0.337502321,0.167689951,0.16981237,1.92537626,22.0204307,2.78688142,0,0.144070667,11225.8291,6.3848703
0,4.80078,0.5215,-0.596522,0.0110517,8.90773e-05,2.00204e-05,6.90569e-05,0.925465,21.0364,0.000210597,3.39021e-05,0.144071,0.097074,2.64489
0,6.68666,0.574562,-0.977553,0.0229031,0.00135773,0.00128399,7.37347e-05,0.931061,23.1474,0.0148807,0.00218434,0.144071,14.1767,3.28474
1,60.6937,0.807541,-1.26857,0.0165726,,,,,,,,,,
0,62.74238,0.4500087,-1.299524,0.02478221,0.06446595,0.05465904,0.009806911,0.8731299,16.98383,0.4961444,0.1262322,0.1440707,693.5923,3.938534
2,18.3749,0.35828154,-1.4279822,0.024114427,0.8051517,-0.029087453,0.83423916,0.37215771,2.8162825,-0.21021093,0,0.14407067,1405.0613,4.2414217
1,0.23856,0.55143,-1.914,0.011419,,,,,,,,,,
0,4.99668,0.546705,-0.609156,0.0200426,5.14558e-05,1.29846e-05,3.84712e-05,0.928678,22.0539,0.000143188,2.19877e-05,0.144071,0.119286,2.66812
0,6.7693,0.2303,-1.011,0.023565,0.0019654,0.0019135,5.1874e-05,0.84467,9.2723,0.0088887,0.0032629,0.14407,9.6206,3.2974
2,6.6334033,0.2944268,-1.5647692,0.017094319,0.00098015126,-0.00015034546,0.0011304967,3.6876194,11.866062,-0.00089287943,0,0.14407067,3462.3074,4.8240321
1,0.25875,0.98928,-1.9083,0.010041,,,,,,,,,,
0,6.62194,0.927811,-0.948571,0.0140673,0.00156963,0.00144222,0.000127406,0.955705,37.3708,0.0269909,0.00245091,0.144071,15.3668,3.26013
0,6.58887,0.306452,-0.98625,0.0200253,0.00170345,0.00164102,6.24325e-05,0.878496,12.3418,0.0101438,0.0027935,0.144071,8.95783,3.26883
0,49.73316,0.2923494,-1.321974,0.009090542,0.1969459,0.1784526,0.01849326,0.7475257,9.47114,1.052326,0.4591509,0.1440707,602.7797,3.936139
0,36.51531,0.60006205,-1.319383,0.019843547,0.097507414,0.074256471,0.023250943,0.87039597,21.847159,0.89878462,0.20345813,0.14407067,1155.0739,4.0742124
0,6.06305,0.539119,-0.759724,0.0181993,0.000143475,9.88889e-05,4.45856e-05,0.927688,21.7459,0.00107537,0.000167499,0.144071,0.814478,2.91753
1,0.46206,0.6454,-1.9795,0.017648,,,,,,,,,,
1,91.6044,0.43492,-1.3087,0.0247132,,,,,,,,,,
0,36.079806,0.40013204,-1.4710623,0.023358013,0.30206413,0.19863694,0.1034272,0.69909356,11.266111,1.603203,1.2128099,0.14407067,5203.6093,5.0893918
0,48.4757,0.9037107,-1.189765,0.01971962,0.02351896,0.02125392,0.002265044,0.9401605,35.59987,0.3874303,0.03873747,0.1440707,329.6959,3.719899
2,0.7690752,0.866463949,-1.83145366,0.0144818743,0.341090202,-0.18021676,0.521306962,10.3533608,23.0319988,-3.14971201,0,0.144070667,73576.6826,18.8628355
0,4.97062,0.559193,-0.587284,0.0197325,4.90548e-05,9.95852e-06,3.90963e-05,0.93016,22.5578,0.000112326,1.68632e-05,0.144071,0.0919809,2.63288
0,5.03938,0.893717,-0.60776,0.0110908,9.63205e-05,2.30472e-05,7.32733e-05,0.955087,36.0507,0.000415474,3.90284e-05,0.144071,0.18623,2.68962
0,6.3547,0.24744,-0.87442,0.012157,0.00070539,0.00064525,6.0131e-05,0.85456,9.975,0.0032205,0.0010941,0.14407,1.7697,3.0723
2,13.918833,0.91923983,-1.4111075,0.023700269,0.87887353,-0.18213484,1.0610084,0.32277536,4.4918275,-3.3771243,0,0.14407067,2080.3408,4.3758405
2,5.3703962,0.7046032148,-1.5571641316,0.02364040656,0.00032340703314,-0.00012712707331,0.00045053410645,-0.0068404180962,28.415762214,-0.0018067906719,0,0.14407066667,-4053753.1174,-785.88589183
0,44.204457,0.21578372,-1.4152127,0.01169134,0.31798722,0.23735078,0.080636441,0.62873774,5.9369904,1.0330813,1.1825265,0.14407067,1488.0219,4.2477095
0,14.2074,0.663518,-1.11166,0.0112045,0.0150173,0.0143512,0.000666059,0.930803,26.3655,0.192073,0.0250009,0.144071,90.4403,3.52888
2,6.3527796,0.6675358,-1.5872916,0.016993888,-0.027020678,-0.028825868,0.00180519,10.302758,27.657245,-0.3881344,0,0.14407067,3857.4538,4.9288385
0,34.6966,0.258007,-1.18357,0.0208738,0.0192175,0.0188448,0.000372706,0.848297,10.2084,0.0980724,0.0337972,0.144071,96.7676,3.60549
1,0.25693,0.52513,-1.9663,0.020015,,,,,,,,,,
0,6.18743,0.887196,-0.833085,0.00900197,0.000624802,0.000512645,0.000112157,0.954429,35.7687,0.00917406,0.000868901,0.144071,3.34122,3.06391
0,36.4885207,0.6528902974,-1.718619092,0.01415478239,0.9825550524,0.6787634285,0.3037916239,0.02867095651,0.4594783458,8.938894668,0,0.1440706667,124414.5715,28.64888477
0,7.3514173,0.93518057,-1.5673814,0.014665053,0.64219461,0.020568643,0.62162597,2.4868967,13.498873,0.38799514,0,0.14407067,6039.7203,5.3557264
0,6.71996,0.791026,-0.956119,0.0105283,0.00228601,0.0021218,0.000164215,0.948139,31.8384,0.0338548,0.00360815,0.144071,14.5399,3.26468
0,44.93205,0.7083945,-1.255281,0.01598415,0.0638929,0.05413557,0.009757335,0.9019451,26.75198,0.7735405,0.1108708,0.1440707,599.1286,3.868426
0,6.22393,0.700226,-0.755915,0.0142247,0.00018002,0.000120477,5.95428e-05,0.94334,28.2433,0.00170164,0.00020407,0.144071,0.990614,2.92381
0,14.8368,0.314047,-1.0637,0.0199415,0.00453918,0.0044224,0.000116785,0.879301,12.6117,0.0280142,0.00758586,0.144071,24.7308,3.40152
2,45.9245036,0.3117723149,-1.653712166,0.01806257925,-1.033615398,-1.314484207,0.2808688087,-0.3814277378,25.57770271,-8.266431866,0,0.1440706667,-226161.083,-42.38478263
0,19.4867163,0.6201790385,-1.812081066,0.009914217281,0.927218881,0.7181419784,0.2090769026,0.1602003595,1.82092047,8.983644706,0,0.1440706667,293122.0108,61.54662709
2,27.6159659,0.917183,-1.5797052,0.0234197438,0.16510823,-0.401925905,0.567034135,1.6680572,30.8916669,-7.43579085,0,0.144070667,24140.9957,8.95421732
0,6.31808,0.470509,-0.851065,0.00935786,0.000716383,0.000621147,9.52361e-05,0.917656,18.9676,0.00589505,0.001053,0.144071,2.32153,3.06298
0,54.5355,0.274846,-1.16816,0.0085098,0.0387601,0.0379853,0.000774841,0.843498,10.658,0.210586,0.0680157,0.144071,83.3601,3.57981
0,3.2735501,0.907502373,-1.78130471,0.0206384262,0.384899389,0.33392444,0.050974949,5.70653481,22.5189996,6.11253201,0,0.144070667,68535.1445,17.8300544
0,35.3648215,0.6615836884,-1.813971283,0.01875798601,0.9988279096,0.7004138846,0.2984140251,0.002214025531,0.03128247082,9.346837797,0,0.1440706667,373322.2126,77.13452212
0,5.37146,0.742562,-0.680233,0.0246232,5.94121e-05,2.63334e-05,3.30788e-05,0.946469,29.9545,0.000394425,4.45952e-05,0.144071,0.396118,2.80092
2,13.122503,0.23801958,-1.5526386,0.011385266,0.0038667363,-0.1907216,0.19458834,2.0901101,9.565007,-0.91566737,0,0.14407067,4213.5818,4.9678772
0,42.2023,0.234121,-1.16221,0.0168997,0.0296697,0.0177074,0.0119622,0.835335,9.16464,0.0836222,0.031726,0.144071,67.0481,3.5595
0,35.0420995,0.4804244132,-1.758906898,0.01499322146,0.9983179006,0.7134689726,0.284848928,0.002954727057,0.03260107251,6.913935601,0,0.1440706667,143716.3703,32.4446792
2,1.3916522,0.368640048098103,-1.950288149461383,0.02345872185424939,-38.61695394608986,-38.61696488756188,1.094147202707063e-05,-1.28101189109873e-08,589.167471244146,-287.1480172464697,0,0.1440706666666666,-6999826282871588,-1359252679464.164
0,52.2555,0.484091,-1.09486,0.0163807,0.00826525,0.00798604,0.00027921,0.914956,19.3677,0.0779801,0.0137811,0.144071,54.4667,3.47903
0,18.090397,0.41543892,-1.4957918,0.019224395,0.99954156,0.01100607,0.98853549,-0.00053532386,0.0076832656,0.092228392,0,0.14407067,-6367.19,0.32114452
0,5.67101,0.744471,-0.715368,0.0199226,9.28942e-05,5.11056e-05,4.17886e-05,0.946578,30.0305,0.000767435,8.65527e-05,0.144071,0.623549,2.85941
0,40.8508302,0.8178879711,-1.706332544,0.01420634396,0.9825315943,0.7031008645,0.2794307298,0.02984941448,0.5763711799,11.59942933,0,0.1440706667,128019.1616,29.33801864
0,169.0517,0.9998203,-1.258616,0.01240017,0.08922709,0.06938665,0.01984044,0.9001057,36.73561,1.399339,0.1491694,0.1440707,860.4756,3.94111
0,49.793794,0.32929542,-1.3792938,0.019160725,0.16577817,0.12447377,0.041304393,0.77877699,11.082109,0.82677764,0.45487415,0.14407067,1413.6758,4.1947202
2,0.641356,0.28907588,-1.5977518,0.015494159,-3.6966725e-05,-3.6966777e-05,5.1430464e-11,10.993218,11.662269,-0.00021555029,0,0.14407067,1743.6321,4.4880292
0,4.78794,0.639115,-0.531029,0.0155516,5.63292e-05,6.13466e-06,5.01945e-05,0.938347,25.7816,7.90851e-05,1.0388e-05,0.144071,0.0505929,2.5459
0,11.2019438,0.568170448,-1.64000136,0.00854902174,0.307283306,0.0542546665,0.253028639,2.08740313,15.8777683,0.621785957,0,0.144070667,21511.304,8.49794392
0,5.57735,0.873928,-0.679633,0.0204916,7.18217e-05,3.13997e-05,4.0422e-05,0.954134,35.2533,0.000553511,5.31753e-05,0.144071,0.458895,2.80789
0,4.69346,0.725908,-0.590557,0.0208041,4.80955e-05,9.85108e-06,3.82445e-05,0.945317,29.283,0.000144242,1.66814e-05,0.144071,0.122534,2.6509
0,6.72381,0.312876,-0.642872,0.0233865,4.63367e-05,1.71593e-05,2.91775e-05,0.881704,12.6214,0.000108292,2.90567e-05,0.144071,0.110875,2.69807
0,30.043868,0.64038409,-1.3372023,0.023587318,0.10130023,0.073146631,0.028153602,0.87133975,23.217226,0.94484383,0.21518888,0.14407067,1541.5532,4.18191
0,38.9629,0.206535,-1.13128,0.011367,0.0189435,0.0181043,0.000839175,0.819974,8.17417,0.0754226,0.0317063,0.144071,40.9519,3.49818
2,9.987479,0.9992506,-1.506416,0.02137562,0.1249483,-0.006456126,0.1314045,29.84938,35.2747,-0.1301283,0,0.1440707,600.9165,4.120061
0,4.8091,0.544627,-0.514973,0.0217027,3.88146e-05,3.57676e-06,3.52378e-05,0.928433,21.9704,3.92929e-05,6.05654e-06,0.144071,0.0354537,2.51157
0,14.1574,0.801846,-0.995603,0.0229497,0.00171946,0.00161441,0.000105045,0.949151,32.2923,0.0261114,0.00274869,0.144071,24.4627,3.33282
0,4.9681,0.490268,-0.551276,0.0143973,6.08656e-05,8.59465e-06,5.2271e-05,0.921112,19.7771,8.49936e-05,1.45536e-05,0.144071,0.0512788,2.56684
0,32.6344273,0.7309766369083119,-1.698208665863371,0.0225078130688842,0.5406183860857923,0.1061040888643295,0.4345142972214628,-2.017011087877067e-10,13.54666127901468,1.564446756930916,0,0.1440706666666666,-401156570574539.7,-77898096524.08501
1,0.31901,0.79041,-1.8398,0.014639,,,,,,,,,,
0,50.3758,0.80249,-1.03779,0.0125742,0.00533423,0.00504312,0.000291108,0.946842,32.2012,0.0816326,0.00862483,0.144071,42.04,3.40624
0,0.4411005,0.9387893509953862,-1.760920208748318,0.02322469909379644,0,0,0,-6.73842419986505e-55,37.87244301108485,0,0,0.1440706666666666,-7.512558046658267e+59,-1.45881686800456e+56
2,1.0283383,0.52383901617,-1.8975501264,0.0086941799081,-0.1037384584,-0.11024710815,0.0065086497506,-1.0484763869,23.3248674,-1.1649042213,0,0.14407066667,-1719752.653,-332.2764304
0,46.9384,0.5707031,-1.192421,0.01391845,0.03262211,0.03099746,0.001624648,0.9104107,22.27212,0.3568302,0.05678774,0.1440707,220.3977,3.680637
0,32.8551559,0.3090599013,-1.836734586,0.02423664999,0.8479794882,0.5952388633,0.2527406249,0.2351478629,1.895396254,3.71072791,0,0.1440706667,285304.2522,60.05180975
0,52.54986,0.9902193,-1.16947,0.01987723,0.01814719,0.01651051,0.001636679,0.9474151,39.22229,0.3297745,0.02961123,0.1440707,277.7425,3.680704
0,4.98855,0.476812,-0.519434,0.0188388,4.40688e-05,4.36351e-06,3.97053e-05,0.919078,19.2346,4.19671e-05,7.38875e-06,0.144071,0.0332041,2.51267
0,6.42499,0.83628,-0.921039,0.0103319,0.00151715,0.00137989,0.000137254,0.951232,33.6859,0.0232767,0.00234299,0.144071,9.77124,3.20825
0,9.1514432,0.3282028093,-1.574451523,0.02348907597,0.3212259284,0.04719039157,0.2740355368,-0.08451222302,8.987164782,0.312407208,0,0.1440706667,-129574.8118,-23.67993723
0,27.9219661,0.5822134142,-1.793824719,0.01193513175,0.9962806092,0.7307293733,0.2655512359,0.007580778553,0.08735930875,8.581514546,0,0.1440706667,235057.586,50.24185853
0,53.06413,0.8371503,-1.202052,0.01246196,0.04280163,0.03864006,0.004161576,0.924034,32.32664,0.6524788,0.07177623,0.1440707,356.6785,3.741467
0,6.47903,0.305006,-0.965607,0.0221612,0.00118908,0.00113895,5.01276e-05,0.878314,12.2899,0.00700711,0.00193632,0.144071,6.84393,3.23395
1,0.46623,0.78332,-1.9571,0.015783,,,,,,,,,,
0,36.106329,0.35745999,-1.512168,0.017049206,0.46205882,0.31624002,0.1458188,0.56747614,7.7574216,2.2801816,2.8172843,0.14407067,7484.1407,5.5920139
0,12.6072,0.92662,-0.672059,0.0223513,6.33201e-05,2.6119e-05,3.7201e-05,0.956632,37.3791,0.000488185,4.42311e-05,0.144071,0.440304,2.79818
0,53.21334,0.6187609,-1.203456,0.01598143,0.03296273,0.03092008,0.002042648,0.9150733,24.13911,0.3859123,0.05698865,0.1440707,273.8462,3.713208
0,6.33754,0.431927,-0.936873,0.0239804,0.000776451,0.000728609,4.78419e-05,0.910953,17.4112,0.0063479,0.00123716,0.144071,6.46328,3.2022
0,6.416,0.20482,-0.90073,0.021593,0.00063018,0.00050906,0.00012111,0.82961,8.2575,0.0021031,0.00086361,0.14407,2.1157,3.1078
0,29.6801412,0.800780401,-1.775184552,0.009944835333,0.9960515209,0.7357717355,0.2602797854,0.008325136059,0.1275552807,11.88452165,0,0.1440706667,245981.7198,52.34684203
0,6.94509,0.447578,-0.657282,0.019541,6.30837e-05,2.4711e-05,3.83727e-05,0.914235,18.0549,0.000223092,4.1846e-05,0.144071,0.184067,2.73854
0,5.01107,0.633106,-0.604339,0.0213193,4.83071e-05,1.14745e-05,3.68325e-05,0.937804,25.5394,0.000146533,1.94305e-05,0.144071,0.128586,2.66716
0,15.344722,0.8853998,-1.3619079,0.021942464,0.33178804,0.056124387,0.27566365,1.7409015,23.867604,1.0023426,0,0.14407067,1089.4037,4.1009775
0,17.105851,0.53782488,-1.4492361,0.022392331,0.57427611,0.20325325,0.37102286,0.95498045,9.236854,2.2049744,0,0.14407067,2359.6077,4.4746705
0,34.012129,0.96546002,-1.3295935,0.024787843,0.094181434,0.064504702,0.029676732,0.89538378,35.280171,1.256177,0.18570098,0.14407067,2067.3391,4.2914796
0,2.7686721,0.85094767,-1.46157944,0.01547985929,0.6835224431,0.006828527384,0.6766939157,-0.005213604506,10.86427968,0.1172074127,0,0.1440706667,-595702.5574,-114.3856369
0,32.888161,0.79803621,-1.328399,0.011796461,0.17783151,0.12680582,0.051025692,0.8290849,26.469064,2.0412065,0.38427114,0.14407067,1649.5535,4.1975579
0,4.98972,0.803923,-0.611925,0.022686,4.7406e-05,1.18868e-05,3.55192e-05,0.950358,32.4301,0.000192755,2.01288e-05,0.144071,0.177613,2.69135
2,1.0901624,0.65357129784,-1.8799744375,0.013080894746,-0.099728848093,-0.10124649751,0.0015176494137,-1.6000443174,28.995710519,-1.3347445317,0,0.14407066667,-1117795.0294,-215.3814667
0,6.52492,0.356942,-0.973477,0.0127766,0.0022825,0.00218372,9.87858e-05,0.893368,14.3668,0.0157224,0.00371587,0.144071,8.70251,3.25453
0,5.93544,0.646328,-0.661553,0.0083668,0.00015616,6.09638e-05,9.51959e-05,0.938929,26.07,0.000794787,0.000103244,0.144071,0.273381,2.76316
1,0.2558,0.72698,-1.8899,0.012061,,,,,,,,,,
0,70.542223,0.83951133,-1.4012704,0.019619848,0.23065458,0.15119183,0.079462745,0.79307772,26.055721,2.5602364,0.58911868,0.14407067,4328.3573,4.8401774
0,6.53373,0.736228,-0.934042,0.0220292,0.000830401,0.000764849,6.55519e-05,0.945536,29.6761,0.0113583,0.00129865,0.144071,10.2343,3.22372
0,4.80202,0.608877,-0.510657,0.0191573,4.43237e-05,3.83343e-06,4.04903e-05,0.935492,24.5621,4.70806e-05,6.49118e-06,0.144071,0.0372152,2.50975
0,28.9489939,0.246149428,-1.68134762,0.0153936036,0.432879317,0.327615768,0.105263549,-0.354082561,5.63156995,1.62663007,0,0.144070667,-76499.1183,-13.2395252
0,6.55072,0.626962,-0.941998,0.0149429,0.00134201,0.00124823,9.37832e-05,0.936401,25.2588,0.0157856,0.00212049,0.144071,9.7423,3.22905
0,6.23877,0.900542,-0.863462,0.0088289,0.000898092,0.000771803,0.000126289,0.95489,36.2969,0.0140196,0.00130875,0.144071,5.00628,3.11538
2,36.8763592,0.4211363193282793,-1.570858369468414,0.01434114996362844,-624.222009901139,-624.3118721449634,0.08986224382442742,-2.722282992804203e-05,10622.14245536492,-5303.339883658256,0,0.1440706666666666,-453996022669.5704,-88158660.0035526
1,0.34495,0.69086,-1.9241,0.014299,,,,,,,,,,
0,7.3804177,0.566742654663,-1.62880013879,0.00895558852054,0.000216411304614,0.000187351366067,2.9059938547e-05,-0.00135750723879,22.8584653533,0.00214174585308,0,0.144070666667,-41238525.8845,-8006.61293137
0,28.47467,0.5627512,-1.3446459,0.022532643,0.11978687,0.086834689,0.032952182,0.85113895,19.982943,0.98567753,0.24786179,0.14407067,1494.5761,4.1786412
0,6.03686,0.731251,-0.748652,0.0176106,0.000136877,8.86487e-05,4.82279e-05,0.945637,29.4959,0.00130757,0.000150151,0.144071,0.940109,2.91385
0,6.02944,0.957674,-0.731333,0.0196827,0.0001074,6.34994e-05,4.39009e-05,0.957949,38.6301,0.00122663,0.000107548,0.144071,0.97299,2.8983
0,6.13728,0.794555,-0.666758,0.0122103,0.000111565,4.46632e-05,6.69018e-05,0.94976,32.0502,0.000715812,7.56371e-05,0.144071,0.355234,2.78183
0,6.23169,0.847228,-0.822465,0.0101596,0.000492066,0.000396374,9.56922e-05,0.952485,34.1619,0.00677377,0.000671726,0.144071,2.78989,3.04391
0,12.1370214,0.3830056728,-1.821744198,0.02091174241,0.2910823566,0.2447486129,0.04633374368,1.492599684,10.95358185,1.890821866,0,0.1440706667,214258.9667,46.2262633
0,6.08693,0.599516,-0.916107,0.012621,0.00115567,0.00106064,9.50282e-05,0.933838,24.1576,0.012826,0.00180031,0.144071,6.69974,3.18333
1,0.34391,0.66287,-1.9923,0.022543,,,,,,,,,,
0,19.5277,0.282156,-0.699843,0.00911972,0.00016442,9.14633e-05,7.29567e-05,0.870423,11.3808,0.000520549,0.000154897,0.144071,0.210526,2.78801
0,41.65664,0.337285,-1.242354,0.02211624,0.03655409,0.0352624,0.001291691,0.8663386,13.1093,0.2399021,0.06787054,0.1440707,258.8939,3.746317
0,30.68171,0.3914529,-1.182531,0.01055417,0.03747498,0.03636915,0.001105829,0.8793703,15.20011,0.2871692,0.06595522,0.1440707,137.1468,3.630206
0,5.15583,0.59898,-0.617523,0.0176621,6.06455e-05,1.64062e-05,4.42393e-05,0.934486,24.1625,0.000198219,2.77819e-05,0.144071,0.144614,2.68638
0,51.36835,0.5830163,-1.261435,0.01314767,0.08033063,0.07043347,0.009897162,0.8801139,21.63055,0.8282949,0.1458758,0.1440707,537.2768,3.856969
0,2.5770013,0.90532538,-1.6343213,0.018411394,0.23635444,0.077226249,0.15912819,13.519579,27.890204,1.4102458,0,0.14407067,5423.5834,5.2974937
0,6.06147,0.486503,-0.796252,0.0205925,0.000179673,0.000139698,3.99749e-05,0.920475,19.6229,0.00137088,0.000236662,0.144071,1.1842,2.97336
0,14.9045275,0.455562992,-1.66813894,0.0127858669,0.0281528957,0.0181466648,0.0100062309,2.36682053,17.8608263,0.166751759,0,0.144070667,30632.5962,10.3154514
0,49.78522,0.9495355,-1.18791,0.0116692,0.03885704,0.03496288,0.003894158,0.9319873,36.81751,0.6696434,0.06391989,0.1440707,335.8604,3.720192
0,18.2223,0.90714,-1.08722,0.0179728,0.00700766,0.00659789,0.000409778,0.951217,36.3392,0.120727,0.0113861,0.144071,89.1098,3.50341
2,11.8715368,0.68206919109,-1.567225207,0.020196828398,-0.0011060822679,-0.052901025034,0.051794942766,-0.011095606948,27.546327028,-0.72780945073,0,0.14407066667,-2756883.614,-534.0250071
0,6.18902,0.756481,-0.910658,0.019532,0.000705007,0.00063922,6.57869e-05,0.946984,30.4963,0.0097538,0.00108466,0.144071,7.77649,3.18575
0,6.01525,0.639264,-0.78387,0.0144482,0.000229295,0.000169833,5.94618e-05,0.938249,25.7831,0.00218992,0.000287709,0.144071,1.30203,2.96587
0,0.4131057,0.3162777934,-1.893819414,0.01651628594,0,0,0,8.146889486,12.75921238,0,0,0.1440706667,115405.3444,27.07077702
0,6.27412,0.772812,-0.897543,0.0150057,0.000784259,0.000703202,8.1057e-05,0.947986,31.1522,0.0109617,0.00119295,0.144071,6.70508,3.16481
0,20.1246745,0.83588685449,-1.9340053012,0.019480241338,0.88446636614,0.63999647389,0.24446989225,0.2658677391,3.8959295495,10.790715616,0,0.14407066667,1809314.7691,356.18210405
0,6.3453,0.23695,-0.94031,0.014036,0.0013618,0.0013005,6.1321e-05,0.84871,9.5461,0.0062159,0.0022091,0.14407,3.9752,3.1802
0,12.1511,0.830143,-1.00415,0.0170072,0.00258615,0.00242924,0.000156901,0.950201,33.4029,0.0406771,0.00413956,0.144071,28.2094,3.34942
0,33.5777,0.606754,-1.06959,0.019316,0.00513676,0.00492204,0.000214719,0.932006,24.3518,0.0602398,0.00844753,0.144071,48.5955,3.44676
2,22.3388192,0.366996461,-1.53914596,0.0238354689,-91.5949874,-171.410232,79.8152448,78.1927894,1370.89603,-1268.88946,0,0.144070667,13573.9131,6.83211805
0,6.2208,0.831896,-0.751664,0.0128769,0.000193241,0.000126013,6.72276e-05,0.951851,33.5537,0.00211451,0.000213447,0.144071,1.10436,2.92517
0,5.27133,0.66908,-0.700352,0.0155803,0.000105937,5.38873e-05,5.205e-05,0.940912,26.989,0.000727259,9.12617e-05,0.144071,0.464879,2.82927
0,4.61762,0.94752,-0.566176,0.021921,4.38561e-05,6.83537e-06,3.70208e-05,0.95756,38.223,0.00013064,1.15746e-05,0.144071,0.115442,2.62345
0,14.4523742,0.644821089,-1.52353289,0.0177391222,0.416095247,0.0559576593,0.360137587,-0.528345312,15.1892528,0.727819928,0,0.144070667,-18213.32,-2.00544337
0,30.754549,0.3615873,-1.4920351,0.017875898,0.7069185,0.071098484,0.63582001,0.47758056,4.275203,0.51855959,0,0.14407067,3784.1833,4.8183687
2,0.8128919999999999,0.777310779446472,-1.962570268114431,0.01502926864973191,0.05043180313074193,0.05043180313074196,-3.469446951953614e-17,-1.164967821229651e-05,29.77666241340581,0.7907229737024389,0,0.1440706666666666,-455490038586.3657,-88448773.25997764
0,12.6116732,0.47923159,-1.58258332,0.00913386723,0.543395107,0.543393382,1.72561224e-06,1.17239263,8.8275699,5.25272849,0,0.144070667,10184.7003,6.20266499
1,0.65731,0.77497,-1.9651,0.021011,,,,,,,,,,
0,5.3074,0.793572,-0.688163,0.0221076,6.97118e-05,3.24742e-05,3.72376e-05,0.949729,32.0119,0.000519816,5.49955e-05,0.144071,0.467108,2.81733
0,6.7142,0.963311,-0.926106,0.0217784,0.000770643,0.000698822,7.18211e-05,0.957752,38.8318,0.0135787,0.00118629,0.144071,11.9396,3.22403
0,37.34006,0.2185009,-1.207894,0.02040586,0.02632452,0.02586405,0.0004604643,0.8229368,8.582673,0.1139921,0.04725043,0.1440707,114.6183,3.641975
0,11.71485,0.9846009,-1.10479,0.02074123,0.007623036,0.007128387,0.0004946494,0.9541389,39.41777,0.1415718,0.01236413,0.1440707,120.758,3.542744
0,38.98594,0.2327995,-1.300751,0.01961554,0.07898175,0.07571211,0.003269637,0.7984421,8.649786,0.3555269,0.1620145,0.1440707,392.422,3.852014
2,30.73753,0.90256744,-1.4583027,0.013116899,0.62345431,-0.87464332,1.4980976,2.0596303,13.710475,-15.9234,0,0.14407067,1824.5278,4.366619
0,43.62573,0.2366743,-1.316455,0.01859172,0.09667423,0.09071163,0.005962606,0.7893836,8.624833,0.4330512,0.2091419,0.1440707,484.2399,3.896351
0,0.4616018,0.265375101068378,-1.963910694537444,0.008454892135246049,0,0,0,-2.416889420868988e-24,10.70570664347301,0,0,0.1440706666666666,-8.030689782886469e+29,-1.559429643568326e+26
0,4.89645,0.549084,-0.506723,0.00857232,9.73542e-05,8.14455e-06,8.92097e-05,0.928935,22.1489,9.0205e-05,1.37916e-05,0.144071,0.0321303,2.49827
0,5.02565,0.521791,-0.543849,0.0243972,3.57592e-05,4.61047e-06,3.11488e-05,0.925537,21.0492,4.85251e-05,7.80694e-06,0.144071,0.0493742,2.55747
0,20.51596,0.4457423,-1.176306,0.01360499,0.02706371,0.0261552,0.0009085034,0.8966961,17.49538,0.235162,0.0472334,0.1440707,142.9101,3.627215
0,0.8121338,0.734324636,-1.84502369,0.0154067136,0.759976267,0.00127620345,0.758700064,-20.7682698,7.11045595,0.0189031067,0,0.144070667,-13479.9016,-0.74933579
0,0.4332886,0.7987730769296231,-1.754140041660844,0.01018452982286572,0,0,0,-1.435607033226833e-28,32.22393586242833,0,0,0.1440706666666666,-2.750065765505142e+33,-5.34018146938022e+29
0,15.4085987,0.439872452,-1.59961204,0.0103057134,0.0952724864,0.089701501,0.00557098534,1.92031982,16.0546088,0.795887429,0,0.144070667,14073.4359,6.99144027
0,6.37641,0.458651,-0.952491,0.0213684,0.00105847,0.000998663,5.9802e-05,0.915499,18.4832,0.00923903,0.00169681,0.144071,8.34378,3.23131
0,27.7299324,0.259816679,-1.64276236,0.0135933861,0.706127095,0.517098789,0.189028307,0.411313009,3.08022002,2.70997771,0,0.144070667,21942.9482,8.58554406
0,6.42716,0.967056,-0.756599,0.00910883,0.000287302,0.000189787,9.75152e-05,0.958222,39.0016,0.00370206,0.000321491,0.144071,1.35858,2.9408
0,5.25413,0.581024,-0.622661,0.0114797,9.47552e-05,2.69634e-05,6.77918e-05,0.932577,23.4373,0.000316005,4.56602e-05,0.144071,0.150152,2.69345
2,31.8514516,0.34884085936,-1.8245176744,0.024753338173,-11.108522041,-11.604952014,0.4964299733,-4.1851135305,170.40159301,-81.657460067,0,0.14407066667,-1231868.329,-237.59310024
1,0.24079,0.954,-1.8933,0.022417,,,,,,,,,,
0,6.11991,0.862145,-0.891612,0.0115807,0.000950867,0.000844352,0.000106515,0.952966,34.7474,0.0146835,0.00143239,0.144071,6.89416,3.16034
0,21.0528889,0.7752420488,-1.877590392,0.009764174813,0.901803436,0.6331465862,0.2686568498,0.2286186539,3.071063374,9.900719594,0,0.1440706667,803596.9432,160.7899046
0,9.156386,0.457664,-1.164198,0.02112284,0.01515139,0.01464358,0.0005078084,0.906356,18.18324,0.1351821,0.02604049,0.1440707,125.7799,3.60522
1,0.22954,0.26112,-1.9349,0.015445,,,,,,,,,,
0,11.9332,0.943556,-0.998923,0.0208277,0.00198905,0.00185564,0.000133414,0.956122,37.989,0.0353171,0.00316073,0.144071,29.8133,3.34734
0,46.30873,0.9762887,-1.155572,0.01548944,0.01938265,0.0178452,0.001537452,0.9460627,38.62184,0.3514187,0.03178693,0.1440707,229.1051,3.64747
2,13.591384,0.594289038,-1.71648358,0.0164857829,0.305864569,-0.0343996463,0.340264215,1.84049504,16.6416774,-0.41236032,0,0.144070667,68296.4249,17.7186986
0,5.2991833,0.28776523,-1.5001985,0.02193199,0.19727396,0.0060687927,0.19120517,2.9478454,9.3188182,0.0352262,0,0.14407067,1484.0789,4.3317933
0,6.52161,0.250771,-1.00272,0.0121421,0.00343846,0.00333774,0.000100717,0.854543,10.0818,0.0168832,0.00569249,0.144071,9.29468,3.28726
0,20.1481,0.674857,-1.03172,0.0157389,0.00392097,0.00373004,0.000190929,0.938926,27.1182,0.0507751,0.00637375,0.144071,33.0244,3.38602
0,29.4773,0.901861,-1.05861,0.0111208,0.00787867,0.00742047,0.000458204,0.950403,36.096,0.134988,0.0127429,0.144071,61.3465,3.45023
0,14.8831,0.835449,-1.01446,0.0239269,0.00209392,0.00196999,0.000123927,0.950812,33.633,0.0331979,0.00335908,0.144071,32.4052,3.36767
0,6.2504,0.748818,-0.825459,0.0104122,0.000493253,0.000401805,9.14472e-05,0.946612,30.1938,0.006069,0.000681126,0.144071,2.5784,3.04282
0,23.1176,0.589727,-1.05279,0.0175884,0.00455565,0.00436427,0.000191378,0.93064,23.6823,0.0519144,0.0074763,0.144071,38.141,3.41548
0,7.1246032,0.85274620244,-1.6308074198,0.0093608758164,0.017299421495,0.014881615347,0.0024178061481,-0.081280072926,33.806185633,0.25597351927,0,0.14407066667,-1045220.243,-201.53433853
0,72.570052,0.89996241,-1.3644103,0.013725661,0.24165474,0.16699115,0.074663593,0.78812024,27.532555,3.0313982,0.52449712,0.14407067,2866.6042,4.4982959
0,7.68907,0.698643,-0.997837,0.0230427,0.00175134,0.0016541,9.72366e-05,0.942205,28.1351,0.02331,0.00281729,0.144071,22.0956,3.32936
0,23.2540772,0.312446314,-1.65721434,0.00875990042,0.612671655,0.336733238,0.275938417,0.701255094,4.88213576,2.12220123,0,0.144070667,24560.6094,9.11409408
2,38.9935465,0.969685340586,-1.5192849733,0.00916370856419,-34.589880292,-35.2246686378,0.634788345797,-0.0712716220631,1392.23492317,-688.974132988,0,0.144070666667,-11718436.7815,-2274.33550893
0,28.0254,0.595386,-1.0996,0.0142836,0.0101083,0.00970304,0.00040523,0.927654,23.7761,0.116528,0.0167958,0.144071,70.086,3.49976
0,15.2571338,0.609433274,-1.69334753,0.0150779193,0.676628224,0.446531108,0.230097116,0.728015962,7.95029861,5.48912413,0,0.144070667,61279.4514,16.3274096
0,4.6255,0.929587,-0.600236,0.0213944,4.88598e-05,1.08473e-05,3.80125e-05,0.956773,37.4994,0.000203394,1.83685e-05,0.144071,0.17556,2.67906
0,5.99776,0.256079,-0.738621,0.00844564,0.000239216,0.000162507,7.67088e-05,0.859049,10.3282,0.000839402,0.000275239,0.144071,0.318557,2.84809
1,0.24225,0.55237,-1.8331,0.011407,,,,,,,,,,
0,6.23537,0.923081,-0.736222,0.0122709,0.000178862,0.00010845,7.04115e-05,0.956398,37.2321,0.00201927,0.000183689,0.144071,1.00018,2.90461
2,1.4052424,0.441422896932171,-1.941941425757626,0.01265473144148786,-1829383.140468455,-1829384.133512052,0.9930435963906348,-0.0007594158970969155,32577288.39056288,-16288644.13334235,0,0.1440706666666666,-5865096538053081,-1138906576034.842
0,19.5845,0.430952,-1.05707,0.0125367,0.00668127,0.00646109,0.00022018,0.907028,17.2692,0.0561643,0.0110822,0.144071,30.1507,3.40613
0,37.7434375,0.894572329,-1.63799927,0.0208433182,0.799586571,0.3839595,0.415627072,0.270600282,7.23264992,6.92828984,0,0.144070667,73668.9194,18.6873564
1,0.33435,0.74118,-1.8522,0.008976,,,,,,,,,,
0,6.08909,0.910461,-0.793987,0.0164674,0.000226184,0.000169676,5.65074e-05,0.955791,36.7213,0.00311607,0.000287459,0.144071,2.07297,3.00003
0,48.46168,0.8792794,-1.242972,0.01067895,0.08405834,0.06979224,0.01426611,0.8983632,32.49001,1.237825,0.1416804,0.1440707,623.6969,3.862952
0,32.6191378,0.7398221067,-1.839441,0.02089912317,0.9944079495,0.7118051654,0.2826027841,0.01105048274,0.1668989319,10.62217886,0,0.1440706667,553501.9444,112.1682076
0,32.538923,0.4128461,-1.3535165,0.023456458,0.11529275,0.087292699,0.02800005,0.83255934,14.734756,0.7269278,0.26683549,0.14407067,1262.6155,4.1338028
0,7.58477,0.687326,-0.98373,0.0200916,0.00168217,0.00158394,9.82361e-05,0.941371,27.6813,0.0219597,0.00269561,0.144071,18.1524,3.30439
0,20.9545,0.673154,-1.03429,0.0132142,0.00482202,0.0045892,0.000232818,0.938205,27.0253,0.0623127,0.00784669,0.144071,34.0437,3.39035
2,41.1016266,0.313634176,-1.65058711,0.0226224416,-9.08987876,-9.31066647,0.220787716,12.9157968,127.662838,-58.9019023,0,0.144070667,32024.2485,10.5704188
0,0.4551876,0.3907693060698411,-1.984496220038822,0.0189820016979592,0,0,0,-1.833933829746241e-53,15.76433335009566,0,0,0.1440706666666666,-2.030118918366205e+59,-3.942161516455978e+55
0,24.33483,0.9392163,-1.144174,0.01829649,0.0141627,0.01316035,0.001002343,0.9479634,37.35305,0.2493207,0.02324526,0.1440707,191.0179,3.619334
0,15.615,0.280931,-1.07631,0.00975555,0.0108232,0.0105768,0.000246419,0.863352,11.2106,0.0599347,0.0182333,0.144071,26.3267,3.41766
0,6.05546,0.80919,-0.726524,0.0195709,0.00010314,6.00377e-05,4.31023e-05,0.950628,32.6408,0.000979941,0.000101683,0.144071,0.778842,2.88202
0,24.4113974,0.6826536803,-1.805428858,0.01785764337,0.7541324602,0.508126476,0.2460059841,0.5604642119,6.771062113,6.99676731,0,0.1440706667,286036.1137,60.16275127
2,2.0190981,0.2630847286,-1.889580302,0.01488090139,0.1002545928,-0.8599249677,0.9601795605,-1.762467876,9.549275953,-4.563324664,0,0.1440706667,-378090.2344,-71.6774951
0,5.20389,0.296574,-0.539603,0.0101028,7.63631e-05,1.05428e-05,6.58203e-05,0.875991,11.9634,6.30689e-05,1.78522e-05,0.144071,0.0280755,2.52421
1,0.34456,0.57195,-1.9719,0.012989,,,,,,,,,,
0,34.2271604,0.7276028134,-1.780696344,0.01682353878,0.7144379365,0.305513153,0.4089247836,0.5195027739,8.382046144,4.483833241,0,0.1440706667,278038.6301,58.58358012
0,6.25919,0.549767,-0.81466,0.0172658,0.000261338,0.000211024,5.03146e-05,0.928912,22.1728,0.0023401,0.000357553,0.144071,1.67962,3.00982
1,0.24104,0.84184,-1.8531,0.022735,,,,,,,,,,
0,31.0878677,0.4522269972,-1.777347063,0.01000166069,0.761831533,0.6311125281,0.130719005,0.51542673,4.345061351,5.756896973,0,0.1440706667,139151.5856,31.57505374
0,19.6667369,0.382405766,-1.65767541,0.0143270231,0.499008415,0.401913397,0.0970950181,0.91028314,7.72876369,3.10014555,0,0.144070667,30130.8147,10.2067014
0,6.01213,0.852136,-0.785558,0.0178225,0.000191608,0.000140697,5.09113e-05,0.952939,34.3701,0.00241835,0.000238349,0.144071,1.74637,2.98273
1,0.4923,0.70657,-1.8875,0.022654,,,,,,,,,,
0,17.0294,0.94879,-1.00627,0.0188312,0.00241356,0.00225433,0.000159222,0.95607,38.1835,0.0431433,0.00384199,0.144071,32.935,3.36042
0,0.4684891,0.9665798924935809,-1.974582564727295,0.01655518213754975,0,0,0,-1.040889875746294e-36,38.99356320489789,0,0,0.1440706666666666,-7.789595024264096e+42,-1.512612953636425e+39
0,8.360923,0.5367816,-1.14066,0.01541824,0.01556836,0.0149846,0.0005837549,0.9175002,21.3176,0.1622438,0.02636708,0.1440707,107.6629,3.570173
0,50.06915,0.2795603,-1.251739,0.01263835,0.07010539,0.06814997,0.001955417,0.8256206,10.48732,0.3842964,0.1339847,0.1440707,245.1695,3.750238
0,50.95867,0.408146,-1.22489,0.01511341,0.04382711,0.04208212,0.001744996,0.8787908,15.74371,0.3464482,0.07936088,0.1440707,244.9221,3.723289
0,5.80727,0.262027,-0.654034,0.0100706,0.00010956,4.599e-05,6.357e-05,0.861883,10.5695,0.000243071,7.788e-05,0.144071,0.109628,2.70865
0,6.76362,0.834154,-0.958814,0.0146127,0.0017073,0.00158287,0.000124438,0.950992,33.5938,0.0266327,0.0026912,0.144071,15.8342,3.272
2,20.569404,0.32011152,-1.5150607,0.024267308,-0.1338079,-0.77707683,0.64326893,2.2001074,14.64185,-5.0175353,0,0.14407067,3781.4738,4.8408313
1,0.34115,0.5572,-1.9661,0.014263,,,,,,,,,,
0,36.061478,0.46727453,-1.3318033,0.022535198,0.096368072,0.075036742,0.021331331,0.85481448,17.034086,0.70724722,0.21014474,0.14407067,1075.6332,4.0675453
0,4.7166,0.849392,-0.515571,0.0148486,5.93391e-05,5.26801e-06,5.40711e-05,0.952881,34.264,9.02568e-05,8.92051e-06,0.144071,0.0542889,2.53407
0,5.97511,0.844297,-0.780049,0.0194445,0.00016634,0.000120154,4.61858e-05,0.95254,34.0548,0.00204625,0.000203541,0.144071,1.6128,2.97311
0,6.19879,0.490634,-0.915385,0.0152626,0.000941232,0.000869058,7.2174e-05,0.920606,19.7744,0.00860067,0.00147498,0.144071,5.51164,3.17235
2,1.0591125,0.9753201205,-1.873633269,0.0127712593,-1.953079054,-1.953079172,1.172841195e-07,-21.71408168,116.1923199,-38.42308245,0,0.1440706667,-304244.3485,-57.34260385
0,24.741333,0.3621372988,-1.831178504,0.009628353085,0.9958354825,0.7961356191,0.1996998634,0.00843705482,0.06084054705,5.815478883,0,0.1440706667,237660.6041,50.78524208
0,33.737365,0.95543527,-1.3082136,0.020224484,0.092051291,0.065467773,0.026583518,0.89644181,34.995947,1.2616939,0.17294523,0.14407067,1556.3921,4.156295
0,5.3858,0.398011,-0.616898,0.0128478,7.91304e-05,2.23737e-05,5.67567e-05,0.904568,16.0552,0.000179622,3.78872e-05,0.144071,0.0984766,2.666
0,15.7165,0.387248,-1.05572,0.0210365,0.00390845,0.00378866,0.00011979,0.899765,15.5612,0.0295938,0.00649072,0.144071,26.9165,3.39832
0,47.42599,0.4656676,-1.220453,0.01520061,0.0415292,0.03958554,0.001943657,0.8906556,18.0057,0.3718243,0.07453438,0.1440707,261.0689,3.725268
2,21.0232721,0.8344980887,-1.673569785,0.01313776836,-4.66063214,-5.127994943,0.4673628027,8.204669419,190.5660119,-86.31735125,0,0.1440706667,101094.5217,24.06479507
0,45.186153,0.82889293,-1.4125364,0.016887933,0.066372134,0.03659179,0.029780345,1.882003,31.219605,0.61179688,0,0.14407067,2525.7466,4.4737284
2,25.3532164,0.824234909,-1.57253196,0.0151276819,-0.0407736396,-0.974328518,0.933554879,2.02742953,34.6068806,-16.1987532,0,0.144070667,20292.0499,8.19071705
0,0.7460439,0.97124695553,-1.9401999618,0.0097826631456,0.16868954483,0.030773896956,0.13791564788,-4.1888136637,32.572273979,0.60288896693,0,0.14407066667,-1039638.3512,-200.14075805
1,0.44202,0.90767,-1.9297,0.018776,,,,,,,,,,
2,14.8155948,0.62554907019,-1.81422375353,0.0162709903518,-107.124922165,-200.266326107,93.141403942,-2.70827031626,2728.61559461,-2526.93740513,0,0.144070666667,-26706941.2093,-5184.60724163
0,6.24282,0.745386,-0.923154,0.0149759,0.00106942,0.000978396,9.10265e-05,0.946008,30.0381,0.0147103,0.00166097,0.144071,9.00261,3.206
0,5.9738,0.21463,-0.8452,0.017569,0.00034361,0.00030692,3.6692e-05,0.83625,8.6557,0.0013288,0.00052014,0.14407,1.0781,3.0175
0,5.96775,0.884548,-0.664309,0.0129103,0.00010488,4.09335e-05,6.39467e-05,0.954637,35.6805,0.000730341,6.93206e-05,0.144071,0.381266,2.78302
2,13.574262,0.22619142,-1.5411025,0.019420457,0.16843409,-0.01936117,0.18779526,-1.3501906,7.5880114,-0.088335015,0,0.14407067,-4461.8461,0.75471345
2,18.8300911,0.585330571,-1.72397154,0.0208552323,0.0420961011,-0.104260319,0.14635642,5.71003528,22.6192559,-1.23096422,0,0.144070667,32941.7196,10.8234126
1,0.48416,0.38683,-1.9915,0.020733,,,,,,,,,,
0,6.38638,0.344111,-0.969679,0.0155287,0.00178988,0.00171189,7.79899e-05,0.890183,13.8572,0.0118823,0.00291175,0.144071,8.02273,3.24642
0,23.983,0.527845,-1.06412,0.0242172,0.00380597,0.0036622,0.000143765,0.923918,21.2132,0.0389918,0.00628057,0.144071,39.8046,3.42933
0,5.88844,0.432295,-0.754729,0.0181072,0.000135813,9.3217e-05,4.25956e-05,0.911427,17.4372,0.000812832,0.000157889,0.144071,0.623443,2.89876
0,57.667841,0.4818016,-1.366439,0.023553614,0.12407047,0.089358511,0.034711957,0.8384535,17.025214,0.86841903,0.3137155,0.14407067,1710.1903,4.2492275
0,4.6336529,0.51556998,-1.5681465,0.012951173,0.6190504,0.3802395,0.2388109,2.8425711,7.9233769,3.9543037,0,0.14407067,3132.1597,4.7581508
0,5.28535,0.27407,-0.696048,0.013178,0.000110127,6.0286e-05,4.98415e-05,0.867144,11.0553,0.000333276,0.000102094,0.144071,0.195509,2.78041
0,0.4896031,0.5902704336547755,-1.868031884390574,0.01266186855258541,0,0,0,-1.205354798745493e-13,23.81256597767766,0,0,0.1440706666666666,-1.045275666614442e+19,-2029755729940946
0,44.43265,0.8424934,-1.247367,0.01758274,0.0560405,0.04617353,0.009866971,0.9152587,32.08301,0.7846658,0.09104792,0.1440707,639.6245,3.871735
2,19.7678393,0.3728031896508,-1.689799625266,0.02225311772137,-1.559175284564,-1.697913457764,0.1387381732003,-0.0008252142751887,38.48883966405,-12.76792551755,0,0.1440706666667,-250062536.8912,-48556.87893587
0,54.068759,0.20889875,-1.4634629,0.0083481618,0.58684653,0.3948015,0.19204503,0.42239213,3.4817888,1.6635651,3.0778331,0.14407067,2414.1256,4.5006574
2,11.421328,0.50255941,-1.5035132,0.015305059,-0.0015918472,-0.0041234071,0.0025315599,2.8771559,20.306419,-0.041799279,0,0.14407067,3457.4962,4.7617703
0,9.07223,0.692589,-0.667502,0.0132214,0.000102534,4.16445e-05,6.08897e-05,0.942803,27.9374,0.000581779,7.0524e-05,0.144071,0.314932,2.77638
0,6.41359,0.630326,-0.913867,0.0121779,0.00116753,0.0010681,9.94305e-05,0.936827,25.3988,0.0135801,0.00181291,0.144071,6.82243,3.18205
0,8.1364427,0.91667263,-1.4781802,0.013810219,0.059523793,0.021713638,0.037810156,11.693624,34.779012,0.4014875,0,0.14407067,1052.304,4.2082654
0,6.07877,0.298835,-0.766885,0.0130594,0.000204491,0.00015108,5.34119e-05,0.876734,12.0531,0.000910673,0.000255911,0.144071,0.523696,2.90194
0,28.5782662,0.4219264679,-1.804039261,0.0105488447,0.9981124976,0.7929921876,0.20512031,0.003763992358,0.03212768613,6.748866684,0,0.1440706667,198513.8793,43.14719605
0,39.85998,0.4373637,-1.212308,0.01212199,0.04697541,0.04512084,0.001854568,0.8823226,16.8152,0.3980568,0.08417934,0.1440707,221.6621,3.701063
0,37.9293236,0.6790756512,-1.726496641,0.009156579147,0.9990320288,0.6982882302,0.3007437986,0.001866412404,0.02651769555,9.564847524,0,0.1440706667,122045.2916,28.19569867
0,44.82507,0.3084496,-1.31134,0.02003452,0.08649741,0.07790789,0.008589515,0.8254752,11.36709,0.4847199,0.181739,0.1440707,571.4913,3.916691
0,1.1385919,0.526879193173,-1.942992356394,0.01256219496769,0.07794271867542,0.07794269330344,2.537198053043e-08,-0.005755730590054,19.59855789572,0.8283457102911,0,0.1440706666667,-471874093.6014,-91628.86339598
0,5.7874,0.201,-0.50357,0.021261,4.0797e-05,3.1536e-06,3.7644e-05,0.82726,8.1083,1.2786e-05,5.3399e-06,0.14407,0.012684,2.4473
0,15.9885,0.272167,-1.07983,0.0209396,0.00528308,0.00516651,0.000116565,0.863158,10.9217,0.0283634,0.00888829,0.144071,26.8425,3.42228
0,4.729872,0.6444754,-1.428752,0.008969276,0.05417534,0.007297826,0.04687751,16.59474,24.59077,0.09486916,0,0.1440707,277.8692,3.940034
0,40.414607,0.26865777,-1.3782773,0.011535692,0.2516581,0.19979494,0.051863152,0.70062713,8.1106308,1.0827023,0.74574289,0.14407067,1135.1095,4.128334
0,5.17456,0.776379,-0.637756,0.0116533,0.000101561,3.22444e-05,6.9317e-05,0.948653,31.3173,0.000504955,5.46042e-05,0.144071,0.239435,2.73254
2,1.1048979,0.989904707982,-1.90412095115,0.0120235420898,-2.56617418315,-2.56617418315,0,-0.166232612944,142.413482831,-51.2394774068,0,0.144070666667,-72060177.0176,-13991.4308024
2,10.156505,0.70305341,-1.5594835,0.0086408009,-0.10886919,-0.12117699,0.012307803,3.8849171,31.450228,-1.7184372,0,0.14407067,8138.8159,5.7707655
0,30.0159,0.69825,-1.042,0.0157183,0.00447782,0.00425937,0.000218448,0.940413,28.0425,0.0599904,0.00728366,0.144071,38.9127,3.40588
0,5.05415,0.453662,-0.573052,0.0114356,7.92832e-05,1.43126e-05,6.49706e-05,0.915277,18.3001,0.000130971,2.42362e-05,0.144071,0.0631629,2.59933
2,19.666835,0.5481674771,-1.75181884,0.01954289256,-4.71170738,-4.782802415,0.07109503548,12.44001897,126.3090245,-52.88358343,0,0.1440706667,120743.7656,27.96773474
0,4.62157,0.906281,-0.533356,0.0211864,4.27114e-05,4.63969e-06,3.80717e-05,0.955716,36.5594,8.48159e-05,7.85651e-06,0.144071,0.0725765,2.56678
0,32.564787,0.92839877,-1.4069262,0.019464231,0.3406719,0.16067381,0.1799981,-2.2365297,24.693992,3.0088796,0,0.14407067,-1564.2387,1.2370627
0,5.41011,0.524656,-0.635508,0.020307,5.59601e-05,1.79776e-05,3.79825e-05,0.925901,21.1644,0.000190253,3.04431e-05,0.144071,0.161069,2.70991
0,6.17173,0.770227,-0.893369,0.0103158,0.00108511,0.000969439,0.00011567,0.947628,31.0386,0.0150614,0.00164474,0.144071,6.33435,3.15764
0,37.1271,0.345961,-1.11641,0.0204643,0.00860403,0.00838909,0.000214941,0.886433,13.8366,0.058542,0.0145489,0.144071,52.9721,3.49886
0,32.8229981,0.4987139042,-1.826381089,0.01466984802,0.9988712639,0.7657838223,0.2330874416,0.002229413417,0.02270905498,7.703406831,0,0.1440706667,315646.7298,65.93866613
0,4.75746,0.678651,-0.555601,0.0221232,4.16605e-05,5.91272e-06,3.57478e-05,0.941737,27.3769,8.09392e-05,1.00122e-05,0.144071,0.073395,2.5896
0,0.4661245,0.3320913713,-1.974123519,0.008799018426,0,0,0,11.00958446,13.39716042,0,0,0.1440706667,251540.436,53.6263417
2,42.6566601,0.310567844,-1.61809787,0.01070269614,-128.7125626,-128.8244201,0.111857544,-5.54247664,1625.150899,-807.0117422,0,0.1440706667,-625872.7072,-120.0902105
0,39.71245,0.2712354,-1.225457,0.009837543,0.0663452,0.06485629,0.001488912,0.8246369,10.21617,0.3548328,0.1228141,0.1440707,170.6072,3.690847
0,31.379458,0.51148682,-1.359296,0.021818419,0.13394104,0.096454376,0.037486662,0.83580053,17.870515,0.99513398,0.30897489,0.14407067,1642.9269,4.2269613
2,29.55747,0.43858149,-1.5452454,0.015473112,0.2447886,-0.76066237,1.005451,1.291406,13.362078,-6.7292615,0,0.14407067,8663.708,5.8616642
1,194.5957,0.6604613,-1.294164,0.0156575,,,,,,,,,,
0,33.808901,0.92177088,-1.3416138,0.020241403,0.14014574,0.094612794,0.045532949,0.86142505,31.974444,1.7591303,0.26537926,0.14407067,2272.6389,4.3482307
0,39.80696,0.3837827,-1.283779,0.0233273,0.05645531,0.0514255,0.005029812,0.8653963,14.60841,0.3980972,0.109551,0.1440707,491.7066,3.865911
0,18.3664,0.668736,-1.10396,0.0104207,0.0146597,0.0140086,0.000651196,0.93147,26.5825,0.188961,0.0243491,0.144071,82.5361,3.51494
0,5.65874,0.795704,-0.87392,0.0137024,0.000650158,0.000568784,8.13742e-05,0.94948,32.0792,0.00912901,0.000964503,0.144071,5.08951,3.1267
1,0.32274,0.87193,-1.9379,0.021228,,,,,,,,,,
0,48.02258,0.9207676,-1.17347,0.008350759,0.04443602,0.04077057,0.003665457,0.9270851,35.49482,0.7572198,0.07419957,0.1440707,270.4021,3.681903
0,35.40077,0.49306,-1.273543,0.01437029,0.08304706,0.07360517,0.00944189,0.8674434,18.23904,0.7320374,0.155923,0.1440707,536.9995,3.868997
0,6.16199,0.922053,-0.954548,0.0196717,0.00120837,0.00111357,9.48033e-05,0.955681,37.1523,0.0207109,0.00189252,0.144071,16.4965,3.26997
0,26.591048,0.30241652,-1.5263219,0.008805805,0.53727603,0.29499915,0.24227688,0.6361783,5.6452435,1.7994983,0,0.14407067,5826.8348,5.2714842
2,3.5740178,0.325471629,-1.66905197,0.0218053737,0.138332877,-0.00601413757,0.144347014,4.52995726,11.3137825,-0.0394831384,0,0.144070667,10257.8093,6.30369774
0,31.0929084,0.2818794836,-1.829538567,0.009388934878,0.9666764829,0.7341812474,0.2324952355,0.06414849553,0.3789391406,4.174379463,0,0.1440706667,190629.2985,41.63955526
1,0.22554,0.89883,-1.9862,0.014966,,,,,,,,,,
0,5.65926,0.455871,-0.749311,0.0132079,0.000178093,0.000119202,5.88909e-05,0.91559,18.3874,0.0010961,0.000201903,0.144071,0.610424,2.89225
0,5.67925,0.8468,-0.803008,0.0168669,0.000241326,0.000185998,5.53282e-05,0.952625,34.1532,0.00317698,0.000315128,0.144071,2.17204,3.01147
0,33.3033116,0.406770668,-1.62519065,0.0195791141,0.789653819,0.441664509,0.34798931,0.275872207,3.45175073,3.6238257,0,0.144070667,29254.6123,10.002556
0,6.0198,0.840991,-0.943602,0.0226057,0.00091495,0.000842409,7.25407e-05,0.951877,33.896,0.0142902,0.00143088,0.144071,13.1289,3.24664
0,0.9895936,0.2638675063,-1.874234527,0.01750223689,0.06836395412,0.06062911368,0.007734840442,-0.5886059404,9.917160967,0.3226950494,0,0.1440706667,-965391.2872,-185.7853413
0,5.83474,0.966273,-0.75779,0.0102026,0.000259247,0.000172056,8.71909e-05,0.958208,38.9711,0.00335347,0.000291452,0.144071,1.37847,2.94274
0,5.54384,0.379991,-0.641275,0.022881,4.86578e-05,1.71822e-05,3.14756e-05,0.900514,15.3288,0.000131698,2.90959e-05,0.144071,0.12917,2.70433
0,45.29539,0.7474612,-1.174812,0.008736448,0.04235735,0.03969885,0.002658491,0.9191039,28.87668,0.5985381,0.07215724,0.1440707,225.7537,3.665302
0,13.99944,0.9459675,-1.137193,0.02488262,0.009561901,0.00890068,0.0006612218,0.9512725,37.79712,0.169834,0.01562643,0.1440707,176.095,3.605275
0,73.081391,0.83109112,-1.4331896,0.02465636,0.2402475,0.15340961,0.086837891,0.78546558,25.472757,2.5717359,0.70636527,0.14407067,6437.9028,5.3021357
0,5.5134,0.3726,-0.832265,0.0159675,0.00033625,0.000286034,5.02155e-05,0.89856,15.0263,0.00214974,0.000484724,0.144071,1.47528,3.02072
0,8.5926932,0.936761216,-1.6504704,0.0114511199,0.00172604543,0.00171922052,6.82490598e-06,3.92676073,37.7253961,0.0324852085,0,0.144070667,31080.2124,10.3854481
0,29.957558,0.7267542,-1.3454034,0.012553944,0.21344992,0.14925249,0.064197434,0.79935482,23.06052,2.1879344,0.44922875,0.14407067,1854.4476,4.2603655
0,46.47739,0.620724,-1.209604,0.01536175,0.03701045,0.03455474,0.002455712,0.9125874,24.11433,0.4326446,0.06415903,0.1440707,296.8497,3.727967
0,77.821177,0.90671126,-1.4389417,0.017816129,0.31759553,0.20579101,0.11180452,0.73046407,24.961233,3.7637483,1.0525255,0.14407067,7303.8269,5.4825204
0,4.80331,0.582726,-0.710449,0.0235096,7.45933e-05,4.06577e-05,3.39356e-05,0.932773,23.5065,0.000477895,6.88565e-05,0.144071,0.464985,2.83938
0,9.31264,0.520768,-0.717484,0.0134601,0.000136162,7.7726e-05,5.84357e-05,0.925338,21.0059,0.000816462,0.000131639,0.144071,0.458468,2.84569
0,4.86255,0.811732,-0.706809,0.0230796,7.56193e-05,3.95231e-05,3.60962e-05,0.950793,32.7443,0.000647126,6.6935e-05,0.144071,0.606411,2.84941
0,16.0875902,0.4370443231,-1.903985255,0.02276364624,0.9978006219,0.4114982005,0.5863024214,0.00836577279,0.03877756647,3.627593326,0,0.1440706667,389204.5951,80.31077781
0,19.1102163,0.4099451755,-1.550451645,0.02215775773,0.2569734143,0.2237308075,0.03324260676,-0.03805223063,12.28811591,1.85002135,0,0.1440706667,-289094.9913,-54.72140173
0,0.4073484,0.424042875552486,-1.921890509645796,0.02022584578305538,0,0,0,-9.902101086879023e-27,17.10664870835012,0,0,0.1440706666666666,-1.82567954240958e+32,-3.545173422284097e+28
0,39.184622,0.92741258,-1.3014957,0.01182184,0.1405978,0.10252461,0.038073189,0.86180728,32.15323,1.9179015,0.27140977,0.14407067,1364.4648,4.1055455
0,10.1485,0.20542,-0.820982,0.0128113,0.0189659,0.000302994,0.0186629,0.8274,8.12986,0.00125546,0.000522634,0.144071,0.749889,2.97453
1,0.22727,0.77173,-1.8407,0.022201,,,,,,,,,,
0,9.5106315,0.91268405,-1.5145978,0.012498499,0.16562503,0.015645379,0.14997965,3.1772935,30.721109,0.28802602,0,0.14407067,5461.4274,5.1854762
