Error,time,CO2share,E_appl,v,X_tot,X_het,X_hom,FE,CO2_out,CO_out,H2_out,delP,CD,Vcell
0,25.6122735,0.9207682876,-1.686126915,0.02267804574,0.459441259,0.3598685768,0.09957268221,1.000469507,20.07929285,6.683738503,0,0.1440706667,102644.8324,24.37917937
0,48.75226,0.25524033,-1.4706384,0.015859921,0.36031766,0.36031618,1.4855064e-06,0.61855795,6.5867142,1.8550611,1.7764914,0.14407067,3419.7149,4.7209945
0,9.219745,0.6219068,-1.394535,0.02346936,0.5532581,6.490219e-05,0.5531932,1.757047,11.20823,0.00081416,0,0.1440707,770.7524,4.053948
2,18.5582459,0.7697562254,-1.688732349,0.02126180703,-16.91147227,-17.49460106,0.5831287878,29.03914965,556.2111123,-271.6329336,0,0.1440706667,101293.7319,24.11874219
0,6.52918,0.986728,-0.917955,0.0132561,0.00114734,0.00103397,0.000113372,0.958457,39.7607,0.0205793,0.00175523,0.144071,11.0019,3.2115
0,6.38621,0.334753,-0.899608,0.0104514,0.0011219,0.00103658,8.53202e-05,0.887902,13.4894,0.00699927,0.00175883,0.144071,3.18321,3.12791
0,24.1139853,0.56819521,-1.71746761,0.0140618568,0.690621859,0.452364053,0.238257805,0.579084456,7.09156945,5.18454711,0,0.144070667,93675.3577,22.6640952
0,6.23822,0.819235,-0.838637,0.00900042,0.000662231,0.000550607,0.000111624,0.950841,33.0275,0.00909862,0.000933293,0.144071,3.32573,3.06922
0,19.0065,0.823826,-1.016,0.0150314,0.0033952,0.00319704,0.000198166,0.949325,33.1218,0.0531261,0.00545392,0.144071,32.6021,3.36956
0,6.89933,0.433109,-0.981996,0.0179743,0.00181394,0.00173143,8.25116e-05,0.910516,17.4407,0.0151261,0.00294676,0.144071,11.5641,3.27821
0,4.70768,0.865333,-0.531139,0.0231093,3.88939e-05,4.13419e-06,3.47597e-05,0.953721,34.9077,7.21604e-05,7.00052e-06,0.144071,0.0674923,2.56083
0,6.53898,0.861978,-0.792482,0.00938438,0.000389968,0.000292019,9.7949e-05,0.953322,34.7602,0.0050773,0.000494764,0.144071,1.92967,2.99482
2,9.077508,0.970181607,-1.61838685,0.0170439592,0.722177048,-0.333192687,1.05536974,1.18584722,10.8736744,-6.52039143,0,0.144070667,19645.1725,8.10929418
0,5.09426,0.455157,-0.701238,0.0115265,0.000139629,7.36724e-05,6.5957e-05,0.915494,18.3593,0.000676381,0.00012477,0.144071,0.328734,2.81233
0,0.473864,0.4075541455859167,-1.958769282395062,0.02347827378343338,0,0,0,-2.903160862295228e-40,16.44146382387956,0,0,0.1440706666666666,-9.611309968287548e+45,-1.86636043519093e+42
0,44.578843,0.48421399,-1.3711642,0.012489948,0.23325778,0.16806074,0.065197037,0.76392388,14.977588,1.6414542,0.62862565,0.14407067,1754.6151,4.263897
0,6.2951,0.24388,-0.79577,0.021042,0.0001669,0.00013582,3.1076e-05,0.85309,9.8371,0.00066816,0.00023019,0.14407,0.63662,2.9409
0,25.5012,0.482614,-1.10741,0.0124528,0.012694,0.012272,0.000422006,0.911902,19.2224,0.119465,0.0212985,0.144071,63.7252,3.50144
0,46.821258,0.86570254,-1.4980485,0.02439905,0.14971371,0.071731988,0.077981726,1.4392055,29.69539,1.2525836,0,0.14407067,9422.6644,5.9661593
1,0.26784,0.44521,-1.9067,0.023615,,,,,,,,,,
0,43.72373,0.220757,-1.258901,0.02490564,0.03847962,0.03764528,0.0008343413,0.8168962,8.563045,0.1676294,0.07454226,0.1440707,221.8191,3.747724
0,5.72925,0.969837,-0.70557,0.0115868,0.000150688,7.74797e-05,7.32087e-05,0.958426,39.1191,0.00151569,0.000131222,0.144071,0.707356,2.85611
0,1.0107423,0.5993503,-1.5381964,0.019985492,0.07189563,0.0028473813,0.069048249,-2.2175912,22.440509,0.034423223,0,0.14407067,-7739.6481,0.087010213
0,35.4237338,0.380810145,-1.65496077,0.0179381575,0.990213241,0.61954894,0.3706643,0.0134806407,0.150349709,4.7589298,0,0.144070667,38223.1046,11.7876017
0,6.25917,0.276874,-0.822335,0.0084564,0.000559398,0.000475415,8.39827e-05,0.868035,11.1633,0.0026551,0.000805665,0.144071,0.998699,2.99065
0,17.8154753,0.88750162392176,-1.7594083932805,0.023096349191609,0.098532693600651,0.070003018162825,0.028529675437826,-0.00012663283132114,32.275598422725,1.2531731803045,0,0.14407066666667,-3341313864.2326,-648827.78923368
0,17.8446541,0.855978057,-1.54754974,0.011299738,0.332794198,0.166188085,0.166606113,1.39893238,23.039742,2.86937748,0,0.144070667,14204.5717,6.96531899
0,7.2862494,0.38263464,-1.493599,0.024123623,0.0095118898,0.00025999723,0.0092518926,3.4495874,15.289339,0.0020066803,0,0.14407067,1911.646,4.4212289
2,1.030588,0.28392833235,-1.8957970678,0.013462605964,-13.488437843,-13.488437963,1.202834774e-07,-4.3679195497,165.9531345,-77.249479338,0,0.14407066667,-2871685.9623,-555.99128472
0,6.18894,0.699878,-0.899857,0.00952201,0.00126562,0.0011413,0.000124327,0.942613,28.1986,0.0161119,0.00193671,0.144071,6.28816,3.16374
0,6.5048083,0.728649312,-1.74079085,0.0231760109,0.561245145,0.0811335645,0.48011158,2.24486831,12.8972067,1.19246128,0,0.144070667,59297.6003,15.9883203
0,5.94131,0.526819,-0.675261,0.0173348,7.98243e-05,3.50913e-05,4.4733e-05,0.926167,21.2511,0.000372894,5.94262e-05,0.144071,0.269418,2.77611
2,15.223986,0.647669494953,-1.56894473241,0.00861098153891,-846.716451302,-856.285279024,9.56882772226,-0.354863388984,22149.2599391,-11186.5737641,0,0.144070666667,-70859176.3867,-13758.5502809
0,23.9906,0.286375,-1.15344,0.0184224,0.0150726,0.0147578,0.000314776,0.862861,11.3788,0.0852478,0.0260053,0.144071,72.0111,3.55537
2,20.6190904,0.760032939,-1.55466786,0.0209113934,-0.222715875,-0.24426311,0.0215472356,2.3968443,37.4898007,-3.74468652,0,0.144070667,14781.844,7.08658089
0,44.69892,0.4056348,-1.274406,0.01361746,0.08616105,0.07937454,0.006786511,0.850714,14.95409,0.6494439,0.1663774,0.1440707,453.946,3.845099
0,5.03249,0.302389,-0.554953,0.0108399,7.40423e-05,1.19673e-05,6.2075e-05,0.878085,12.198,7.29941e-05,2.02644e-05,0.144071,0.0347816,2.55057
2,33.6011144,0.270523535,-1.73193659,0.0182648263,-0.196224862,-0.969436127,0.773211265,1.65471346,13.0548848,-5.28992389,0,0.144070667,72675.7544,18.5877397
0,27.2811,0.836848,-1.06704,0.0140267,0.00692727,0.00655045,0.000376826,0.947744,33.5261,0.110571,0.0112578,0.144071,63.6704,3.46102
0,46.120408,0.77821217,-1.3572742,0.023089196,0.12171701,0.082996284,0.038720724,0.86828892,27.573231,1.3028123,0.284485,0.14407067,2377.5459,4.386581
0,45.97492,0.8458544,-1.243069,0.01482916,0.06179342,0.05152347,0.01026995,0.9117155,32.01469,0.8790749,0.1021566,0.1440707,606.3312,3.858226
0,6.18597,0.850126,-0.673063,0.0242882,5.82972e-05,2.43479e-05,3.39493e-05,0.95292,34.2936,0.000417512,4.12321e-05,0.144071,0.410795,2.79562
0,4.57968,0.928609,-0.500363,0.0204122,4.26123e-05,3.15215e-06,3.94602e-05,0.956734,37.4602,5.90425e-05,5.33758e-06,0.144071,0.0486238,2.5132
2,8.9259076,0.96511629,-1.3874836,0.015381656,0.17024927,-0.0032874939,0.17353676,3.3048582,32.305946,-0.063998498,0,0.14407067,1078.8387,4.124001
0,4.58853,0.86272,-0.541519,0.0195498,4.66914e-05,5.58387e-06,4.11075e-05,0.953582,34.8021,9.71696e-05,9.45535e-06,0.144071,0.0768961,2.57791
0,36.924986,0.76943069,-1.3373794,0.013559595,0.18445472,0.12948842,0.054966298,0.82329468,25.314698,2.0096739,0.37517959,0.14407067,1782.9563,4.2364389
0,13.5369508,0.7722999477,-1.41494266,0.01064198078,0.003116764137,0.001626052057,0.00149071208,-0.005713565557,31.05885665,0.02533060841,0,0.1440706667,-853658.3801,-164.5415955
0,39.78092,0.7910836,-1.217744,0.0233047,0.02825758,0.02511445,0.003143135,0.9310526,31.01193,0.4007478,0.04695294,0.1440707,415.4304,3.776403
0,10.4681314,0.764203678827,-1.61164568134,0.0249326113396,0.0195387802012,0.000528902586946,0.0190098776143,-0.00389026966656,30.2269766728,0.00815286001881,0,0.144070666667,-15265745.2058,-2963.08647081
0,6.25566,0.725226,-0.824417,0.0162489,0.00031217,0.000254142,5.80286e-05,0.945098,29.2478,0.0037177,0.000430656,0.144071,2.46836,3.03951
0,5.97568,0.788976,-0.728475,0.0231965,8.82394e-05,5.19395e-05,3.62999e-05,0.949439,31.8259,0.000826584,8.79674e-05,0.144071,0.779643,2.88402
2,16.2900336,0.226591754733,-1.67416963813,0.0160783502937,-326.665981386,-326.689791115,0.0238097288053,-0.134847404054,2995.23308049,-1493.15480549,0,0.144070666667,-97426599.2788,-18917.4238382
0,31.258472,0.55432013,-1.4530138,0.010004968,0.21016155,0.11560904,0.094552514,1.3444559,17.662578,1.2926401,0,0.14407067,3364.2735,4.6917642
0,0.4476952,0.233219667,-1.76491096,0.0236047036,0,0,0,5.74191121,9.40849888,0,0,0.144070667,23054.1391,8.92600616
2,27.405299,0.80979678,-1.4824655,0.010773863,0.35455775,-1.6553547,2.0099124,1.3543335,21.085728,-27.039103,0,0.14407067,5820.2472,5.2262905
0,14.5076,0.787355,-1.00575,0.0205233,0.0021818,0.00205456,0.000127234,0.947983,31.694,0.0326298,0.00350153,0.144071,27.3854,3.34933
0,20.8575755,0.3394379728,-1.856254305,0.01486487391,0.995069806,0.7354073291,0.2596624769,0.009987797764,0.06751178579,5.035163174,0,0.1440706667,307431.8194,64.37198208
0,8.46785,0.244885,-1.04077,0.00917406,0.00733709,0.00716465,0.000172434,0.849226,9.8066,0.0353901,0.0122834,0.144071,14.8325,3.35041
0,5.26738,0.556534,-0.617127,0.0128358,8.26555e-05,2.24602e-05,6.01953e-05,0.929828,22.4497,0.000252134,3.8034e-05,0.144071,0.134351,2.6822
2,0.7944234,0.416407286926,-1.90770170055,0.0169437250133,-0.110263138688,-0.110263138688,5.55111512313e-17,-0.042953573387,18.6508834531,-0.926134029489,0,0.144070666667,-38241557.6704,-7424.36755698
0,10.35503,0.6125927,-1.640499,0.01175427,0.01012558,0.000325555,0.009800027,-170.6522,24.46285,0.004022734,0,0.1440707,-407.9935,1.764212
1,0.24505,0.91807,-1.9222,0.0093573,,,,,,,,,,
0,19.1214,0.2975,-1.15436,0.0201118,0.01397,0.0136682,0.00030181,0.867711,11.834,0.0820204,0.0241016,0.144071,75.3511,3.55926
1,0.32897,0.75967,-1.9446,0.017832,,,,,,,,,,
2,21.7318386,0.43578143444,-1.5723094447,0.024602348116,-19.503954941,-20.449516539,0.94556159761,-0.066151976416,360.46369402,-179.75332792,0,0.14407066667,-6459317.7045,-1253.0162928
2,0.7974826,0.3730742587,-1.960859547,0.01385261663,-0.06543803269,-0.06543803269,0,9.18297014,16.03535749,-0.4924370143,0,0.1440706667,304417.144,63.89067994
2,1.3574211,0.5281079718,-1.753744406,0.0238847611,0.09260811264,-0.3862438414,0.478851954,-1.516129322,19.33182172,-4.114427948,0,0.1440706667,-155428.114,-28.53028385
2,14.598058,0.52110817,-1.72441047,0.0121374305,-0.437092177,-0.533860878,0.0967687004,3.09911596,30.211179,-5.61152819,0,0.144070667,81523.9363,20.3042902
0,38.28222,0.3433318,-1.289288,0.01640409,0.08348686,0.0771308,0.006356064,0.8378717,12.69427,0.5341547,0.1672087,0.1440707,473.6733,3.865998
0,6.32079,0.402305,-0.722467,0.00978804,0.000647463,0.000113915,0.000533548,0.905378,16.2192,0.000924404,0.000192989,0.144071,0.385714,2.84178
0,14.9928677,0.663449055,-1.58971729,0.0238153463,0.0809991164,0.0790920738,0.00190704259,2.1346104,24.5968037,1.05843871,0,0.144070667,17081.9205,7.57569882
0,0.7655105,0.4932051591,-1.894984302,0.02206373911,0.01031955664,0.01031943335,1.232902471e-07,-2.04441786,19.6914531,0.1026617426,0,0.1440706667,-720444.0273,-138.1847704
0,6.01738,0.542198,-0.836017,0.019238,0.00029587,0.000249123,4.67465e-05,0.927971,21.8668,0.00272457,0.000422184,0.144071,2.18148,3.04471
0,53.045232,0.78237034,-1.298752,0.013291169,0.12136674,0.09170855,0.029658195,0.86782917,27.731616,1.4472627,0.2330462,0.14407067,1128.1931,4.0471516
0,19.0996789,0.9558459126,-1.70730976,0.01904770196,0.3578580293,0.2919385324,0.06591949698,1.599757227,24.76133809,5.628653033,0,0.1440706667,103915.4005,24.64771806
0,6.05958,0.319821,-0.634735,0.0168389,6.22087e-05,2.14662e-05,4.07425e-05,0.883965,12.9014,0.00013848,3.635e-05,0.144071,0.101826,2.68556
0,7.161039,0.94924612,-1.4266463,0.01753326,0.00042882152,0.00040158666,2.7234861e-05,4.837335,38.277866,0.0076892376,0,0.14407067,1444.2267,4.2491038
0,6.00186,0.584782,-0.847633,0.0225615,0.000288311,0.000246584,4.17266e-05,0.932857,23.5844,0.0029086,0.00041792,0.144071,2.71711,3.06771
0,48.97289,0.7764644,-1.182607,0.01738763,0.02391501,0.02217528,0.001739728,0.9331077,30.57485,0.3473088,0.04007319,0.1440707,260.2341,3.687095
2,2.5661135,0.515563138,-1.77885054,0.0206659614,-0.0209165596,-0.0209168754,3.15802471e-07,14.7529365,21.233778,-0.217522326,0,0.144070667,24221.1649,9.16910057
2,35.1701288,0.930821594627,-1.80697511956,0.0154702689107,-137.262651486,-137.550255762,0.287604276301,-6.51553157102,5191.90213329,-2582.57547737,0,0.144070666667,-19244841.3595,-3735.57894828
0,41.72331,0.2001993,-1.228516,0.01298444,0.05235062,0.05149952,0.000851097,0.7950919,7.653592,0.2079653,0.09677785,0.1440707,137.8747,3.676605
2,3.720484,0.6158188,-1.398619,0.01904112,0.05061929,-0.008802809,0.0594221,6.198993,23.58569,-0.1093451,0,0.1440707,484.4782,3.978586
2,11.255463,0.65847392,-1.4256908,0.013868661,0.79629216,-0.015560846,0.81185301,0.63487966,5.4112984,-0.20667928,0,0.14407067,1536.6454,4.2692816
2,11.11221,0.9069836,-1.354796,0.01595119,0.01802246,-0.003559089,0.02158155,4.285168,35.92991,-0.06511236,0,0.1440707,608.0931,3.970444
0,15.4475511,0.956845783,-1.63060519,0.0158768113,0.915364266,0.822955175,0.0924090908,0.19121413,3.26701312,15.8833936,0,0.144070667,42825.1106,12.6627224
0,4.72169,0.81154,-0.589094,0.00999196,0.000100565,2.01283e-05,8.04367e-05,0.950766,32.7357,0.000329489,3.40852e-05,0.144071,0.13366,2.6539
0,5.84811,0.809166,-0.732157,0.0206718,0.000102084,6.11052e-05,4.09788e-05,0.950628,32.6399,0.000997336,0.000103493,0.144071,0.837266,2.89138
0,77.676626,0.9695459,-1.4043632,0.020690047,0.22525439,0.14653825,0.078716143,0.80247222,30.302793,2.8657912,0.58128669,0.14407067,5176.5671,5.0171739
0,30.866568,0.83376169,-1.3353451,0.0191344,0.12641786,0.087859421,0.03855844,0.86710432,29.383319,1.4775951,0.25901388,0.14407067,1914.2767,4.2635565
0,6.61918,0.9012,-0.921268,0.0125933,0.00125243,0.00113561,0.000116815,0.954691,36.3105,0.0206431,0.00192794,0.144071,10.5254,3.21244
0,23.2414,0.451449,-1.06942,0.0200736,0.00488539,0.00472347,0.000161922,0.911846,18.1233,0.0430126,0.00811035,0.144071,36.8823,3.43014
0,39.512988,0.25375594,-1.410275,0.012074313,0.31676957,0.23286093,0.083908643,0.64711284,6.9942087,1.191895,1.0746513,0.14407067,1598.5488,4.2679158
0,8.975347,0.4623042,-1.160248,0.01988971,0.01533123,0.01481726,0.0005139681,0.9070091,18.36425,0.1381723,0.02628682,0.1440707,120.6606,3.598141
0,37.94589,0.6494621,-1.234199,0.0129052,0.06016265,0.05422968,0.005932964,0.899746,24.62417,0.7104214,0.104746,0.1440707,421.6781,3.794838
0,14.0602962,0.2243261329,-1.602509945,0.01912604529,0.03762035396,0.03477668985,0.002843664111,-0.04684249094,8.709264197,0.1573596143,0,0.1440706667,-324848.8104,-61.61814637
1,0.48446,0.84439,-1.9644,0.018942,,,,,,,,,,
0,15.9497,0.315002,-1.07209,0.0164626,0.00610795,0.00595449,0.000153462,0.878639,12.6301,0.037834,0.0102353,0.144071,27.6079,3.41613
0,5.2666,0.23964,-0.68491,0.015409,8.4822e-05,4.4687e-05,4.0135e-05,0.85093,9.6668,0.00021601,7.5674e-05,0.14407,0.151,2.756
0,6.24173,0.524692,-0.941363,0.0155965,0.00126855,0.00118631,8.22372e-05,0.925131,21.1401,0.0125553,0.00201512,0.144071,8.18596,3.21917
0,5.6724,0.20278,-0.56131,0.009156,0.00048357,1.5366e-05,0.0004682,0.82843,8.1767,6.2851e-05,2.6032e-05,0.14407,0.026815,2.5436
0,8.03606,0.987283,-0.962411,0.0116075,0.00226437,0.00208626,0.000178112,0.957751,39.7386,0.0415466,0.00354819,0.144071,19.4779,3.28695
2,8.4273674,0.247081835928,-1.72114494376,0.021505402832,-0.0140009672881,-0.0140378342319,3.6866943862e-05,-0.00300963247635,10.1072813514,-0.0699626256405,0,0.144070666667,-26931441.3747,-5228.29503977
0,82.235284,0.866491186,-1.48417919,0.0109794115,0.554731644,0.358945023,0.195786621,0.530644642,15.5647141,6.27360623,3.05366722,0.144070667,11209.2218,6.30813132
0,29.422191,0.62757913,-1.3313271,0.017017079,0.1334048,0.097898698,0.0355061,0.84825083,21.940168,1.2392833,0.27659147,0.14407067,1387.6399,4.1407426
0,4.98698,0.744017,-0.619192,0.0188409,5.84168e-05,1.5713e-05,4.27038e-05,0.946569,30.0132,0.000235812,2.66081e-05,0.144071,0.181182,2.69964
0,9.5440061,0.93945111,-1.5014938,0.018980509,0.23277765,0.011482628,0.22129502,2.8422973,29.077067,0.21759086,0,0.14407067,4883.2383,5.0543475
0,30.19726,0.5706862,-1.166055,0.01309127,0.02506543,0.02398744,0.001077987,0.9153398,22.44543,0.2761254,0.04303063,0.1440707,157.4499,3.624766
0,6.17281,0.763529,-0.79455,0.0156962,0.000236761,0.000179304,5.74573e-05,0.947747,30.7949,0.00276147,0.000303771,0.144071,1.76589,2.9923
0,1.0931561,0.3915302210355899,-1.880898828611909,0.01994534654925139,0.008184840233451609,0.008184686187885761,1.54045565848443e-07,-4.376006518209794e-08,15.66575022476814,0.06463868202907287,0,0.1440706666666666,-22345513232565.36,-4339136073.134964
2,13.4253298,0.303027459,-1.65920627,0.012351189,0.0013072173,-0.000305247899,0.00161246519,2.55372072,12.2086899,-0.00186577744,0,0.144070667,17302.6574,7.68871104
0,5.20831,0.256077,-0.690813,0.0242818,5.68557e-05,3.05915e-05,2.62642e-05,0.85916,10.33,0.000158015,5.18049e-05,0.144071,0.172392,2.7687
0,5.26282,0.296731,-0.552313,0.0134441,5.89992e-05,9.32768e-06,4.96715e-05,0.876059,11.9699,5.58292e-05,1.57945e-05,0.144071,0.0330699,2.54534
0,35.2495377,0.4591720952,-1.820254794,0.02273432967,0.6365174508,0.3575196447,0.278997806,0.7419930685,6.733086883,3.311315544,0,0.1440706667,259915.3957,55.10043714
0,18.90838,0.5555566,-1.159571,0.01203136,0.02512373,0.02410257,0.001021159,0.9135892,21.84907,0.2700952,0.04308018,0.1440707,141.29,3.60958
2,9.981728,0.60398982,-1.4160796,0.023316416,0.37769504,-0.007759683,0.38545473,2.0381,15.163102,-0.094536337,0,0.14407067,1185.5251,4.1781591
0,25.4643889,0.8107340105,-1.773906707,0.02174953149,0.9921848931,0.3801753125,0.6120095806,0.01438073022,0.2556044916,6.217094579,0,0.1440706667,280708.0609,59.09564159
0,14.0988,0.968932,-0.982451,0.0135379,0.00249136,0.00231205,0.000179308,0.956863,38.9911,0.0451873,0.00393534,0.144071,24.745,3.32031
0,6.03112,0.564829,-0.786567,0.0118008,0.000286529,0.000215255,7.12741e-05,0.930656,22.7797,0.00245242,0.000364669,0.144071,1.20062,2.96438
2,24.3963664,0.329766486,-1.70138784,0.0224855648,0.479991312,-0.0717967197,0.551788031,-2.85955501,6.91786817,-0.477569177,0,0.144070667,-15052.152,-1.20394573
2,17.1963056,0.7496262557,-1.773418988,0.01638144009,0.2318664905,-0.01277542646,0.2446419169,2.458211832,23.22932911,-0.1931725293,0,0.1440706667,148307.8007,33.35238845
0,22.4879,0.476006,-1.11486,0.0191581,0.00911613,0.00877296,0.000343176,0.913197,19.0279,0.0842333,0.0152349,0.144071,69.3195,3.51431
0,26.1267,0.472087,-1.11403,0.0174188,0.0098686,0.00954686,0.000321736,0.912077,18.8569,0.0909092,0.0165779,0.144071,68.0496,3.51228
0,6.6134,0.22307,-0.91764,0.023287,0.00070896,0.00058639,0.00012257,0.84127,8.9926,0.0026384,0.0009952,0.14407,2.8236,3.1397
0,16.1468,0.787088,-1.00123,0.011791,0.00358687,0.00337451,0.000212357,0.947056,31.6386,0.0535746,0.00575099,0.144071,25.821,3.34149
0,32.0245,0.830592,-1.02154,0.00945961,0.0057812,0.00544673,0.000334467,0.948149,33.3139,0.0912533,0.00930547,0.144071,35.2531,3.37963
0,6.23217,0.595037,-0.661542,0.00883828,0.000146801,5.77048e-05,8.90961e-05,0.934026,24.0014,0.000692598,9.77232e-05,0.144071,0.252976,2.75916
0,6.37994,0.701461,-0.925736,0.0146889,0.00112267,0.00103105,9.16246e-05,0.942826,28.2664,0.0145884,0.00175052,0.144071,8.78684,3.2073
0,11.111966,0.78344162,-1.4060632,0.017253299,0.03229104,0.00025489821,0.032036142,2.7742909,30.584865,0.0040280847,0,0.14407067,1544.6386,4.2514728
2,22.85066,0.6696865,-1.389709,0.008831232,-0.04716341,-0.09862239,0.05145898,3.358906,28.29054,-1.332209,0,0.1440707,956.5034,4.096287
0,4.97607,0.780161,-0.621576,0.0190102,5.84107e-05,1.60572e-05,4.23535e-05,0.948917,31.4713,0.000252685,2.71912e-05,0.144071,0.195406,2.70591
0,32.48703,0.8298119,-1.224314,0.00928516,0.07572338,0.06627647,0.009446912,0.9014169,30.94118,1.109339,0.1282228,0.1440707,465.8038,3.798635
0,28.495322,0.46185186,-1.5012108,0.023874096,0.29837487,0.2206715,0.077703366,1.2056517,13.072631,2.0557681,0,0.14407067,5156.9044,5.1100077
0,5.911738,0.978801936,-1.39729812,0.0196919861,0.0503787549,0.00231465969,0.0480640952,-0.0513501771,37.4973355,0.0456990464,0,0.144070667,-91418.7315,-16.4298764
0,0.4382117,0.9368573886047824,-1.797685640774818,0.02284387826285109,0,0,0,-4.462307149126954e-36,37.79450418970801,0,0,0.1440706666666666,-1.815457261952258e+41,-3.525323412383344e+37
1,0.48994,0.64812,-1.9397,0.018789,,,,,,,,,,
1,0.49638,0.45081,-1.9708,0.016595,,,,,,,,,,
2,39.285593,0.43695653,-1.4860596,0.012279754,-1.4926539,-1.5493528,0.056698894,4.8332281,43.939528,-13.655692,0,0.14407067,3559.1466,4.7655445
0,5.70916,0.352011,-0.735322,0.0219627,9.28765e-05,5.99011e-05,3.29754e-05,0.893423,14.1994,0.000425321,0.000101451,0.144071,0.403639,2.85697
0,5.84601,0.714793,-0.653163,0.0126735,9.95588e-05,3.61367e-05,6.34221e-05,0.944481,28.8331,0.000521019,6.11962e-05,0.144071,0.269872,2.7541
0,8.9486843,0.39665853,-1.4718048,0.016507353,0.0089479991,0.0072110821,0.001736917,3.2669671,15.85873,0.057695562,0,0.14407067,1582.4576,4.3258012
1,0.35464,0.23879,-1.9408,0.014322,,,,,,,,,,
0,22.0759,0.942828,-1.01813,0.0178364,0.0029572,0.00276839,0.000188805,0.95546,37.9229,0.0526484,0.00472338,0.144071,38.1141,3.38078
0,20.6463,0.994287,-1.07145,0.0202952,0.00511234,0.00479008,0.000322259,0.956165,39.9063,0.0960683,0.00823457,0.144071,79.5024,3.47992
0,5.7784,0.24063,-0.54475,0.021631,3.3543e-05,5.2609e-06,2.8282e-05,0.85148,9.7073,2.5535e-05,8.9079e-06,0.14407,0.025039,2.5235
0,18.1652094,0.99342068105,-1.5025321237,0.018149839567,0.89777774169,0.12493420081,0.77284354088,-0.00079391061025,4.0966969099,2.5034545452,0,0.14407066667,-2496210.2677,-483.46606254
0,0.801701,0.24882971864,-1.9687299792,0.021149230431,0.021873991785,0.021873991785,8.3266726847e-17,-1.3906851298,9.818659999,0.10978814915,0,0.14407066667,-1361763.9123,-262.67765348
0,4.36426,0.993651,-0.545934,0.0173565,5.33981e-05,6.65645e-06,4.67416e-05,0.959443,40.0835,0.000133414,1.12716e-05,0.144071,0.0931609,2.59219
0,21.5879534,0.2053489581,-1.812146186,0.01147567975,0.9991632439,0.8200931738,0.1790700701,0.001415659143,0.006931808578,3.396885209,0,0.1440706667,126378.1724,29.12451592
0,81.775125,0.80713397,-1.4508432,0.011519616,0.48731403,0.31375845,0.17355557,0.58804343,16.693686,5.1081804,1.8967046,0.14407067,7069.9747,5.4473396
0,7.2060572,0.79188599,-1.4481658,0.0096519921,0.15974657,0.058080563,0.10166601,-1.9941419,26.842819,0.92772369,0,0.14407067,-3239.0031,0.91569066
0,5.71899,0.280622,-0.662402,0.0207979,5.64565e-05,2.47962e-05,3.16603e-05,0.869873,11.3201,0.000140356,4.19896e-05,0.144071,0.129537,2.7256
0,6.32872,0.56422,-0.943725,0.0249388,0.000818811,0.000764858,5.39535e-05,0.930246,22.743,0.0087047,0.00129906,0.144071,9.02799,3.22672
0,6.17996,0.672661,-0.762967,0.0163986,0.000166346,0.000114411,5.19347e-05,0.941168,27.1318,0.00155236,0.000193799,0.144071,1.04426,2.93358
0,3.119687,0.9338354,-1.350864,0.01399924,0.0114941,0.0007514068,0.01074269,7.858468,37.23958,0.01415372,0,0.1440707,326.7471,3.879963
0,21.0691952,0.639107709584,-1.68180549441,0.0223084942298,0.496986605777,0.398545308284,0.0984412974932,-0.0011824206023,12.9690681451,5.13779684736,0,0.144070666667,-53066751.7149,-10303.4224057
0,6.02306,0.357033,-0.788085,0.0191952,0.000174075,0.000134934,3.91405e-05,0.894713,14.4008,0.000971752,0.000228603,0.144071,0.805039,2.94529
0,6.38509,0.406577,-0.892591,0.00855965,0.00126685,0.00115668,0.000110179,0.90564,16.3813,0.00948591,0.00196247,0.144071,3.46328,3.12528
0,14.3627752,0.87971965508,-1.4365942966,0.024450849065,0.89532030582,0.033190020341,0.86213028548,-0.00066715773024,3.7150264194,0.58894804478,0,0.14407066667,-1154839.7563,-223.02000695
0,4.78702,0.586433,-0.503757,0.0223526,3.75194e-05,3.0068e-06,3.45126e-05,0.933193,23.6569,3.55671e-05,5.09142e-06,0.144071,0.0328844,2.49649
0,33.25624,0.5167064,-1.174792,0.01437619,0.02531171,0.02430666,0.001005047,0.9086304,20.31724,0.2533345,0.04383864,0.1440707,160.6259,3.635146
0,6.158,0.21608,-0.5996,0.024632,3.3072e-05,9.3455e-06,2.3727e-05,0.83735,8.7167,4.0732e-05,1.5824e-05,0.14407,0.046249,2.6099
0,4.92749,0.721584,-0.56833,0.0232729,4.07011e-05,6.61899e-06,3.40822e-05,0.945012,29.1088,9.63393e-05,1.12082e-05,0.144071,0.0915818,2.6137
0,39.53573,0.4078977,-1.266876,0.02266486,0.04872269,0.04515834,0.003564355,0.8755214,15.65358,0.3715476,0.09074736,0.1440707,419.1517,3.826716
0,6.64993,0.476699,-0.962963,0.0238045,0.00108328,0.0010251,5.81744e-05,0.9184,19.2101,0.00985684,0.00174246,0.144071,9.88912,3.25081
0,21.1949,0.915966,-1.01345,0.0207911,0.00238919,0.00223807,0.000151121,0.954636,36.8634,0.0413503,0.00381579,0.144071,34.9186,3.37098
0,5.24617,0.962268,-0.652634,0.0118353,0.000108257,3.84335e-05,6.98237e-05,0.958141,38.8154,0.000745987,6.50865e-05,0.144071,0.3557,2.76778
2,7.85613,0.855049324,-1.59618613,0.010927253,0.221918245,-0.0332663097,0.255184555,3.27933904,26.8393235,-0.573747709,0,0.144070667,13184.0235,6.8119505
0,6.12767,0.747899,-0.886003,0.0236906,0.00043252,0.000384195,4.83244e-05,0.94659,30.1585,0.00579589,0.000651527,0.144071,5.60525,3.14385
0,5.46864,0.714233,-0.644073,0.0214955,5.62644e-05,1.89585e-05,3.73058e-05,0.944468,28.8118,0.00027313,3.21047e-05,0.144071,0.239959,2.73897
0,4.84343,0.518026,-0.502305,0.0198347,4.15336e-05,3.32588e-06,3.82077e-05,0.925033,20.8972,3.47522e-05,5.63171e-06,0.144071,0.0287631,2.48816
2,23.177387,0.532718763,-1.60932874,0.0206558085,-0.863250239,-1.29981884,0.436568597,3.75289816,40.0427914,-13.9670919,0,0.144070667,20348.6526,8.23864828
0,43.6174,0.781503,-1.05849,0.0203232,0.00428487,0.00406235,0.000222518,0.946259,31.3921,0.0640373,0.00696178,0.144071,53.5009,3.44155
0,4.88938,0.498606,-0.579772,0.0119895,7.79797e-05,1.4882e-05,6.30977e-05,0.922318,20.1131,0.000149673,2.52005e-05,0.144071,0.0751014,2.61495
0,6.01149,0.688674,-0.851659,0.019941,0.000343653,0.000293772,4.98806e-05,0.942341,27.7728,0.00408084,0.000497935,0.144071,3.33556,3.08239
0,43.880141,0.47075991,-1.3682873,0.0092949303,0.30421301,0.2227937,0.081419306,0.7084911,13.213898,2.1155707,0.81406261,0.14407067,1608.562,4.2281933
0,16.2703854,0.315946738,-1.74864342,0.0177789966,0.675711149,0.540845868,0.134865281,0.581743106,4.13333933,3.44677205,0,0.144070667,81116.1402,20.2490781
0,6.1888,0.845158,-0.858368,0.0201839,0.000369587,0.000316327,5.32605e-05,0.952454,34.0826,0.00539261,0.000536216,0.144071,4.41439,3.10371
1,0.48006,0.53342,-1.9856,0.020614,,,,,,,,,,
0,51.54611,0.863414,-1.185498,0.008711914,0.04932479,0.04518468,0.004140115,0.9210929,33.1136,0.7869288,0.08300658,0.1440707,296.3237,3.703668
0,5.69548,0.324382,-0.620933,0.0116341,8.51304e-05,2.60224e-05,5.9108e-05,0.885395,13.0851,0.000170267,4.40656e-05,0.144071,0.0863588,2.66329
0,6.44125,0.377702,-0.939752,0.0127516,0.00150683,0.0014212,8.56259e-05,0.899055,15.2142,0.0108275,0.00241424,0.144071,5.93809,3.20063
0,33.280511,0.44698622,-1.352637,0.010428823,0.23709493,0.17986113,0.057233802,0.7541974,13.756875,1.6216481,0.59342313,0.14407067,1286.6839,4.1385673
0,4.77607,0.724045,-0.616413,0.0180327,6.01459e-05,1.58417e-05,4.43042e-05,0.945176,29.2075,0.000231362,2.6826e-05,0.144071,0.170387,2.6937
0,5.03279,0.606355,-0.610076,0.020105,5.19632e-05,1.30981e-05,3.8865e-05,0.935236,24.4602,0.0001602,2.218e-05,0.144071,0.132935,2.67461
0,0.4208943,0.839276653425826,-1.94233224894116,0.0144229700963422,0,0,0,-9.44870720552573e-05,33.8579226465467,0,0,0.144070666666667,-49238863421.797,-9561387.09900272
0,15.7478,0.78514,-1.01265,0.0225115,0.00216962,0.00204596,0.000123659,0.947856,31.6052,0.0324018,0.00348813,0.144071,29.8435,3.36113
0,4.74605,0.594783,-0.59569,0.0118865,8.38977e-05,1.84164e-05,6.54814e-05,0.934039,23.9926,0.000220947,3.11859e-05,0.144071,0.108534,2.64979
0,21.74251,0.8674434,-1.144891,0.01647177,0.0157505,0.01473427,0.001016231,0.9435693,34.44304,0.2578072,0.02605916,0.1440707,178.5936,3.614183
0,13.0195,0.585785,-1.12397,0.0155375,0.0125971,0.0120939,0.000503206,0.925044,23.3339,0.142899,0.0211154,0.144071,94.3288,3.5441
0,0.4287831,0.2682965978150139,-1.986231261195885,0.0163087691291536,0,0,0,-4.757194401274782e-20,10.82356505220627,0,0,0.1440706666666666,-5.494495171034365e+25,-1.066941804228716e+22
0,12.6385,0.952432,-1.109131,0.01374512,0.01209335,0.01132938,0.0007639687,0.949894,37.95815,0.2176533,0.01972722,0.1440707,123.5042,3.548773
2,11.4252255,0.71927311222,-1.3947600824,0.02210361447,0.40977500909,-0.0099940038241,0.41976901291,-0.00035277890155,17.126419839,-0.14499683003,0,0.14407066667,-5882777.5652,-1141.2342986
0,6.16392,0.305852,-0.902851,0.0113985,0.00106679,0.000990858,7.59277e-05,0.878684,12.3255,0.00611291,0.0016813,0.144071,3.06409,3.12917
0,5.0501,0.354244,-0.679624,0.00992445,0.000136568,6.48243e-05,7.17439e-05,0.893996,14.2889,0.000463196,0.000109781,0.144071,0.198487,2.76476
0,6.39345,0.274594,-0.919013,0.00862225,0.00171129,0.00161107,0.000100224,0.866379,11.0587,0.0089234,0.00273547,0.144071,3.43151,3.15122
0,5.40304,0.30792,-0.525944,0.0219989,3.46442e-05,4.0627e-06,3.05815e-05,0.880036,12.4216,2.52335e-05,6.87914e-06,0.144071,0.0243473,2.50323
0,4.85967,0.535216,-0.503682,0.021021,3.95361e-05,3.1942e-06,3.63419e-05,0.927266,21.5907,3.44839e-05,5.40874e-06,0.144071,0.0301752,2.492
0,2.0455277,0.965233323,-1.49718505,0.0172334514,0.0648292964,0.0227628347,0.0420664617,-0.243382979,36.4148366,0.443183744,0,0.144070667,-67573.8601,-11.6841731
0,6.11485,0.441068,-0.895347,0.0149053,0.000754177,0.000688302,6.58748e-05,0.912642,17.7801,0.00612365,0.00116759,0.144071,3.86459,3.13375
2,0.7491841,0.471299281,-1.68276643,0.0230775925,-0.0171973444,-0.0171973444,-2.42861287e-17,-4.1910463,19.3400308,-0.163487042,0,0.144070667,-22603.7739,-2.70986147
2,6.659758,0.909420452647,-1.45966741994,0.0144628171892,-0.0182935289327,-0.0243094437153,0.0060159147826,-0.000186838933785,37.3587956462,-0.445928170134,0,0.144070666667,-55773255.7651,-10829.2062685
0,4.79015,0.624117,-0.555671,0.0237371,3.83605e-05,5.51573e-06,3.28448e-05,0.936971,25.177,6.94375e-05,9.3399e-06,0.144071,0.0679025,2.58567
0,4.71278,0.784465,-0.533644,0.0229189,3.91291e-05,4.30485e-06,3.48243e-05,0.949195,31.6455,6.81172e-05,7.2895e-06,0.144071,0.0634869,2.56019
2,22.962375,0.36132908,-1.5570249,0.012515703,0.15893282,-0.22572211,0.38465494,1.5717581,12.259952,-1.6451375,0,0.14407067,7598.1396,5.6597843
0,5.06815,0.745295,-0.678923,0.0190757,7.61221e-05,3.34242e-05,4.26979e-05,0.946644,30.0643,0.000502476,5.66037e-05,0.144071,0.390864,2.79892
0,40.39589,0.4793703,-1.197236,0.02278057,0.02106327,0.02019928,0.0008639968,0.906032,18.93132,0.1953134,0.0369097,0.1440707,200.2533,3.676616
0,6.55542,0.410955,-0.953856,0.013683,0.00167562,0.00158658,8.90453e-05,0.906286,16.5509,0.0131517,0.00269673,0.144071,7.68094,3.22829
0,10.7293,0.236371,-0.641768,0.0208347,4.8374e-05,1.89905e-05,2.93835e-05,0.849196,9.53519,9.05434e-05,3.21566e-05,0.144071,0.0857463,2.68376
2,22.9850432,0.335047599,-1.60924594,0.0227622267,0.162778535,-0.30147174,0.464250275,1.84985831,11.3162369,-2.03740932,0,0.144070667,11654.1263,6.5215913
0,6.29773,0.993155,-0.754502,0.0179213,0.000143513,9.39077e-05,4.96053e-05,0.959364,40.0599,0.00188124,0.000159063,0.144071,1.35676,2.93863
0,37.6346,0.685266,-1.05255,0.0141238,0.00568338,0.00541553,0.00026785,0.938623,27.4877,0.0748557,0.00928139,0.144071,43.7572,3.42339
2,14.1044679,0.261003019,-1.72544155,0.0174316379,-0.614687825,-0.801845537,0.187157712,5.28061851,17.0015794,-4.22144775,0,0.144070667,27284.22,9.71660588
0,0.7259148,0.46859818173581,-1.8243218847981,0.011402548049053,0.019006039510255,0.019006013039244,2.6471010192847e-08,-0.00042256939381829,18.544797648981,0.17964568596871,0,0.14407066666667,-1324432233.059,-257181.99150047
0,5.87393,0.562334,-0.797602,0.0212886,0.000177513,0.00013749,4.00229e-05,0.930441,22.6815,0.00155952,0.000232926,0.144071,1.3778,2.98252
0,32.0309,0.370805,-1.11827,0.0148078,0.0121593,0.0118382,0.000321112,0.89068,14.777,0.088543,0.0205915,0.144071,57.6608,3.50599
2,21.718805,0.725108978,-1.72553788,0.0139703506,-0.307162,-0.417012745,0.109850746,4.93075798,38.2373567,-6.09926891,0,0.144070667,65798.9046,17.2408607
0,4.4510916,0.88492452,-1.4664071,0.015634302,0.16480912,0.005431112,0.15937801,5.3037143,29.815846,0.096943826,0,0.14407067,1709.8762,4.3491252
0,29.24075,0.8681182,-1.215026,0.01291708,0.04931091,0.04334077,0.005970146,0.9212012,33.2945,0.7589281,0.08180534,0.1440707,435.3129,3.779948
0,4.67111,0.579659,-0.520749,0.0097299,8.78296e-05,8.59221e-06,7.92374e-05,0.932434,23.3824,0.000100462,1.45496e-05,0.144071,0.040464,2.52414
2,0.7467334,0.3131807403741,-1.916187704851,0.01834748234143,-0.103937444595,-0.1039375072118,6.261681419206e-08,-0.004250012534484,13.94744562945,-0.6565873536564,0,0.1440706666667,-322313611.4119,-62586.65185871
0,6.0763,0.427945,-0.808439,0.0119195,0.000350026,0.000282201,6.78245e-05,0.910472,17.258,0.00243597,0.000478152,0.144071,1.23136,2.98756
1,0.24582,0.27859,-1.9404,0.012105,,,,,,,,,,
0,6.11168,0.850904,-0.828024,0.0231233,0.000229716,0.000187057,4.26585e-05,0.95285,34.3191,0.00321056,0.000316975,0.144071,3.00901,3.0534
1,0.34604,0.90848,-1.8225,0.015725,,,,,,,,,,
0,80.478667,0.61672415,-1.4836995,0.018385963,0.38540942,0.2565055,0.12890392,0.66081383,15.290864,3.1908972,1.8123347,0.14407067,8788.5052,5.8250868
0,6.12617,0.427526,-0.87644,0.0172427,0.000520165,0.000466904,5.32603e-05,0.910285,17.2382,0.00402639,0.000791687,0.144071,2.94653,3.10072
0,34.5885,0.282722,-1.1466,0.00852233,0.0297284,0.0291204,0.000607999,0.852308,11.0665,0.166067,0.0514847,0.144071,64.936,3.54184
2,7.9162634,0.95287129338,-1.44629852793,0.0137895851112,-0.0853870486365,-0.131327971135,0.045940922499,-0.000943981826583,41.7228575031,-2.52415865508,0,0.144070666667,-10383249.3088,-2015.13053826
0,5.64495,0.33413,-0.739907,0.0214208,9.84528e-05,6.51413e-05,3.33115e-05,0.888355,13.4781,0.000439033,0.000110327,0.144071,0.408692,2.8622
0,48.03594,0.5178269,-1.262192,0.02124454,0.05017117,0.04485984,0.005311329,0.8924701,19.84198,0.4685625,0.09116163,0.1440707,490.7813,3.844048
0,47.01919,0.4633322,-1.234954,0.02027088,0.03736099,0.03528674,0.002074253,0.8929525,17.99331,0.3297837,0.06733511,0.1440707,313.4976,3.759354
0,5.6018,0.21972,-0.7135,0.019662,8.0858e-05,5.056e-05,3.0298e-05,0.83958,8.8632,0.00022408,8.5622e-05,0.14407,0.20257,2.7997
2,13.6434747,0.4133083315,-1.627422478,0.01740906598,-9.05608109,-9.056144294,6.320344276e-05,-1.072985107,167.6710534,-75.49925461,0,0.1440706667,-375990.9674,-71.53172324
0,5.01864,0.518918,-0.575462,0.021939,4.23784e-05,7.69506e-06,3.46834e-05,0.925152,20.9332,8.05445e-05,1.30303e-05,0.144071,0.0737277,2.60969
0,101.479,0.4418652,-1.311705,0.02182322,0.08125812,0.06738192,0.0138762,0.8608519,16.37715,0.6005627,0.1676263,0.1440707,793.2469,3.976964
0,17.4544273,0.7493056629,-1.711504389,0.02023260777,0.1447533356,0.08650619076,0.05824714481,1.818033132,25.85267996,1.30746892,0,0.1440706667,100754.2025,24.03647195
0,6.76682,0.260303,-0.99646,0.0249418,0.00154981,0.00150146,4.83513e-05,0.860214,10.4848,0.00788346,0.00255715,0.144071,8.86084,3.27847
0,7.46839,0.771586,-0.978196,0.009424,0.00335727,0.00314311,0.000214161,0.946242,31.0226,0.0489181,0.0053526,0.144071,18.8501,3.30093
0,42.27663,0.3084184,-1.287058,0.01926457,0.06950449,0.06543903,0.004065458,0.8364105,11.57736,0.4071011,0.1383604,0.1440707,420.5318,3.847334
1,0.2313,0.75629,-1.8412,0.011764,,,,,,,,,,
0,6.71592,0.354783,-0.987142,0.0202637,0.00170789,0.00164034,6.75486e-05,0.893156,14.2882,0.0117388,0.00279245,0.144071,10.3179,3.27725
1,0.33008,0.43543,-1.9915,0.0093101,,,,,,,,,,
0,5.24507,0.537455,-0.624641,0.0139778,7.78383e-05,2.27152e-05,5.51231e-05,0.927523,21.6802,0.000246254,3.84658e-05,0.144071,0.143249,2.69301
0,28.1352306,0.290669785,-1.74607678,0.0183212892,0.884602965,0.641344281,0.243258684,0.190708872,1.35316173,3.76024625,0,0.144070667,78378.7644,19.7131936
0,45.39088,0.2208201,-1.367552,0.01003141,0.2562181,0.2202482,0.03596987,0.6767105,6.625816,0.9810162,0.7472044,0.1440707,836.5175,4.043943
0,6.11254,0.501932,-0.893528,0.022989,0.000480546,0.000436043,4.45024e-05,0.922536,20.2391,0.00441468,0.00073955,0.144071,4.25141,3.13691
0,11.47504,0.5424612,-1.167617,0.02200439,0.01526191,0.01463539,0.0006265171,0.9183961,21.54987,0.1601394,0.02611944,0.1440707,153.7182,3.624371
0,6.11508,0.800076,-0.845684,0.012149,0.000530365,0.000446547,8.38177e-05,0.949818,32.2594,0.00720649,0.000756914,0.144071,3.55993,3.07981
0,21.2236,0.223448,-1.11954,0.018306,0.00989638,0.00972522,0.000171159,0.835897,8.9251,0.0438331,0.016932,0.144071,37.7225,3.48159
0,15.413889,0.20292181,-1.5615151,0.014248211,0.56691783,0.56560088,0.0013169469,0.79650865,3.5453099,2.3150692,0,0.14407067,4593.2091,5.0549037
0,46.883926,0.23596744,-1.4442985,0.009516422,0.44452693,0.3089777,0.13554923,0.54861232,5.2877419,1.4706332,2.1108379,0.14407067,2206.8387,4.4366284
0,27.35235,0.3101951,-1.191439,0.01897046,0.02318739,0.02263828,0.0005491169,0.8663805,12.22366,0.1416457,0.04114215,0.1440707,125.5147,3.632301
0,16.9489,0.918885,-1.08905,0.0116275,0.0110676,0.0104137,0.000653958,0.949103,36.6592,0.193014,0.0180185,0.144071,92.2386,3.50762
0,34.5912796,0.886353806,-1.69322411,0.0235031176,0.219137733,0.0369145006,0.182223233,3.70403099,27.9213696,0.65997773,0,0.144070667,42232.4211,12.6095345
0,29.898703,0.499139407,-1.750442871,0.009636830536,0.9933285472,0.7119844905,0.2813440567,0.01302917496,0.134337555,7.16832294,0,0.1440706667,120463.6808,27.91185151
0,47.3878,0.434979,-1.10332,0.0170399,0.00880539,0.0085357,0.000269683,0.906425,17.3933,0.0748916,0.0147673,0.144071,55.0375,3.48813
0,5.1901,0.775935,-0.683202,0.02394,6.23661e-05,2.81373e-05,3.42288e-05,0.94865,31.3006,0.000440386,4.76505e-05,0.144071,0.429019,2.80799
0,10.1358,0.5590764,-1.142659,0.0246613,0.0100267,0.009631469,0.0003952333,0.9237421,22.328,0.1086148,0.0169135,0.1440707,114.9174,3.576931
2,1.0918488,0.241398417,-1.94217527,0.0164842819,0.1656094,-0.0842718128,0.249881213,29.5787662,8.12566639,-0.410338178,0,0.144070667,37672.4038,11.9671333
0,13.11237,0.9630091,-1.117887,0.01917619,0.009712237,0.009075721,0.0006365165,0.9518946,38.4722,0.1762937,0.01582327,0.1440707,139.7829,3.567052
0,0.4721246,0.3375220745830473,-1.988280965576224,0.01416148428932023,0,0,0,-2.157818704452908e-137,13.61624471035613,0,0,0.1440706666666666,-1.564533701963836e+143,-3.038070575709834e+139
0,15.89275,0.7050753,-1.162918,0.02468862,0.01302876,0.01230983,0.0007189328,0.935376,28.07341,0.1750704,0.02191633,0.1440707,185.102,3.635313
0,35.766683,0.71656681,-1.3262334,0.0099346697,0.20755686,0.15173359,0.05582327,0.80286336,22.90762,2.1931261,0.4437671,0.14407067,1433.7855,4.1462905
0,6.34662,0.321155,-0.898604,0.00870114,0.00132939,0.00122904,0.000100351,0.883603,12.9387,0.00796171,0.00208557,0.144071,3.02881,3.12432
0,22.0200907,0.2124641086,-1.897384255,0.01928728279,0.9999308369,0.6988762987,0.3010545382,0.0001165806797,0.0005928099361,2.995098146,0,0.1440706667,392255.505,80.89701522
0,35.5178499,0.886472574,-1.49238773,0.014404552,0.801541366,0.763243301,0.0382980655,-0.166581723,7.09725593,13.6475117,0,0.144070667,-18092.2302,-2.01273208
0,5.37209,0.746507,-0.637939,0.0121544,0.00850715,3.07335e-05,0.00847641,0.946235,29.8592,0.000462776,5.24766e-05,0.144071,0.229411,2.73052
0,34.1166,0.927017,-1.06152,0.0225999,0.00403602,0.00379587,0.000240149,0.954062,37.2466,0.0709781,0.00650858,0.144071,65.4546,3.45726
0,0.4591804,0.7040697912,-1.867845021,0.01766626245,0,0,0,14.14018006,28.40343578,0,0,0.1440706667,106026.1698,25.2191637
0,19.4889902,0.620009395,-1.697548,0.0145535723,0.315070805,0.209158332,0.105912473,1.4342309,17.1316469,2.61576431,0,0.144070667,70743.165,18.1766888
0,6.22452,0.31129,-0.864855,0.0172608,0.000448088,0.000402012,4.60754e-05,0.880924,12.5524,0.00252424,0.000681515,0.144071,1.91056,3.06668
0,4.70969,0.920237,-0.601212,0.0133473,7.85854e-05,1.76062e-05,6.09792e-05,0.956335,37.1211,0.000326807,2.98143e-05,0.144071,0.176062,2.68019
0,22.1972,0.346219,-1.09889,0.0149539,0.00943555,0.00919514,0.000240407,0.885983,13.8353,0.0642147,0.0158985,0.144071,42.3168,3.46774
0,6.52548,0.269082,-0.817674,0.0133985,0.000334772,0.000282658,5.21145e-05,0.864876,10.8516,0.00153416,0.00047894,0.144071,0.91773,2.98163
1,84.1287,0.922193,-1.29334,0.0212195,,,,,,,,,,
0,6.19345,0.68497,-0.846137,0.0123471,0.000521191,0.00044195,7.92415e-05,0.941934,27.6185,0.00610618,0.000749116,0.144071,3.09124,3.07291
0,37.981315,0.29130442,-1.5395006,0.021808264,0.44947952,0.29196431,0.15751521,0.56087875,6.4695746,1.7155446,3.1288675,0.14407067,8971.237,5.9174289
2,11.26212,0.2475816,-1.578555,0.0099654857,0.049108606,-0.0018971365,0.051005743,4.5068233,9.4973939,-0.0094741907,0,0.14407067,2706.7129,4.6784433
0,6.50748,0.698297,-0.665811,0.0207808,6.46751e-05,2.59266e-05,3.87485e-05,0.943268,28.1687,0.000365183,4.39053e-05,0.144071,0.310563,2.77397
0,6.19132,0.602354,-0.871201,0.0150456,0.00056754,0.00050028,6.72593e-05,0.934503,24.2863,0.00607842,0.000848254,0.144071,3.78052,3.10845
0,4.95534,0.874231,-0.626024,0.0214502,5.30094e-05,1.50675e-05,3.79419e-05,0.954161,35.2662,0.000265701,2.55152e-05,0.144071,0.230571,2.71887
1,0.25922,0.82665,-1.9649,0.02186,,,,,,,,,,
2,1.3510213,0.6409205805934721,-1.756190168797331,0.02433628378328166,-3663.649946320543,-3663.649946320543,0,-4.339746675298888e-16,94752.76236445004,-47363.45324043625,0,0.1440706666666666,-2.746401936276115e+24,-5.333066907539104e+20
0,39.498922,0.3703388,-1.5391907,0.016572318,0.80436944,0.28111852,0.52325092,0.30032952,2.922746,2.0999736,0,0.14407067,7538.9374,5.6300521
0,13.3881169,0.296186387247,-1.75493975639,0.0148698012127,0.0995947275828,0.0216821553558,0.077912572227,-0.00575127695814,10.7586626509,0.129536666524,0,0.144070666667,-23155557.7258,-4495.03814897
0,27.8636,0.344757,-1.15521,0.0123667,0.022941,0.0223738,0.000567207,0.877077,13.589,0.155589,0.0396277,0.144071,86.5446,3.5694
0,32.072514,0.65251773,-1.336487,0.022270115,0.1052576,0.075993641,0.029263956,0.86972379,23.552961,1.0002182,0.2258319,0.14407067,1552.42,4.1836658
0,30.9567,0.399045,-1.08584,0.0157207,0.00764535,0.00742227,0.000223073,0.900015,15.9751,0.0597426,0.0127877,0.144071,40.6721,3.45232
0,6.6806,0.24819,-0.99546,0.024011,0.0015884,0.0015399,4.8423e-05,0.8544,9.9964,0.0077091,0.0026225,0.14407,8.3974,3.2746
2,10.1090968,0.793264709,-1.6070316,0.0125868699,0.273670591,-0.0387154176,0.312386009,2.56403866,23.2437892,-0.619479947,0,0.144070667,16785.9519,7.53464276
0,12.2991681,0.57408169168,-1.7393153215,0.018207743185,0.63780140405,0.58921853502,0.048582869034,-0.018340701023,8.3883322782,6.8229983654,0,0.14407066667,-4631918.0641,-897.98084225
1,0.2367,0.33658,-1.997,0.020773,,,,,,,,,,
0,4.82982,0.758136,-0.614127,0.023218,4.66113e-05,1.19476e-05,3.46637e-05,0.947519,30.5831,0.000182706,2.02318e-05,0.144071,0.172819,2.69215
2,0.7829569,0.293921932,-1.95708116,0.0184792979,-0.000395164715,-0.000830373117,0.000435208402,-29.5696431,11.8620225,-0.0049230069,0,0.144070667,-66620.6365,-11.0384464
0,47.91558,0.6204398,-1.19224,0.01664466,0.02748654,0.02594036,0.001546179,0.9188302,24.34167,0.3246391,0.04737623,0.1440707,238.1157,3.68787
0,44.600438,0.602737179,-1.64403006,0.0195342858,0.716017155,0.496427411,0.219589745,0.36082612,6.90518395,6.03543956,13.3758879,0.144070667,56994.7392,15.442346
2,23.1437451,0.642169429,-1.58696066,0.0131200049,-0.210514007,-0.34701499,0.136500983,2.32160246,31.3598959,-4.49493103,0,0.144070667,19327.9456,8.01543118
0,6.23553,0.540984,-0.763598,0.0161016,0.000168092,0.00011747,5.06215e-05,0.927903,21.8206,0.00128185,0.00019898,0.144071,0.858777,2.92413
0,6.34136,0.803825,-0.907819,0.0139367,0.000956909,0.00086373,9.31792e-05,0.949762,32.3967,0.0140044,0.0014657,0.144071,7.94196,3.18402
0,32.75788,0.9732068,-1.215763,0.01428919,0.04611428,0.03945964,0.006654638,0.9280111,37.45042,0.7746105,0.07465356,0.1440707,490.6808,3.797589
0,4.47211,0.963288,-0.5326,0.021164,4.281e-05,4.59973e-06,3.82103e-05,0.958225,38.8591,8.93746e-05,7.78885e-06,0.144071,0.0761961,2.56852
0,5.89373,0.278092,-0.704228,0.0198735,7.76926e-05,4.44044e-05,3.32882e-05,0.868832,11.2179,0.000249081,7.51987e-05,0.144071,0.219936,2.79464
2,21.119872,0.51279154492,-1.6906831562,0.015490916328,0.12849022513,-0.031731025466,0.1602212506,-0.01213296872,18.028860753,-0.32820873396,0,0.14407066667,-8057688.6544,-1563.286982
0,35.57891,0.37641212,-1.3481941,0.015014956,0.15977004,0.12600917,0.033760865,0.79515736,12.759009,0.95673339,0.38930619,0.14407067,1069.0956,4.0823534
0,33.790175,0.95554281,-1.3046713,0.016495587,0.10790448,0.077321101,0.030583384,0.88548126,34.388772,1.4902988,0.20260867,0.14407067,1479.4505,4.1352068
0,5.11059,0.97874,-0.6436,0.0242188,5.07769e-05,1.67246e-05,3.40523e-05,0.958852,39.4821,0.000330178,2.83217e-05,0.144071,0.321928,2.75361
0,0.7636424,0.6974199347,-1.825191869,0.01215922036,0.004834281264,0.004834205271,7.599312976e-08,-3.859398978,27.99915535,0.06800559033,0,0.1440706667,-221403.3023,-41.28832666
0,10.0997929,0.9658634568,-1.454659141,0.01086821838,0.1644637292,0.02841920645,0.1360445228,-0.06612514951,32.55638747,0.5536723714,0,0.1440706667,-128775.0244,-23.64410573
0,9.8008427,0.40342261,-1.7122964,0.011916506,0.0058465035,0.0031659458,0.0026805577,-20.661588,16.17964,0.025762552,0,0.14407067,-5605.0892,0.69218708
2,34.3465524,0.386611743,-1.70963052,0.0152487466,-0.0331781249,-0.75807292,0.724894795,1.96027562,16.1140761,-5.91168378,0,0.144070667,56858.3684,15.4813424
1,0.45061,0.67652,-1.9827,0.017148,,,,,,,,,,
0,0.7897094,0.6176526649,-1.899321743,0.01354619106,0.2564350951,0.2564350951,5.551115123e-17,-1.88238508,18.52756601,3.194824097,0,0.1440706667,-778391.7526,-149.436916
0,7.12241,0.751487,-0.985794,0.0172828,0.00201239,0.00189005,0.000122344,0.945808,30.2553,0.0286496,0.0032179,0.144071,20.2779,3.31256
0,0.4712753,0.7772858114565198,-1.953056200914175,0.02205154180596898,0,0,0,-1.32857400436359e-31,31.35710110739908,0,0,0.1440706666666666,-3.722144620546511e+37,-7.227800868734747e+33
0,6.38963,0.611978,-0.932743,0.024201,0.000739093,0.000684745,5.43488e-05,0.935351,24.67,0.00845259,0.00116255,0.144071,8.45816,3.21228
0,35.1367,0.572937,-1.09535,0.0154431,0.00885513,0.00851107,0.000344055,0.926066,22.9086,0.0983595,0.0147089,0.144071,64.0483,3.4897
0,1.0336105,0.71606050235,-1.7839821013,0.022259536738,0.052084113014,0.052084111465,1.5492934019e-09,-0.4352188529,27.382600296,0.75228109668,0,0.14407066667,-1130939.4992,-218.03050248
2,1.082269,0.8163904237,-1.892250823,0.02099145806,-0.05787111256,-0.05787111256,2.081668171e-17,-23.95771425,34.84061608,-0.9529824526,0,0.1440706667,-105022.9052,-18.58376163
2,7.7922083,0.81847559,-1.4500397,0.013508181,0.04077404,-0.014698282,0.055472322,3.9327583,31.672462,-0.2426596,0,0.14407067,1985.0779,4.3938657
0,28.7659115,0.9911183675,-1.826410893,0.01932756572,0.987828737,0.3759997743,0.6118289627,0.03756391821,0.4866495642,7.516891459,0,0.1440706667,401610.0314,82.64375007
2,18.5324093,0.736721784,-1.68488725,0.0186102121,-0.153089689,-0.186764344,0.0336746549,3.39680648,34.2706046,-2.77538125,0,0.144070667,50784.1393,14.2712773
0,0.3116512,0.2772721855569711,-1.516348135157105,0.01002222103020767,0,0,0,-3.982517675164146e-11,11.18565632953898,0,0,0.1440706666666666,-162253684757547.8,-31507032724.07818
0,4.54564,0.830901,-0.569737,0.0142517,6.73681e-05,1.10056e-05,5.63625e-05,0.951878,33.5178,0.000184454,1.86365e-05,0.144071,0.106601,2.62292
0,46.84214,0.7861764,-1.180635,0.02379352,0.01705561,0.01582039,0.001235223,0.9382035,31.17483,0.2508778,0.0285521,0.1440707,257.3009,3.683972
2,0.7542547,0.630615646202,-1.82738448757,0.0111420358094,-0.00363628514294,-0.00363638127138,9.61284405089e-08,-0.0548211722385,25.5326717673,-0.0462550680945,0,0.144070666667,-14619690.8588,-2837.41523931
0,6.17527,0.412971,-0.73431,0.00885301,0.000232309,0.000146674,8.56353e-05,0.907608,16.6561,0.0012218,0.000248431,0.144071,0.460056,2.86269
0,37.674444,0.74451328,-1.341517,0.021267318,0.11873475,0.083042857,0.035691891,0.86716829,26.468801,1.247096,0.25226362,0.14407067,1866.5325,4.2591594
2,30.74952,0.74143259,-1.3763577,0.017189812,0.77961105,-0.23579833,1.0154094,0.44130326,6.5919918,-3.5264487,0,0.14407067,1429.0304,4.1953208
0,6.00962,0.726007,-0.794986,0.0223715,0.000166471,0.000126514,3.99574e-05,0.945247,29.2835,0.00185269,0.000214328,0.144071,1.69313,2.99056
0,6.40973,0.941487,-0.835812,0.0156709,0.000370868,0.000305014,6.58533e-05,0.957087,37.9672,0.00579242,0.000516925,0.144071,3.66282,3.07142
0,6.1033,0.24261,-0.65044,0.02447,4.3384e-05,1.8073e-05,2.5311e-05,0.85251,9.787,8.8444e-05,3.0604e-05,0.14407,0.097995,2.6993
0,6.81606,0.259232,-1.02446,0.0244654,0.00224714,0.00218764,5.94976e-05,0.859294,10.4344,0.011439,0.00373536,0.144071,12.6488,3.32549
0,6.10026,0.466565,-0.761743,0.0143499,0.00018367,0.000128706,5.49637e-05,0.917359,18.8186,0.00121126,0.000218011,0.144071,0.731499,2.91401
1,0.42408,0.87735,-1.9335,0.021471,,,,,,,,,,
0,0.4745678,0.2629698987,-1.909812996,0.01746509732,0,0,0,8.3083987,10.60867647,0,0,0.1440706667,115546.5776,27.11425864
0,6.26457,0.834199,-0.746645,0.012084,0.000197176,0.000125901,7.12758e-05,0.951975,33.6465,0.00211847,0.000213254,0.144071,1.03815,2.91696
0,54.67005,0.9325716,-1.169563,0.009834131,0.03610023,0.03314595,0.002954286,0.9331586,36.26346,0.6235019,0.05992323,0.1440707,261.0251,3.674361
0,6.4182,0.21589,-0.61973,0.0085818,0.00010257,3.474e-05,6.7834e-05,0.83719,8.7085,0.00015128,5.8826e-05,0.14407,0.059855,2.6432
0,6.4767,0.490148,-0.949365,0.011706,0.00186145,0.00175067,0.000110778,0.919948,19.7366,0.0173084,0.00297548,0.144071,8.51754,3.22927
1,0.23333,0.68797,-1.9129,0.011017,,,,,,,,,,
0,26.209708,0.42122017,-1.549367,0.020540126,0.33400681,0.19943811,0.1345687,1.2122001,11.317073,1.6945036,0,0.14407067,8242.2247,5.781378
0,5.3497,0.403844,-0.56545,0.0203932,4.28277e-05,7.27944e-06,3.55483e-05,0.905839,16.2911,5.92976e-05,1.23264e-05,0.144071,0.0515297,2.58127
0,48.29112,0.2078558,-1.209189,0.01895714,0.02879644,0.02821218,0.0005842537,0.8146965,8.143809,0.1182835,0.051714,0.1440707,111.6992,3.641376
0,5.50276,0.652801,-0.709239,0.017715,9.89295e-05,5.3124e-05,4.58055e-05,0.939533,26.3325,0.000699515,8.997e-05,0.144071,0.509163,2.84284
0,53.86061,0.5533845,-1.306959,0.02386113,0.07291669,0.05795381,0.01496288,0.8819327,20.69669,0.6468955,0.1442427,0.1440707,920.6355,4.004607
0,33.803469,0.57722763,-1.3439694,0.022771986,0.11041509,0.080198293,0.030216798,0.8591795,20.715226,0.9337646,0.24313473,0.14407067,1521.5668,4.1841255
0,0.4605088,0.8067682665390261,-1.946111115561596,0.02491949505019444,0,0,0,-1.245125406894358e-08,32.54647612401511,0,0,0.1440706666666666,-377043261587777.5,-73215683200.06039
1,0.34131,0.7746,-1.9779,0.022432,,,,,,,,,,
0,48.51022,0.65896102,-1.415538,0.014360426,0.17898482,0.12283149,0.056153338,1.1686408,21.825594,1.6326557,0,0.14407067,2955.3714,4.5682277
0,0.438077,0.298053452,-1.88863484,0.0174079689,0,0,0,-16.9502698,12.0240098,0,0,0.144070667,-48904.0394,-7.65073193
0,78.688981,0.87147773,-1.4195746,0.023168698,0.22573025,0.14874371,0.07698654,0.79821479,27.22098,2.6146892,0.63111164,0.14407067,5683.6736,5.1356592
0,4.50147,0.900549,-0.562197,0.0149884,6.33768e-05,9.49881e-06,5.3878e-05,0.955433,36.3275,0.000172545,1.60849e-05,0.144071,0.104483,2.61435
2,13.9273369,0.295044165183635,-1.62213182105685,0.0228953651419945,-12295.8986100165,-12295.8986101766,1.60080162459053e-07,-0.0182746130221575,146365.185936324,-73176.6416642136,0,0.144070666666667,-18004827598.7547,-3496244.43862711
0,48.768919,0.29553087,-1.4326785,0.017068547,0.31022972,0.21092913,0.099300589,0.66638571,8.2236099,1.2573743,1.0137027,0.14407067,2433.7799,4.4741063
0,0.4571861,0.3714319564633399,-1.966731353693607,0.01009192509189052,0,0,0,-2.893725254218999e-06,14.98423004983865,0,0,0.1440706666666666,-973433579825.5701,-189025004.4455411
0,29.9633,0.280817,-1.13482,0.0140741,0.0156386,0.0153168,0.000321745,0.860321,11.1515,0.0867596,0.0267978,0.144071,55.7222,3.5204
0,6.03151,0.550399,-0.841664,0.0125352,0.000483913,0.000411043,7.28701e-05,0.928846,22.1933,0.00456342,0.000696681,0.144071,2.37838,3.05483
0,9.85247,0.916242,-0.978938,0.0236443,0.00136248,0.00126638,9.61025e-05,0.955317,36.9125,0.0234044,0.00215384,0.144071,22.4286,3.3113
0,26.5121,0.423259,-1.12304,0.00835225,0.0228587,0.0221852,0.000673531,0.895266,16.6847,0.189406,0.0388143,0.144071,68.865,3.52206
0,47.7997,0.7169336,-1.239585,0.01706079,0.04947469,0.04321839,0.006256303,0.9121813,27.49146,0.6249894,0.08490757,0.1440707,497.6218,3.82348
1,0.25593,0.80802,-1.888,0.016912,,,,,,,,,,
1,0.36964,0.54446,-1.8743,0.010559,,,,,,,,,,
2,1.034708,0.7680352827157313,-1.937728215292721,0.0128436598075992,-1.156908399944619,-1.160072120748476,0.003163720803856185,-1.723337607635506e-06,66.82947346756372,-17.97178985811618,0,0.1440706666666666,-5022667446114.646,-975320515.3490087
0,6.31582,0.593344,-0.92515,0.0218576,0.000744911,0.000687849,5.70627e-05,0.933466,23.9187,0.00823237,0.00116757,0.144071,7.45355,3.198
0,14.1855638,0.747028973,-1.64713821,0.0185497732,0.000204721689,0.000199549947,5.17174145e-06,3.04465162,30.1303165,0.00300686711,0,0.144070667,30673.4228,10.302447
0,6.19535,0.402613,-0.889227,0.021689,0.000480298,0.000437373,4.29259e-05,0.905302,16.2343,0.00355193,0.00074174,0.144071,3.28828,3.11922
1,0.24046,0.77111,-1.9873,0.024888,,,,,,,,,,
0,23.1083,0.904629,-1.02942,0.0195742,0.003101,0.00291315,0.000187845,0.953648,36.3812,0.0531568,0.00497557,0.144071,42.3499,3.3983
0,6.1627,0.637561,-0.823095,0.0249908,0.000199,0.000162471,3.65292e-05,0.938114,25.7152,0.0020894,0.000275295,0.144071,2.14956,3.03102
0,5.02369,0.678055,-0.717416,0.0245703,7.60491e-05,4.25438e-05,3.35053e-05,0.941666,27.3519,0.00058187,7.20519e-05,0.144071,0.586116,2.85827
2,1.0653779,0.2290417213742,-1.920035241149,0.01888016100985,-8.764127356421,-8.764127415983,5.956169957244e-08,-0.03733680077986,90.22007848137,-40.49006298401,0,0.1440706666667,-249346657.5236,-48417.63639617
0,16.997475,0.75394325,-1.5156537,0.011027015,0.22312037,0.15989671,0.063223657,1.6134551,23.629121,2.4316628,0,0.14407067,8385.0912,5.7762902
0,4.67344,0.549225,-0.540519,0.0232028,3.76514e-05,4.64478e-06,3.30066e-05,0.92899,22.1559,5.14565e-05,7.86504e-06,0.144071,0.0496085,2.55438
0,5.99452,0.899287,-0.823848,0.0171305,0.000297004,0.000239299,5.77055e-05,0.955222,36.2681,0.00434074,0.000405518,0.144071,3.00633,3.04918
0,6.700044,0.38742682,-1.4667744,0.020731488,0.00028780045,0.00025907731,2.8723134e-05,3.766965,15.624993,0.0020246233,0,0.14407067,1267.5773,4.2482257
1,0.3367,0.82277,-1.9563,0.019398,,,,,,,,,,
0,0.4363271,0.664967582,-1.78780584,0.0142600927,0,0,0,18.0708255,26.8259827,0,0,0.144070667,28027.2523,9.92463558
0,41.68225,0.2817275,-1.242292,0.01696168,0.04690796,0.04566109,0.001246864,0.841171,10.83227,0.2594781,0.08842502,0.1440707,220.1489,3.730401
0,46.737547,0.35321858,-1.4142449,0.0087510533,0.46976346,0.33114939,0.13861407,0.56011231,7.5555895,2.3593516,1.5603276,0.14407067,2099.4556,4.3831596
1,0.49826,0.53628,-1.9658,0.020421,,,,,,,,,,
0,48.66728,0.4063487,-1.270324,0.02322787,0.04926806,0.04546027,0.00380779,0.8748835,15.58519,0.3726113,0.09255772,0.1440707,436.5373,3.835628
2,8.8811933,0.42936611,-1.4751005,0.019461424,0.017319858,-0.0029511818,0.02027104,3.1380228,17.021393,-0.025559297,0,0.14407067,1844.7268,4.3879048
0,6.03472,0.561352,-0.783495,0.0160424,0.000204398,0.000152224,5.21747e-05,0.93031,22.6413,0.00172362,0.000257872,0.144071,1.14758,2.95898
0,21.0861,0.443959,-1.12948,0.0172007,0.0120953,0.0117219,0.000373323,0.905952,17.6935,0.104971,0.0204724,0.144071,78.3898,3.537
0,5.7054,0.22771,-0.75979,0.019481,0.00012419,9.247e-05,3.1725e-05,0.84431,9.1849,0.00042472,0.00015662,0.14407,0.37832,2.8781
0,4.63792,0.797532,-0.524183,0.0123674,7.16357e-05,7.06461e-06,6.45711e-05,0.949964,32.1716,0.000113648,1.19628e-05,0.144071,0.0571104,2.54529
0,38.736206,0.7992682,-1.4874863,0.012530583,0.31787689,0.20503921,0.11283768,1.2344035,21.994316,3.3056329,0,0.14407067,7104.6077,5.490959
0,36.5409682,0.6014312453,-1.778103327,0.01389862385,0.9742291091,0.6876267697,0.2866023394,0.05050037745,0.6252743084,8.341879899,0,0.1440706667,206373.4974,44.64946553
2,2.8987257,0.262672945,-1.81966825,0.0158281394,0.748353141,-0.246091095,0.994444236,1.21999233,2.66662547,-1.30387637,0,0.144070667,62137.0399,16.6209742
0,6.41605,0.306821,-0.974622,0.0246137,0.00119843,0.00115093,4.75068e-05,0.878937,12.3629,0.00712293,0.00195742,0.144071,7.72433,3.24935
0,29.6710412,0.6406762623,-1.871418997,0.0202508891,0.7042287528,0.3082145387,0.3960142141,0.6626835845,7.644511742,3.983060697,0,0.1440706667,637496.652,128.5178544
0,0.4646635,0.387115506,-1.78592814,0.0166173113,0,0,0,8.34129163,15.6169325,0,0,0.144070667,34505.687,11.1914496
2,6.3543991,0.88281151,-1.59257281,0.0168897818,-0.0174027066,-0.0307780433,0.0133753368,5.10611183,36.2339801,-0.548067645,0,0.144070667,10912.6876,6.35756521
0,5.84112,0.250232,-0.656199,0.013637,0.000140328,3.49128e-05,0.000105415,0.856321,10.0934,0.000176219,5.91343e-05,0.144071,0.108342,2.71021
0,39.99326,0.6612364,-1.236277,0.01611178,0.04992811,0.04462565,0.005302464,0.9075537,25.3436,0.5952049,0.0861682,0.1440707,441.8999,3.803249
0,5.08284,0.900106,-0.689141,0.0200647,7.78081e-05,3.62324e-05,4.15757e-05,0.955403,36.3091,0.000657833,6.13606e-05,0.144071,0.53332,2.82513
0,5.79253,0.804589,-0.735602,0.0227311,9.54261e-05,5.80834e-05,3.73427e-05,0.950365,32.4554,0.000942652,9.83749e-05,0.144071,0.870442,2.89683
0,43.823,0.230256,-1.19399,0.0132725,0.0340218,0.0334259,0.000595921,0.825046,8.97292,0.155246,0.0607646,0.144071,99.9757,3.6182
2,0.7865649,0.82184770018,-1.8792239392,0.010708562237,-0.17424499609,-0.17424511108,1.1499084243e-07,-0.27186845375,38.93186677,-2.8885315554,0,0.14407066667,-8748230.709,-1697.1947279
0,60.17955,0.2916896,-1.329853,0.01126331,0.1842054,0.1505622,0.03364319,0.7627411,9.599684,0.8858542,0.4100477,0.1440707,662.5484,3.960482
0,6.15396,0.500817,-0.865467,0.00912389,0.000869345,0.000766353,0.000102992,0.92213,20.1863,0.00774163,0.00129948,0.144071,2.95835,3.08996
0,5.14019,0.431415,-0.705095,0.0234661,7.02598e-05,3.80267e-05,3.22331e-05,0.911304,17.4028,0.000330909,6.43992e-05,0.144071,0.328939,2.81622
0,6.44249,0.359476,-0.94408,0.0119741,0.00169047,0.00159963,9.08384e-05,0.894403,14.4774,0.0115988,0.00271796,0.144071,6.00454,3.20554
1,182.6545,0.6345598,-1.283282,0.0247317,,,,,,,,,,
2,28.4754634,0.212855513,-1.7281148,0.00840963521,0.108428259,-0.00865555102,0.11708381,1.98309144,7.65590198,-0.0371624891,0,0.144070667,33858.9332,11.0070749
0,10.351591,0.68092781,-1.4647209,0.012709069,0.0149314,0.014071431,0.00085996855,3.9188771,27.059684,0.19327003,0,0.14407067,2055.1918,4.4239454
0,0.7588417,0.265657157,-1.93158377,0.0108988118,0.278891692,0.278891579,1.1335696e-07,-38.8255289,7.72817925,1.49445242,0,0.144070667,-23824.2966,-2.70075199
2,20.947658,0.36249053,-1.6356198,0.0141018153,0.752816976,-0.31159146,1.06440844,0.432820362,3.61468512,-2.27828149,0,0.144070667,22325.6491,8.65360424
0,20.03741,0.9193056,-1.129211,0.009970813,0.02134625,0.01997465,0.001371606,0.9423709,36.29478,0.3703942,0.0351963,0.1440707,154.0591,3.586145
2,21.382741,0.368841992,-1.63393149,0.0112165345,0.378820956,-0.00307022962,0.381891186,1.2157899,9.24298654,-0.0228421188,0,0.144070667,19887.3525,8.17249579
0,4.93828,0.672009,-0.715054,0.0248303,7.37609e-05,4.08403e-05,3.29206e-05,0.941174,27.108,0.000553592,6.91666e-05,0.144071,0.563825,2.85391
0,75.703395,0.72337371,-1.3955286,0.011200407,0.35195906,0.23474952,0.11720953,0.69466542,18.911254,3.4252526,0.95859361,0.14407067,3331.5806,4.6274288
0,13.62672,0.9128135,-1.108066,0.01134949,0.01439284,0.01352493,0.000867906,0.9466465,36.29452,0.2490247,0.02356665,0.1440707,116.8867,3.543594
2,38.0280897,0.6151055443,-1.79300214,0.02036962056,-3.256743664,-3.578145705,0.3214020408,7.567109714,105.6287903,-44.39487459,0,0.1440706667,281736.0723,59.31454799
0,6.04529,0.48109,-0.830322,0.0200066,0.000265766,0.000222668,4.30974e-05,0.919598,19.4029,0.00216077,0.000377327,0.144071,1.8155,3.0295
0,6.90567,0.448232,-1.00008,0.0140853,0.00290467,0.00278262,0.000122051,0.912547,18.03,0.0251583,0.00474359,0.144071,15.0471,3.3105
2,9.1963482,0.20409308,-1.6216117,0.016480784,0.25490686,-0.0083549816,0.26326184,3.1952056,6.1347098,-0.034395289,0,0.14407067,4287.3919,5.0520753
0,50.0923021,0.401543692,-1.54477058,0.0166970644,0.333570602,0.195263377,0.138307225,0.883377867,10.7954841,1.58153488,0,0.144070667,10170.434,6.16200994
0,27.024226,0.67169535,-1.4784621,0.021886474,0.38870602,0.37215169,0.016554324,1.3226646,16.564473,5.0421704,0,0.14407067,4447.0643,4.9418102
0,28.47064,0.93461278,-1.3149526,0.013703656,0.14079007,0.09971861,0.041071457,0.8617672,32.395611,1.8798929,0.27831923,0.14407067,1634.2301,4.1806565
0,6.23298,0.257188,-0.93532,0.022179,0.000812149,0.000772241,3.99077e-05,0.859221,10.367,0.00400616,0.00131123,0.144071,3.99948,3.17551
0,4.91704,0.64615,-0.615152,0.0187817,5.69314e-05,1.49655e-05,4.19659e-05,0.938976,26.0654,0.000195052,2.53422e-05,0.144071,0.150601,2.6861
0,123.0537,0.333201,-1.328447,0.02449289,0.08349376,0.07087677,0.01261699,0.835228,12.31961,0.4763601,0.1851888,0.1440707,762.5772,3.985725
0,5.949,0.570391,-0.753396,0.0203106,0.000121876,8.16936e-05,4.01823e-05,0.93139,23.0078,0.000939908,0.000138371,0.144071,0.791313,2.90971
2,29.641273,0.50545839,-1.4396192,0.011770142,0.357835,-0.14408853,0.50192353,1.1714408,13.094449,-1.4690616,0,0.14407067,2410.0701,4.4759399
0,4.59385,0.64442,-0.567265,0.016871,5.54508e-05,9.00651e-06,4.64443e-05,0.938824,25.9956,0.000117071,1.52511e-05,0.144071,0.0812073,2.60646
0,10.2314,0.607754,-1.00518,0.010723,0.00410306,0.00390015,0.000202908,0.932772,24.4173,0.0478118,0.00665256,0.144071,21.2845,3.33462
0,8.67187,0.357564,-1.14644,0.0248467,0.0103027,0.0100401,0.000262691,0.888497,14.2762,0.0724127,0.0176232,0.144071,80.1947,3.55549
2,14.6135932,0.9266480091,-1.666650466,0.01548283513,-0.01810370022,-0.01875382987,0.0006501296442,-0.2943141082,38.05940364,-0.350533831,0,0.1440706667,-514985.6345,-98.49916775
0,42.3834148,0.48556993775,-1.7377894191,0.020963179014,0.35520415444,0.054051970684,0.30115218376,-0.021035494166,12.630751417,0.52940555526,0,0.14407066667,-5963009.2076,-1156.4716483
2,16.2092582,0.434279209,-1.72041915,0.00850258533,0.948372474,-0.0602865712,1.00865904,0.105093474,0.904493649,-0.528098328,0,0.144070667,68378.5176,17.7386369
2,13.6554292,0.65372331351,-1.543310837,0.01105741639,0.25420462231,-0.051787253768,0.30599187608,-0.0045914132406,19.668390707,-0.68287627627,0,0.14407066667,-3498833.0793,-678.13571409
2,18.5079544,0.8847305396,-1.658130373,0.01510141453,-27.17322539,-63.60894547,36.43572008,-7.306116211,1005.54788,-1135.152958,0,0.1440706667,-491282.75,-93.9025512
2,35.5022097,0.640395288,-1.56626406,0.0145688378,-3.31741563,-3.58716536,0.269749731,7.65643243,111.539104,-46.3366567,0,0.144070667,15978.8235,7.33461195
2,20.391611,0.90679773,-1.5056268,0.023071001,-0.52637084,-0.92383172,0.39746088,8.5027535,55.83746,-16.897734,0,0.14407067,3305.5849,4.7320765
0,4.98923,0.752454,-0.610828,0.0181579,5.87763e-05,1.46433e-05,4.4133e-05,0.947136,30.3536,0.000222251,2.47967e-05,0.144071,0.164472,2.6863
0,50.03759,0.4484824,-1.286198,0.01185055,0.1133356,0.1001341,0.01320152,0.8404348,16.04205,0.9058423,0.2224513,0.1440707,573.5438,3.892132
0,6.04307,0.841175,-0.739053,0.0166151,0.000134597,8.30625e-05,5.15349e-05,0.952394,33.9299,0.00140934,0.000140686,0.144071,0.949199,2.90475
0,50.60688,0.9077335,-1.237541,0.01859878,0.0460098,0.03819833,0.00781147,0.9253294,34.93474,0.6994037,0.07586783,0.1440707,607.2122,3.852943
0,40.932285,0.38850239,-1.4375144,0.020345972,0.23615031,0.23174547,0.0044048368,0.74488558,11.971726,1.8160597,0.90491033,0.14407067,3372.7839,4.6780472
0,5.39086,0.661146,-0.67712,0.02234,6.38014e-05,2.7887e-05,3.59143e-05,0.940273,26.6701,0.000371899,4.7226e-05,0.144071,0.341093,2.79011
1,0.23613,0.49675,-1.9105,0.0095829,,,,,,,,,,
0,7.32809,0.206042,-1.03326,0.0177484,0.00407666,0.00337,0.000706666,0.82863,8.2782,0.0140059,0.00576487,0.144071,11.651,3.32987
0,4.60413,0.845344,-0.534529,0.0226561,3.98019e-05,4.40459e-06,3.53973e-05,0.952678,34.1014,7.51043e-05,7.4584e-06,0.144071,0.0689435,2.56531
0,30.35948,0.8776672,-1.214425,0.01827956,0.0350132,0.03067383,0.004339365,0.9312335,34.16697,0.5430291,0.05736211,0.1440707,438.5065,3.780342
0,4.68141,0.871916,-0.549325,0.0244426,3.78542e-05,4.93717e-06,3.2917e-05,0.954055,35.1733,8.68315e-05,8.36024e-06,0.144071,0.0858705,2.59139
0,49.74532,0.2464955,-1.334549,0.02075764,0.1025681,0.09207515,0.01049297,0.7909851,8.924126,0.4578009,0.2363289,0.1440707,630.8552,3.956505
0,40.2735,0.227067,-1.13349,0.0106379,0.0202363,0.0198895,0.000346827,0.831721,8.97492,0.0910966,0.0348533,0.144071,45.6027,3.50681
0,42.143067,0.58212619,-1.3821395,0.017169982,0.20338256,0.13924905,0.064133513,0.79690744,18.707774,1.6350632,0.52651147,0.14407067,2418.9631,4.4203762
0,6.20587,0.81013,-0.811175,0.00936316,0.000472443,0.000372058,0.000100385,0.950444,32.6666,0.00607982,0.000630467,0.144071,2.3126,3.02289
0,5.33845,0.258863,-0.718641,0.0147768,0.000115806,7.18637e-05,4.39425e-05,0.860428,10.4418,0.000375236,0.000121705,0.144071,0.248764,2.81539
0,24.2621999,0.241724302309,-1.71593438024,0.0194578805954,0.981092853034,0.806419298372,0.174673554662,-9.44755638058e-05,0.184374765747,3.93193561942,0,0.144070666667,-14637059.8956,-2840.89953552
0,6.32692,0.799754,-0.901691,0.020879,0.000593282,0.000533061,6.02206e-05,0.949758,32.2444,0.00859922,0.000904299,0.144071,7.30633,3.17348
0,6.95699,0.530032,-0.972141,0.0116575,0.00248555,0.00235239,0.000133159,0.925044,21.3293,0.0251499,0.00400329,0.144071,12.2651,3.27151
0,22.5742,0.68988,-1.03721,0.0164468,0.00402482,0.00382834,0.000196483,0.940058,27.719,0.0532732,0.0065453,0.144071,36.1802,3.39681
2,1.0678501,0.525505815620759,-1.75402024372834,0.014451727696888,-8.20222128810207,-8.20222128810207,0,-9.07224985989275e-05,195.0856681525,-86.9429114029748,0,0.144070666666667,-26305232764.8476,-5108048.32059299
1,64.0106,0.892848,-1.28001,0.0224947,,,,,,,,,,
0,32.7487,0.3328751,-1.346617,0.02358064,0.1016435,0.08229837,0.01934512,0.8231881,12.06383,0.5525832,0.2429193,0.1440707,956.8438,4.053279
0,6.20903,0.607371,-0.926683,0.0237231,0.000699872,0.000646356,5.35164e-05,0.934921,24.4853,0.00791865,0.00109716,0.144071,7.76974,3.20173
0,46.664775,0.70244407,-1.3617864,0.018462843,0.15325771,0.10537537,0.047882341,0.84088224,23.994857,1.4930558,0.37699918,0.14407067,2263.9107,4.3665106
2,18.7721623,0.5128393383,-1.85001893,0.02438386346,-0.5191906212,-1.675055932,1.155865311,3.0651855,31.43031748,-17.3274963,0,0.1440706667,430474.3304,88.27590285
0,15.9892756,0.7638219209,-1.835181474,0.02258359509,0.000637179754,0.0006279593135,9.220440501e-06,2.536084516,30.79430964,0.009674951454,0,0.1440706667,421300.5858,86.47856623
2,14.208665,0.8575534665,-1.604415119,0.02435110264,0.8552809027,-0.01474585138,0.8700267541,-0.01544519047,5.006592193,-0.2550681484,0,0.1440706667,-580385.6376,-111.2671654
0,47.71367,0.5905207,-1.189192,0.01423146,0.03075952,0.02918855,0.001570978,0.9137412,23.08989,0.3476744,0.05328177,0.1440707,218.4057,3.676554
0,0.462008,0.8947229723605485,-1.975518795207733,0.0162654395895344,0,0,0,-2.063037106819414e-61,36.09472641067469,0,0,0.1440706666666666,-3.68202020420516e+67,-7.149885763102201e+63
0,0.7574556,0.4324382131,-1.876044071,0.01030832542,0.3859742128,0.1908056447,0.195168568,-1.797589773,10.7118835,1.664333877,0,0.1440706667,-349470.3573,-66.12947106
2,12.4193032,0.4849250216,-1.660315868,0.01914834652,0.2044189742,-0.0893617585,0.2937807327,-0.2769278711,15.56374752,-0.8740805787,0,0.1440706667,-206326.2647,-38.52186274
0,4.70955,0.717838,-0.516597,0.0169858,5.11719e-05,4.66629e-06,4.65056e-05,0.944734,28.9574,6.75652e-05,7.90154e-06,0.144071,0.0468904,2.52757
2,1.3943247,0.487397333,-1.75138318,0.021201241,0.138228842,-0.0168053337,0.155034176,9.74302391,16.944559,-0.165217277,0,0.144070667,20566.3658,8.42352591
0,6.14508,0.815069,-0.773714,0.0124158,0.000244738,0.000173466,7.12723e-05,0.950875,32.8733,0.00285189,0.000293853,0.144071,1.43769,2.96083
0,4.70339,0.679527,-0.501173,0.0156181,5.44372e-05,4.16281e-06,5.02744e-05,0.941799,27.4118,5.70582e-05,7.04897e-06,0.144071,0.0365234,2.4993
0,21.9320147,0.209838121,-1.71839931,0.0106243967,0.483213655,0.309988679,0.173224976,0.836491945,4.37472326,1.31206513,0,0.144070667,40486.5859,12.2935276
0,5.31395,0.750689,-0.684144,0.0104346,0.000143615,6.5338e-05,7.82771e-05,0.946964,30.2798,0.000989353,0.000110654,0.144071,0.420826,2.80794
0,49.4068028,0.603458559,-1.53388881,0.0134519714,0.771830474,0.611177328,0.160653147,0.349299717,5.55469551,7.43943334,0,0.144070667,11508.0707,6.41722453
0,39.45444,0.5012972,-1.235121,0.01805089,0.04234284,0.03963983,0.002703011,0.8953957,19.36692,0.4008226,0.0757782,0.1440707,337.2297,3.767878
2,24.6146921,0.968059226,-1.61546615,0.0191216411,-11.7348092,-12.4263692,0.691560039,20.3783896,497.335586,-242.645003,0,0.144070667,50361.0696,14.119273
0,33.2504,0.8815019,-1.223315,0.02105567,0.03413576,0.02936991,0.004765841,0.9320204,34.34745,0.5222171,0.0558231,0.1440707,493.7299,3.80605
0,6.12865,0.958274,-0.732762,0.0108325,0.000197354,0.00011751,7.98432e-05,0.957916,38.6509,0.00227139,0.000199035,0.144071,0.991581,2.90071
2,17.9529942,0.7612704553,-1.848322497,0.008444022792,0.4404101568,-0.1325075824,0.5729177392,3.054520098,17.18557093,-2.034721042,0,0.1440706667,231106.8251,49.52831169
2,14.6138555,0.253408386,-1.67767348,0.013686066,-0.01491496,-0.0456065927,0.0306916327,2.41325748,10.3754228,-0.233116911,0,0.144070667,19725.9367,8.1844747
0,43.888697,0.80194248,-1.3592812,0.020528585,0.14127745,0.095525342,0.045752103,0.85528995,27.781216,1.5452082,0.32832601,0.14407067,2495.3962,4.4139585
0,40.450917,0.28951755,-1.3993493,0.015284762,0.24059737,0.17665164,0.063945723,0.71489485,8.8695616,1.0316152,0.73777382,0.14407067,1594.7009,4.2561191
0,5.6167,0.21934,-0.67222,0.019526,6.0371e-05,2.9961e-05,3.0411e-05,0.83936,8.8481,0.00013256,5.0733e-05,0.14407,0.11903,2.7311
0,45.9013,0.678519,-1.267453,0.01999901,0.05872118,0.04879971,0.009921465,0.9031626,25.76532,0.6678893,0.1036094,0.1440707,673.7742,3.901126
0,4.68124,0.781015,-0.548644,0.0224161,4.09461e-05,5.33666e-06,3.56095e-05,0.948981,31.5062,8.40725e-05,9.03671e-06,0.144071,0.0766562,2.58488
1,0.44732,0.67111,-1.9694,0.010595,,,,,,,,,,
0,4.72926,0.619224,-0.519932,0.0241078,3.57145e-05,3.43169e-06,3.22828e-05,0.936507,24.9797,4.28628e-05,5.8109e-06,0.144071,0.0425906,2.52596
0,6.39486,0.272146,-0.964171,0.0120753,0.00213689,0.00205127,8.56146e-05,0.865085,10.9554,0.0112603,0.00348871,0.144071,6.08089,3.22629
0,14.0033,0.273431,-1.12455,0.0198126,0.00976653,0.00956832,0.000198201,0.860927,10.923,0.0527726,0.0166828,0.144071,47.7992,3.50071
1,0.23334,0.94022,-1.9947,0.013697,,,,,,,,,,
0,5.03591,0.442052,-0.522221,0.0221097,3.72431e-05,3.85347e-06,3.33896e-05,0.913273,17.8325,3.43598e-05,6.52506e-06,0.144071,0.0321082,2.51373
2,27.6543484,0.9143169982,-1.665026757,0.01555168634,-0.1241145402,-2.92490804,2.8007935,-0.7277157312,41.4631722,-53.94288633,0,0.1440706667,-222222.0793,-41.60767464
0,24.5674606,0.7230771624,-1.831549422,0.009471082023,0.9953951227,0.7831684406,0.2122266821,0.01040462253,0.134325316,11.42260066,0,0.1440706667,427519.2215,87.68324521
0,41.76969,0.6378967,-1.171897,0.01462056,0.02430447,0.02307058,0.001233886,0.9225301,25.10844,0.2968479,0.04153231,0.1440707,188.3765,3.645828
2,13.9294785,0.34022005237,-1.7676584289,0.014477625667,-27.902617266,-48.915125939,21.012508673,-0.88725164549,396.69090656,-335.68215422,0,0.14407066667,-6516540.4452,-1263.9331247
0,6.3035,0.264723,-0.952505,0.0231355,0.000964263,0.00092256,4.17027e-05,0.862573,10.6691,0.00492619,0.0015675,0.144071,5.11276,3.20553
0,46.1193,0.765918,-1.170388,0.01601432,0.02210196,0.02069016,0.0014118,0.9336464,30.21559,0.3196474,0.03718976,0.1440707,219.6938,3.658303
0,7.76293,0.825474,-0.976083,0.0113276,0.00272881,0.00254613,0.000182678,0.94985,33.2102,0.0423944,0.00433389,0.144071,19.5645,3.30087
0,5.99855,0.643292,-0.791178,0.0187318,0.000190252,0.000143884,4.63679e-05,0.938636,25.9466,0.00186701,0.000243753,0.144071,1.43864,2.97833
