Error,time,CO2share,E_appl,v,X_tot,X_het,X_hom,FE,CO2_out,CO_out,H2_out,delP,CD,Vcell
2,15.7047003,0.62910941,-1.56252299,0.0134913447,-0.0165297528,-0.0250672079,0.00853745508,2.6382868,25.798915,-0.318095346,0,0.144070667,10222.4304,6.19012123
2,1.2261223,0.298873574259,-1.88292229968,0.0214201268512,-0.15305135625,-0.153051645736,2.89486146943e-07,-0.0207410361217,13.9024497652,-0.922679117799,0,0.144070666667,-42940372.4177,-8336.83186835
1,0.26748,0.59444,-1.8613,0.020956,,,,,,,,,,
0,18.35302,0.2476689505,-1.854679078,0.02369387502,0.3828605085,0.3012059716,0.08165453694,1.335650559,6.166092965,1.504736002,0,0.1440706667,205763.745,44.60748522
0,7.08398,0.364677,-0.982481,0.0103299,0.00315987,0.00302933,0.000130534,0.894817,14.6653,0.0222834,0.00515954,0.144071,9.95631,3.27069
0,6.65989,0.776009,-0.936934,0.00911291,0.00208271,0.00191743,0.000165286,0.947347,31.2404,0.0300131,0.0032581,0.144071,11.1601,3.23124
0,45.00195,0.4548653,-1.290627,0.01753473,0.08297783,0.07187065,0.01110718,0.8617047,16.82743,0.6594161,0.1591397,0.1440707,621.1184,3.909893
0,5.67913,0.345624,-0.568337,0.0215678,3.94921e-05,7.14309e-06,3.23491e-05,0.891701,13.9425,4.97984e-05,1.20954e-05,0.144071,0.0464928,2.57887
0,6.2956,0.407169,-0.895257,0.0116548,0.000960851,0.000879164,8.16867e-05,0.905956,16.4101,0.00722054,0.0014915,0.144071,3.58897,3.1298
0,100.32671,0.53181381,-1.362502,0.021225281,0.13212257,0.094600214,0.037522354,0.83999344,18.619721,1.0147917,0.33096175,0.14407067,1774.8672,4.2597571
0,6.32752,0.702239,-0.896891,0.0181574,0.000640796,0.000576337,6.44594e-05,0.943196,28.3114,0.00816369,0.000977665,0.144071,6.07352,3.15895
0,15.027558,0.22849606,-1.5501276,0.020355604,0.76131986,0.74005238,0.021267484,0.38541893,2.2001392,3.4108793,0,0.14407067,5089.1441,5.1450869
2,2.6033627,0.207601015,-1.61429348,0.0224701367,-0.174899121,-0.176160005,0.00126088364,-0.713134884,9.83977612,-0.73766972,0,0.144070667,-28047.0464,-3.84641623
0,6.91443,0.895802,-0.933211,0.015648,0.00116606,0.00106508,0.00010098,0.954491,36.0961,0.019245,0.00180881,0.144071,12.2005,3.2323
0,4.93727,0.745365,-0.518452,0.00898914,9.72304e-05,9.02979e-06,8.82006e-05,0.946636,30.0664,0.00013576,1.52907e-05,0.144071,0.0497603,2.53247
1,0.29396,0.66972,-1.8889,0.012691,,,,,,,,,,
0,10.653905,0.75025746,-1.5552581,0.010610881,0.0012982976,0.00016944387,0.0011288537,4.0399873,30.227434,0.0025642559,0,0.14407067,7124.7418,5.5627858
0,27.1584012,0.496626523,-1.73462685,0.0122062391,0.30101359,0.187622414,0.113391176,1.73115593,14.004055,1.87948905,0,0.144070667,77137.2913,19.4598494
0,6.24619,0.441424,-0.862564,0.0221514,0.000344689,0.000304192,4.04974e-05,0.912966,17.8017,0.0027085,0.000515651,0.144071,2.53864,3.07911
0,6.10689,0.733411,-0.772879,0.02217,0.000135313,9.61152e-05,3.91979e-05,0.945789,29.5831,0.00142188,0.000162811,0.144071,1.28687,2.95428
0,5.75295,0.460381,-0.687287,0.0237296,6.2041e-05,2.99162e-05,3.21249e-05,0.916421,18.5714,0.00027781,5.06627e-05,0.144071,0.277695,2.7897
0,32.383158,0.84076374,-1.3223377,0.013123271,0.15909796,0.11322057,0.045877391,0.8446187,28.521644,1.9201028,0.31954685,0.14407067,1614.0902,4.1834935
2,28.8713185,0.940542168,-1.55875667,0.0104012553,0.681235811,-0.231580993,0.912816804,0.716250621,12.094919,-4.39345673,0,0.144070667,16819.0887,7.4929038
0,48.030149,0.22752958,-1.4361963,0.021945508,0.24537413,0.17010396,0.075270173,0.68573259,6.9266736,0.7806879,0.82486982,0.14407067,2084.1949,4.4017728
0,6.329,0.56505,-0.917929,0.011207,0.00132787,0.00122259,0.000105287,0.930015,22.7649,0.0139345,0.00207546,0.144071,6.48957,3.18347
2,0.7610384,0.908457728853,-1.87981115616,0.0236541582393,0.00123700100833,0.00123700100833,-3.6212352561e-17,-0.17057476343,36.6034764588,0.022667308127,0,0.144070666667,-13208610.4433,-2563.3486779
0,36.1760223,0.503338211,-1.6694334,0.016949694,0.88376425,0.660738239,0.223026011,0.170022384,2.36023251,6.70833146,0,0.144070667,57295.0842,15.5263416
0,45.46017,0.3444118,-1.330633,0.01418696,0.1406069,0.1188897,0.02171721,0.8007867,11.94057,0.8259382,0.3288218,0.1440707,792.8581,3.995792
0,18.0904,0.6637139947,-1.959686686,0.009764909428,0.9689443695,0.8775431968,0.09140117263,0.1472888115,0.8315272624,11.74828975,0,0.1440706667,969477.2515,193.0929075
0,20.841555,0.82052574,-1.5009028,0.014563128,0.73301855,0.2191514,0.51386715,0.51505624,8.8374803,3.6271176,0,0.14407067,8128.3729,5.710091
1,0.35872,0.73767,-1.9285,0.012738,,,,,,,,,,
0,32.5299,0.685839,-1.07652,0.0249266,0.00436442,0.00416422,0.000200209,0.939521,27.5472,0.0576077,0.00715571,0.144071,59.6107,3.46633
0,0.4617675,0.9826129885,-1.902631598,0.01867913944,0,0,0,18.93943346,39.640367,0,0,0.1440706667,172712.1359,38.22835437
0,5.99686,0.484334,-0.753333,0.0167887,0.00014583,9.87501e-05,4.70802e-05,0.920169,19.5361,0.000964735,0.000167262,0.144071,0.679548,2.9018
0,0.4757106,0.369878127856,-1.88390619494,0.0189290368235,0,0,0,-0.0687467832538,14.9215458222,0,0,0.144070666667,-14081695.9076,-2732.88690149
0,6.18334,0.615649,-0.837894,0.0107724,0.000542305,0.000455692,8.66135e-05,0.935836,24.8229,0.00565886,0.000772362,0.144071,2.51549,3.05397
0,6.15063,0.347669,-0.774804,0.00857761,0.00032252,0.000236458,8.60621e-05,0.892083,14.0211,0.00165823,0.000431346,0.144071,0.662835,2.92199
0,5.03619,0.454141,-0.69505,0.0218375,7.0643e-05,3.59169e-05,3.47261e-05,0.915364,18.3196,0.000329014,6.08256e-05,0.144071,0.303003,2.80195
2,27.623844,0.82956335,-1.5052235,0.01180473,0.48909476,-0.59815278,1.0872475,1.1600327,17.097991,-10.008912,0,0.14407067,7380.8708,5.5643021
1,0.23234,0.68715,-1.9052,0.012022,,,,,,,,,,
0,20.4063057,0.5216649725,-1.789047593,0.0161721385,0.4120615915,0.271858294,0.1402032976,1.270469373,12.37310434,2.86061515,0,0.1440706667,186829.0609,40.86008514
0,4.5297122,0.76711098,-1.7312908,0.020774609,4.3380495e-05,3.7150839e-05,6.2296555e-06,37.986404,30.945288,0.00057484664,0,0.14407067,7442.2332,5.8027104
0,4.6844,0.989272,-0.592931,0.0180719,5.68358e-05,1.16914e-05,4.51445e-05,0.959268,39.9068,0.000233296,1.97979e-05,0.144071,0.169655,2.67
0,52.3348,0.7853244,-1.20101,0.02272461,0.02322783,0.02116861,0.002059217,0.9340629,30.9455,0.3353256,0.03883841,0.1440707,333.2856,3.732397
2,12.27732,0.74200773,-1.590405727,0.01548331745,0.7694605807,-0.01460375259,0.7840643333,-0.06636610551,6.90094857,-0.2185737819,0,0.1440706667,-155517.5949,-28.71102785
0,29.7215971,0.217421664,-1.75970747,0.0117038691,0.997046503,0.770778642,0.226267861,0.00471269592,0.0259056512,3.38031878,0,0.144070667,72340.707,18.5502124
0,40.302796,0.24083642,-1.3941398,0.013136347,0.26642268,0.2058218,0.060600881,0.67820683,7.1272703,0.99985888,0.80287163,0.14407067,1263.3367,4.1745955
0,5.05679,0.491995,-0.528816,0.0183745,4.59995e-05,5.0467e-06,4.09528e-05,0.921377,19.8471,5.00834e-05,8.54562e-06,0.144071,0.0385527,2.52972
0,22.0534,0.855288,-1.01933,0.0148497,0.00358956,0.00337633,0.00021323,0.950896,34.38,0.0582482,0.00576188,0.144071,35.2607,3.37743
0,5.60436,0.658368,-0.675855,0.0232068,6.09532e-05,2.64129e-05,3.45403e-05,0.940038,26.5581,0.00035076,4.47294e-05,0.144071,0.33427,2.7878
0,6.9670061,0.76000855,-1.5364889,0.014932677,0.20011175,0.12041594,0.079695812,4.8954241,24.524658,1.8459827,0,0.14407067,3748.5013,4.8554068
0,13.4186,0.207454,-1.05725,0.0108555,0.00798829,0.00746455,0.000523745,0.82712,8.3022,0.0312356,0.0128272,0.144071,15.931,3.37077
0,36.3869858,0.423936639,-1.6921798,0.0241839935,0.879393758,0.6393592,0.240034558,0.17549191,2.06265172,5.46727654,0,0.144070667,64972.1172,17.0463042
0,28.1148106,0.5338429312,-1.781103632,0.01043874067,0.9955712695,0.7336278884,0.2619433811,0.008993356858,0.09537793499,7.89977095,0,0.1440706667,183713.508,40.24628728
0,13.1276388,0.30891267494,-1.815228823,0.021322690405,0.33837779726,0.2055571761,0.13282062115,-0.032457075762,8.2451956437,1.2808360465,0,0.14407066667,-6821377.8214,-1323.0823754
0,13.771321,0.783188031,-1.62675048,0.0244208225,0.000160431814,0.000159762155,6.69658941e-07,2.57486647,31.5901383,0.0025238592,0,0.144070667,29265.8493,10.0063177
1,0.23648,0.77839,-1.9959,0.011395,,,,,,,,,,
2,17.6819629,0.4399056934,-1.809863058,0.0190826577,-0.0005761882333,-1.059894416,1.059318227,-0.5648414574,17.75680855,-9.404752203,0,0.1440706667,-787927.4836,-151.3786846
0,25.9553329,0.8148290855,-1.826280157,0.00958916118,0.994657156,0.7265571063,0.2681000497,0.0119399133,0.1756281713,11.94157053,0,0.1440706667,455221.5399,93.06054271
0,6.00373,0.620918,-0.755936,0.0139324,0.000182627,0.000123037,5.959e-05,0.936574,25.0444,0.00154098,0.000208406,0.144071,0.884999,2.91802
0,4.89107,0.552355,-0.565186,0.0211453,4.3329e-05,6.9967e-06,3.63323e-05,0.929361,22.282,7.79537e-05,1.18477e-05,0.144071,0.0684627,2.59561
2,17.3283151,0.89703914,-1.58912188,0.0146288593,-0.0534954387,-0.181015159,0.12751972,2.4010585,38.1240665,-3.2753032,0,0.144070667,23358.8613,8.8100639
0,20.37946,0.7492293,-1.135212,0.008538262,0.02646047,0.02507929,0.001381172,0.9297277,29.42548,0.379014,0.04439555,0.1440707,136.7458,3.582659
0,1.7096066,0.582158019,-1.871213426,0.02258007734,0.004263749433,0.002624759777,0.001638989657,9.740772225,23.38516123,0.03082163099,0,0.1440706667,132322.7704,30.34028945
0,15.44555,0.6991622,-1.161425,0.02488644,0.01267952,0.01199259,0.0006869298,0.9351585,27.84782,0.1691282,0.02132916,0.1440707,180.1689,3.631474
0,27.1637348,0.2693188656,-1.823690611,0.01591465312,0.9999180436,0.8095517484,0.1903662952,0.0001435922426,0.0008904398687,4.397811009,0,0.1440706667,185634.1067,40.66235775
0,6.10201,0.539949,-0.908802,0.0143453,0.000927415,0.000849786,7.76285e-05,0.92729,21.7623,0.00925525,0.00144205,0.144071,5.53372,3.16597
0,5.8967,0.22953,-0.77388,0.017116,0.00016271,0.00012611,3.6596e-05,0.84533,9.258,0.00058386,0.00021361,0.14407,0.45641,2.9019
0,6.2383,0.825109,-0.850129,0.0157646,0.000430341,0.000364356,6.59849e-05,0.951321,33.2721,0.00606404,0.000617595,0.144071,3.8813,3.08875
0,15.5006695,0.38250709244,-1.7391730699,0.021367858473,0.24761534832,0.24761150386,3.8444651627e-06,-0.078286141069,11.610063256,1.9104491408,0,0.14407066667,-1499192.2608,-289.59850584
0,6.03154,0.381724,-0.760188,0.0183626,0.000139436,9.85953e-05,4.08407e-05,0.900863,15.3973,0.000759156,0.000167001,0.144071,0.597416,2.90202
0,43.05462,0.5639466,-1.207389,0.01194792,0.04555187,0.04304166,0.002510209,0.9011704,21.71428,0.4896122,0.08017681,0.1440707,263.0976,3.712996
0,0.412992,0.8230576673,-1.938488379,0.008414786699,0,0,0,19.1297878,33.20361971,0,0,0.1440706667,227013.9592,48.8227913
0,22.84214,0.3294976,-1.173678,0.01643239,0.02165604,0.02113076,0.000525282,0.8734713,13.00466,0.1404405,0.03780812,0.1440707,105.4323,3.601682
2,4.7174702,0.786450226,-1.49645349,0.0197570722,0.292770935,-0.0455375426,0.338308478,-0.486346105,22.4381222,-0.72238048,0,0.144070667,-20641.947,-2.51055437
0,0.4665956,0.7513864550222444,-1.814490246950004,0.01987694728085042,0,0,0,-1.165220899934494e-75,30.3122747046061,0,0,0.1440706666666666,-6.91943580769034e+80,-1.343642153663427e+77
2,13.757332,0.58051921,-1.4594091,0.020692056,0.00753592,-0.00097110081,0.0085070208,2.4101892,23.242699,-0.011371194,0,0.14407067,2680.9876,4.5538112
0,23.1072,0.590205,-1.05258,0.0199752,0.00400211,0.00383376,0.000168347,0.931046,23.7146,0.0456408,0.00656544,0.144071,38.0747,3.41517
0,6.26711,0.968401,-0.886903,0.0181947,0.000575308,0.000506006,6.93019e-05,0.95809,39.0446,0.00988409,0.000858187,0.144071,7.25299,3.15831
0,5.05134,0.334843,-0.513274,0.00998245,7.67338e-05,7.60825e-06,6.91255e-05,0.88858,13.5071,5.13868e-05,1.28831e-05,0.144071,0.0222824,2.48601
1,0.23653,0.78604,-1.9795,0.021562,,,,,,,,,,
2,21.6591737,0.644584592,-1.67171588,0.0172761764,-17.1543065,-17.2420557,0.0877491763,30.8076345,472.079074,-224.17859,0,0.144070667,65126.5018,17.0559412
0,6.21837,0.543803,-0.896307,0.0211624,0.000541092,0.000490846,5.02462e-05,0.928011,21.9261,0.00538408,0.000832574,0.144071,4.74496,3.14542
2,7.41171,0.872262139,-1.6053398,0.0103696833,-0.00821059418,-0.00841482329,0.000204229109,-5.97547258,35.4775356,-0.148052994,0,0.144070667,-10757.397,-0.448761258
0,54.88975,0.9424773,-1.23895,0.01985136,0.04437574,0.03638375,0.007991994,0.927963,36.334,0.6916773,0.07237862,0.1440707,641.2397,3.863761
1,0.28994,0.55472,-1.9291,0.01773,,,,,,,,,,
0,10.6179115,0.860157353274302,-1.609858670013,0.0237222241618967,0.206096432592287,0.0345254016686627,0.171571030923624,-4.1614469227192e-06,27.5486820033154,0.599020681260062,0,0.144070666666667,-12711322163.1059,-2468331.57397776
0,6.57698,0.672586,-0.933892,0.0244911,0.000743135,0.000686672,5.64636e-05,0.94079,27.1132,0.00931585,0.00116586,0.144071,9.37946,3.21892
0,26.8362153,0.285713959,-1.69928671,0.0128091361,0.732697461,0.493952667,0.238744794,0.418956903,3.0809859,2.84670173,0,0.144070667,44537.3234,13.0659022
0,34.0272745,0.5665519661,-1.771810466,0.01447362788,0.9833329525,0.6850304389,0.2983025135,0.03018451252,0.3809373804,7.828432136,0,0.1440706667,194018.4381,42.24084855
0,18.2411371,0.212608367,-1.866377771,0.02404572846,0.2173830047,0.150823571,0.06655943364,1.437760598,6.712507635,0.6468070448,0,0.1440706667,241830.1122,51.63098579
0,28.7482,0.3869897,-1.163427,0.01250596,0.02508832,0.02438743,0.000700884,0.8862987,15.22018,0.1903666,0.04354945,0.1440707,106.6048,3.592227
0,0.7492113,0.583447659,-1.95044486,0.0162959025,0.0457568336,0.0457435446,1.32889846e-05,-134.796257,22.4603297,0.538340293,0,0.144070667,-25410.557,-2.99322897
2,3.1945188,0.4292825152848,-1.737623732528,0.01586138716791,-2.130942024767,-6.350575922644,4.219633897877,-0.00131907033552,54.22173274373,-54.98971678852,0,0.1440706666667,-407352302.6246,-79099.97638312
0,5.6729,0.24503,-0.58005,0.017629,4.5257e-05,1.0158e-05,3.5099e-05,0.85375,9.8843,5.0206e-05,1.7201e-05,0.14407,0.040016,2.5829
0,33.0464,0.82886,-1.04714,0.0124267,0.00608036,0.00574537,0.000334985,0.947858,33.2344,0.096056,0.00984127,0.144071,48.8753,3.42466
0,6.26923,0.384392,-0.846978,0.0126433,0.000501988,0.000436294,6.5694e-05,0.901255,15.4993,0.00338282,0.000739513,0.144071,1.83277,3.04665
2,17.8209882,0.336370295,-1.68058896,0.00868136522,0.359942847,-1.71290031,2.07284316,1.65190436,8.68543466,-11.6218401,0,0.144070667,25044.1319,9.23236265
0,3.3092729,0.766001044,-1.51993064,0.0198354587,0.0323665084,0.0321736172,0.000192891207,-0.572739295,29.9016683,0.4971122,0,0.144070667,-31580.1384,-4.63294449
1,0.31439,0.92355,-1.8243,0.012773,,,,,,,,,,
0,15.8182,0.634063,-1.11647,0.0234352,0.00764575,0.00731779,0.000327955,0.932995,25.3836,0.0935917,0.0127147,0.144071,92.403,3.53517
0,11.7075757,0.639471524,-1.70185005,0.0202080232,0.103148616,0.103140945,7.67087608e-06,3.66875395,23.1364572,1.33038545,0,0.144070667,39471.3023,12.0785218
0,6.15233,0.741503,-0.806309,0.021956,0.000190742,0.000149076,4.1666e-05,0.946312,29.9078,0.0022297,0.000252571,0.144071,1.99767,3.01044
0,0.4844159,0.8784178616707929,-1.811752592696826,0.008635800492301995,0,0,0,-5.080097274493705e-118,35.43694905654039,0,0,0.1440706666666666,-1.79131871142853e+123,-3.47845026417671e+119
0,14.2462,0.9123172,-1.104448,0.009609541,0.01622299,0.01525335,0.0009696393,0.9454247,36.20743,0.2806961,0.02656975,0.1440707,111.4547,3.536476
0,6.53925,0.477284,-0.950062,0.0107197,0.00204863,0.00192879,0.000119847,0.917877,19.2151,0.0185689,0.00327849,0.144071,8.3859,3.22915
2,16.5764094,0.903679464,-1.52708005,0.0096363188,-0.131504154,-0.339685672,0.208181518,2.60782062,41.250169,-6.19179846,0,0.144070667,10488.3274,6.20763059
0,6.21095,0.674656,-0.809212,0.0169242,0.000254002,0.000200738,5.32645e-05,0.941275,27.2099,0.00273172,0.000340113,0.144071,1.89662,3.01066
0,45.2294,0.3557198,-1.228799,0.01999877,0.0345295,0.03336089,0.001168612,0.8726756,13.85486,0.2393706,0.06306273,0.1440707,228.2248,3.720328
1,0.24182,0.83019,-1.902,0.017662,,,,,,,,,,
2,12.2441228,0.6538777676,-1.553108788,0.01823691596,0.2035855794,-0.008229550551,0.2118151299,-0.1380137411,21.00829719,-0.1085420098,0,0.1440706667,-141002.445,-25.92468368
0,7.1503,0.519861,-0.666258,0.0180904,7.2654e-05,2.99537e-05,4.27002e-05,0.925258,20.9706,0.000314097,5.07248e-05,0.144071,0.237058,2.76053
0,0.43215,0.21199,-0.91643,0.021669,0,0,0,-0.23883,8.5522,0,0,0.14407,-9.3129,1.3118
0,36.8707646,0.789629804,-1.63773029,0.0219089003,0.540398231,0.398981447,0.141416784,0.63875185,14.6406511,6.35479292,0,0.144070667,62956.8203,16.5988977
0,8.86309,0.80317,-0.977463,0.0211148,0.00148907,0.00139132,9.77559e-05,0.949379,32.3531,0.0225402,0.0023666,0.144071,19.41,3.30181
0,6.16031,0.989728,-0.739277,0.0223987,0.000101001,6.17931e-05,3.92076e-05,0.959257,39.9234,0.00123362,0.00010466,0.144071,1.11207,2.91314
0,14.05291,0.8434372,-1.131125,0.02027748,0.01076572,0.01012775,0.0006379686,0.9455904,33.65946,0.1723023,0.01773743,0.1440707,145.9305,3.583695
2,9.0147888,0.626048338,-1.73249489,0.0116964544,-0.355293553,-1.0524974,0.697203848,5.4110445,34.229173,-13.2908902,0,0.144070667,58690.6709,15.8616399
2,34.9429886,0.5866869827,-1.726245249,0.02042314317,0.582195423,-0.09481778532,0.6770132083,0.7096087123,9.888600045,-1.122073821,0,0.1440706667,119318.107,27.66471108
2,11.1080835,0.723090825,-1.68898526,0.0218241162,0.0888958104,-0.0608275714,0.149723382,3.13000559,26.5776184,-0.887193801,0,0.144070667,45051.4334,13.1560223
0,6.12493,0.305584,-0.842988,0.0101079,0.000593612,0.000518464,7.51475e-05,0.878884,12.3205,0.00319577,0.000878796,0.144071,1.41933,3.02944
0,58.263006,0.94955034,-1.4496608,0.017450565,0.21551217,0.12426796,0.091244211,1.0447474,30.051031,2.380139,0,0.14407067,7055.4931,5.4432397
0,57.54819,0.83905988,-1.2956928,0.013569434,0.11652838,0.087331076,0.029197302,0.87427485,29.904788,1.4780426,0.2194713,0.14407067,1161.0998,4.0519596
0,4.51546,0.980647,-0.568235,0.00869495,0.000111158,1.7694e-05,9.34637e-05,0.95889,39.5566,0.000349997,2.99631e-05,0.144071,0.122501,2.62856
0,37.4817,0.667058,-1.04552,0.0109997,0.00666702,0.00635534,0.000311679,0.936509,26.7309,0.0855121,0.010889,0.144071,38.968,3.40948
2,13.7338939,0.723431374,-1.57218334,0.0198442461,0.0198783843,-0.0162019238,0.036080308,2.52006855,28.6043757,-0.236422657,0,0.144070667,13433.3579,6.83732706
0,6.06053,0.538935,-0.823167,0.0194455,0.000254081,0.00020899,4.50903e-05,0.927595,21.7361,0.00227189,0.000354127,0.144071,1.83924,3.02302
0,6.87806,0.688953,-0.978425,0.0152882,0.00206789,0.00194433,0.000123561,0.94125,27.7361,0.0270199,0.00330919,0.144071,16.9925,3.29547
0,4.77038,0.431762,-0.500692,0.00863102,9.25727e-05,7.48624e-06,8.50864e-05,0.911355,17.4164,6.51978e-05,1.26767e-05,0.144071,0.023833,2.47688
0,5.082,0.267157,-0.68442,0.0192342,6.92896e-05,3.55749e-05,3.37147e-05,0.864199,10.7769,0.000191706,6.02438e-05,0.144071,0.164703,2.75997
0,73.597654,0.9931819,-1.3644474,0.019164738,0.18308343,0.12230876,0.060774669,0.83433753,32.731181,2.4502563,0.37582048,0.14407067,3220.6279,4.573062
0,15.6707555,0.769434903,-1.61969181,0.0243415022,0.0187818529,0.0106690051,0.00811284771,2.31661711,30.4573855,0.165584995,0,0.144070667,28643.5125,9.87730683
0,5.64094,0.757294,-0.652558,0.0164918,7.65926e-05,2.75555e-05,4.90372e-05,0.947444,30.5483,0.000420918,4.66637e-05,0.144071,0.282824,2.75591
0,5.98538,0.343682,-0.789916,0.00960337,0.000353582,0.000276124,7.74575e-05,0.89096,13.8598,0.0019142,0.000467805,0.144071,0.796575,2.94657
0,6.139,0.792626,-0.851637,0.022479,0.000306509,0.000260533,4.59763e-05,0.949518,31.9662,0.0041654,0.000441591,0.144071,3.8091,3.08928
2,12.7586762,0.3926579742990627,-1.582591680332155,0.01918708205970077,-26.37713599582692,-26.57100075949511,0.1938647636681878,-2.073490590515016e-06,433.6682238018641,-210.4493089738216,0,0.1440706666666666,-282932194268.6553,-54940840.3078521
0,48.4442248,0.3189214933,-1.80178025,0.01195851977,0.9841189591,0.735089322,0.2490296371,0.02916818151,0.2043233115,4.728779608,0,0.1440706667,158258.4692,35.31634484
0,6.36696,0.64335,-0.794324,0.00991073,0.000371133,0.000283134,8.79992e-05,0.938525,25.9443,0.00367421,0.000479706,0.144071,1.49801,2.98357
0,29.8548,0.699594,-1.07419,0.0135792,0.0077719,0.00740923,0.000362661,0.938383,28.0035,0.104555,0.0127481,0.144071,58.8828,3.46323
0,20.6939,0.261695,-1.14059,0.0184264,0.0128372,0.012589,0.000248171,0.853915,10.4217,0.0664527,0.0220437,0.144071,56.5047,3.52705
0,29.0046218,0.322194331,-1.60249808,0.0217483578,0.976663046,0.548928855,0.427734191,0.0455395483,0.303331303,3.5674601,0,0.144070667,11635.9568,6.51123505
2,47.397435,0.96469032,-1.4144907,0.021929945,0.49350364,-12.122498,12.616002,1.2327528,19.711488,-235.88766,0,0.14407067,2496.4793,4.4694006
1,86.7442,0.661133,-1.34046,0.0131808,,,,,,,,,,
0,6.0156,0.971741,-0.784555,0.0200005,0.000170052,0.000123771,4.6281e-05,0.958491,39.1951,0.00242602,0.000209673,0.144071,1.95463,2.98756
0,6.1395,0.275856,-0.877409,0.023028,0.000387662,0.000354009,3.36523e-05,0.867719,11.1242,0.0019698,0.000600216,0.144071,2.01972,3.08211
0,19.2629,0.608577,-1.03875,0.0145528,0.00461645,0.00441143,0.000205025,0.932523,24.4378,0.0541527,0.00754502,0.144071,32.7979,3.39265
0,4.90789,0.787151,-0.625547,0.012325,9.14865e-05,2.60623e-05,6.54242e-05,0.949325,31.7522,0.000413804,4.41344e-05,0.144071,0.207377,2.71294
0,19.923045,0.8275018,-1.3770782,0.017668818,0.034423237,0.025140186,0.0092830518,-2.2726126,32.233756,0.4196262,0,0.14407067,-1369.5143,1.251858
0,41.95579,0.5740551,-1.192163,0.02376197,0.01922219,0.01824601,0.0009761878,0.9194793,22.71325,0.2112742,0.03315312,0.1440707,221.8103,3.680982
0,6.07361,0.424297,-0.885998,0.0159404,0.000629886,0.000570913,5.8973e-05,0.909597,17.1061,0.00488613,0.000968229,0.144071,3.3084,3.11631
0,7.92099,0.67581,-0.669599,0.00946494,0.000144665,5.97591e-05,8.49056e-05,0.94144,27.2594,0.000814617,0.000101202,0.144071,0.316132,2.77868
0,39.3334,0.227052,-1.15659,0.0111383,0.0257112,0.0252776,0.000433567,0.828367,8.92418,0.115768,0.0447875,0.144071,61.2571,3.54812
1,0.34763,0.22975,-1.9341,0.02199,,,,,,,,,,
0,41.828921,0.20838218,-1.3951665,0.010544887,0.30578131,0.24559079,0.060190513,0.63526052,5.8359565,1.0322807,1.013459,0.14407067,1119.04,4.1413702
0,6.04223,0.98896,-0.883075,0.0216548,0.000462446,0.000404809,5.7637e-05,0.958992,39.878,0.00807521,0.000686468,0.144071,7.04579,3.15295
0,4.93161,0.959274,-0.627127,0.0122904,9.33758e-05,2.66716e-05,6.67042e-05,0.958025,38.6952,0.000516079,4.51664e-05,0.144071,0.255564,2.72526
0,78.9472128,0.491212802,-1.52962109,0.0117133413,0.65293536,0.438609455,0.214325905,0.416704821,6.87757306,4.34583103,5.13115502,0.144070667,11306.8062,6.37296792
0,67.6256765,0.892813267,-1.49105663,0.0238146511,0.541163323,0.460896243,0.0802670801,0.589479344,16.5262351,8.30020797,0,0.144070667,11703.3145,6.41316995
0,22.389112,0.38639347,-1.5598339,0.017055077,0.42267691,0.40382671,0.018850198,1.6555323,8.9991994,3.1473858,0,0.14407067,5489.5941,5.2364461
0,23.520371,0.24715132,-1.5702702,0.02429279,0.36106124,0.22045872,0.14060252,0.91859438,6.3705559,1.0990448,0,0.14407067,8008.3943,5.7553964
2,33.1415226,0.411230992709,-1.742015372022,0.0159060093435,-12.5436921807,-12.82439357213,0.2807013914304,-0.00746605635671,224.6870689521,-106.377026455,0,0.1440706666667,-315536842.3619,-61270.88635486
0,6.14301,0.48705,-0.751856,0.0166945,0.000145049,9.74421e-05,4.76065e-05,0.920579,19.6456,0.000957293,0.000165046,0.144071,0.670221,2.89961
0,44.49576,0.3403882,-1.328341,0.02221322,0.09086187,0.07688482,0.01397704,0.8324881,12.48417,0.5278862,0.2039181,0.1440707,774.2586,3.988669
0,5.81825,0.353321,-0.606469,0.0182193,5.24203e-05,1.37996e-05,3.86207e-05,0.893801,14.2529,9.83473e-05,2.33675e-05,0.144071,0.0773825,2.64318
0,28.81253,0.2181734,-1.305292,0.01299141,0.1194402,0.1150882,0.004352019,0.7647036,7.750252,0.5064749,0.2593176,0.1440707,389.1781,3.855499
0,4.68655,0.884029,-0.582083,0.00967279,0.000102588,1.90018e-05,8.35864e-05,0.954614,35.6597,0.000338834,3.21777e-05,0.144071,0.132524,2.64645
0,31.2426436,0.5429115005,-1.726812926,0.02179031506,0.8281445352,0.5118451525,0.3162993827,0.27711034,3.763982143,5.605221854,0,0.1440706667,117152.6355,27.24383824
0,5.22634,0.767678,-0.693697,0.0131107,0.000121785,5.87909e-05,6.29938e-05,0.948089,30.9657,0.000910363,9.95664e-05,0.144071,0.48597,2.8249
2,13.1533121,0.2042464888,-1.877823722,0.02062183461,-0.8461582431,-1.654541996,0.8083837526,3.087576016,15.21173283,-6.816439191,0,0.1440706667,295613.1937,62.09655189
0,17.0128431,0.683099688,-1.62922093,0.0179404007,0.37273671,0.35129158,0.0214451299,2.89572635,17.2857857,4.84035259,0,0.144070667,14698.6419,7.14468743
0,5.59072,0.403359,-0.610863,0.0140942,7.0525e-05,1.88741e-05,5.16509e-05,0.905719,16.2711,0.000153561,3.19607e-05,0.144071,0.0922392,2.65661
0,13.642088,0.34619562,-1.4691877,0.010564366,0.079922814,0.074342204,0.0055806105,2.5051174,12.849937,0.51913722,0,0.14407067,1616.8941,4.3309771
0,38.501897,0.5231924515,-1.724684681,0.01788987032,0.9347739844,0.664198938,0.2705750464,0.1060024425,1.376694209,7.009464117,0,0.1440706667,108994.9947,25.65391995
2,11.0574135,0.286994879,-1.69074802,0.0133413998,-0.541229946,-0.54123031,3.63761996e-07,3.92151892,17.8441864,-3.13315173,0,0.144070667,24695.2579,9.17405525
0,25.5883,0.690106,-1.05515,0.0240679,0.00345159,0.0032886,0.000162991,0.940446,27.744,0.0457775,0.00563199,0.144071,45.5799,3.42845
2,0.7394767,0.607413461802,-1.88535782014,0.0181433932121,-0.0141676552296,-0.0141677050437,4.98141107825e-08,-0.0441677454327,24.8513127202,-0.173583759428,0,0.144070666667,-37190793.3144,-7220.34708185
0,0.4638213,0.6693683664659842,-1.880414242090961,0.01137050472000424,0,0,0,-8.393720140258579e-47,27.00351818597752,0,0,0.1440706666666666,-1.995628612686271e+52,-3.87518693949294e+48
0,29.3521225,0.5595209707,-1.720635407,0.02329954733,0.5364031883,0.2993803481,0.2370228402,0.7056418842,10.46434321,3.378818224,0,0.1440706667,118147.3292,27.43124853
2,15.9524027,0.9688612846,-1.780221066,0.01470431688,0.01275207899,-0.04125594567,0.05400802467,-1.160219724,38.58717601,-0.8062566672,0,0.1440706667,-569632.0369,-109.0022238
2,18.1815099,0.55628695321,-1.8170654994,0.018351876323,0.028895838503,-0.047911318717,0.07680715722,-0.1376362649,21.793142358,-0.53760360152,0,0.14407066667,-4353246.9638,-843.78649808
0,20.7407,0.618949,-1.10909,0.00947651,0.0171231,0.0164139,0.000709117,0.925454,24.542,0.204924,0.0285994,0.144071,81.9215,3.51957
0,6.60156,0.368317,-0.970589,0.00978642,0.00287574,0.00274677,0.00012897,0.89591,14.8158,0.0204065,0.00467455,0.144071,8.62311,3.25115
0,18.023228,0.71650995,-1.429034,0.0090297375,0.83591001,0.18100423,0.65490578,-0.12313817,4.7430695,2.6159902,0,0.14407067,-7249.0361,0.076481621
0,4.71801,0.708802,-0.511102,0.0150614,5.72814e-05,4.90382e-06,5.23775e-05,0.944066,28.5927,7.01108e-05,8.30377e-06,0.144071,0.0431748,2.51783
2,0.7925135,0.3224256930781479,-1.959208665845845,0.0224569239326061,-30.85094872278284,-30.85094872278284,0,-7.435325173008598e-07,414.2926047786145,-200.6426875616228,0,0.1440706666666666,-95098024271604.78,-18466493177.63272
0,6.28656,0.932895,-0.854404,0.0128829,0.000555684,0.000470969,8.47157e-05,0.95659,37.6137,0.00886237,0.0007984,0.144071,4.60991,3.10201
0,72.9859133,0.425265749,-1.55280967,0.0120278792,0.608340394,0.391454489,0.216885905,0.512661414,6.719305,3.357893,0,0.144070667,12094.3699,6.55254845
0,25.9047855,0.429124494,-1.793830285,0.01841481016,0.9589956569,0.7479110585,0.2110845984,0.07537971938,0.7098528478,6.473787348,0,0.1440706667,192098.4036,41.88951782
1,0.44915,0.83523,-1.9509,0.018897,,,,,,,,,,
0,6.42321,0.304785,-0.95328,0.0190122,0.00118872,0.00113378,5.49429e-05,0.878237,12.281,0.00697022,0.00192652,0.144071,5.838,3.21326
0,0.4627178,0.361370648351,-1.97387449196,0.00908210449456,0,0,0,-0.125643022138,14.5783388692,0,0,0.144070666667,-23908177.0229,-4640.96731265
0,2.9322652,0.3759093396,-1.887165816,0.01895686526,0.386796834,0.03396598027,0.3528308538,3.997878311,9.299137528,0.2575445947,0,0.1440706667,157358.5131,35.2266805
0,18.095007,0.53327739,-1.5104527,0.021702865,0.15534984,0.1296793,0.025670538,1.8671186,18.171267,1.3949191,0,0.14407067,5212.1455,5.130524
0,51.58488,0.5309019,-1.288307,0.02216414,0.06469882,0.0542417,0.01045712,0.8846218,20.03184,0.5808617,0.122205,0.1440707,699.1017,3.928794
2,4.8117585,0.997694533,-1.4203348,0.0214683617,-0.000362839123,-0.000730411911,0.000367572788,-0.281221302,40.2633873,-0.0146990954,0,0.144070667,-24096.1541,-3.26537427
0,6.11064,0.410984,-0.747998,0.0221961,0.000103931,6.9749e-05,3.4182e-05,0.907284,16.5781,0.000578213,0.000118135,0.144071,0.546116,2.88521
0,12.867458,0.28928955,-1.5574911,0.019285569,0.078375094,0.078374699,3.9572041e-07,1.9612646,10.755785,0.45733433,0,0.14407067,5374.16,5.2105959
0,23.358054,0.87274701,-1.4903276,0.018978888,0.028486108,0.015252223,0.013233885,2.334638,34.205233,0.26850148,0,0.14407067,6059.1206,5.2826046
0,30.019088,0.38903684,-1.5354347,0.020571616,0.74529035,0.11168902,0.63360133,0.45766148,3.9975259,0.87644845,0,0.14407067,6447.7895,5.4063794
0,38.85186,0.6376873,-1.223602,0.01109529,0.06070677,0.05577872,0.004928052,0.8984092,24.16374,0.7174663,0.1063283,0.1440707,361.6718,3.764702
0,5.2885,0.293835,-0.523273,0.0166237,4.50257e-05,5.19496e-06,3.98307e-05,0.874999,11.8533,3.07901e-05,8.79648e-06,0.144071,0.0225791,2.49669
2,26.2942071,0.851742018,-1.676878889,0.01742221689,-0.6796254812,-1.224914058,0.5452885771,-0.4064332025,57.71327148,-21.04451212,0,0.1440706667,-644895.6283,-123.7269106
0,5.91478,0.711144,-0.724377,0.018123,0.000108772,6.30712e-05,4.57012e-05,0.944206,28.6857,0.00090472,0.00010682,0.144071,0.670381,2.87215
2,15.8530798,0.592038246,-1.54959486,0.0158911861,-11.6409789,-12.0030171,0.362038204,19.0422568,301.915657,-143.339326,0,0.144070667,14038.5775,6.93452674
0,6.29271,0.909174,-0.7307,0.0114187,0.000183739,0.000108566,7.51735e-05,0.955759,36.671,0.00199097,0.000183882,0.144071,0.918264,2.89468
0,51.93962,0.7610592,-1.18537,0.01210451,0.03515538,0.03267324,0.00248214,0.924731,29.62313,0.501575,0.05964313,0.1440707,263.6092,3.691176
0,6.254,0.23747,-0.65057,0.013412,7.873e-05,3.3031e-05,4.57e-05,0.84977,9.5793,0.00015822,5.5933e-05,0.14407,0.096393,2.6986
0,43.90785,0.200715,-1.371392,0.01986322,0.1433981,0.1219761,0.02142199,0.7388426,6.936077,0.4938326,0.3964343,0.1440707,842.5978,4.049336
0,41.03781,0.4486783,-1.222701,0.01305098,0.04947184,0.04725474,0.002217107,0.8826875,17.20502,0.4276668,0.08935477,0.1440707,259.0874,3.726741
2,5.5832909,0.77907557,-1.5143293,0.010681289,0.2957056,-0.00037788098,0.29608348,3.6378159,22.135482,-0.005938268,0,0.14407067,3425.1324,4.7658187
0,5.9936,0.23245,-0.82774,0.017653,0.00028145,0.00024413,3.7319e-05,0.8469,9.3747,0.0011446,0.00041367,0.14407,0.92138,2.9919
0,6.17804,0.781723,-0.815935,0.0108916,0.000426462,0.000340008,8.6454e-05,0.948775,31.5227,0.00536127,0.00057616,0.144071,2.37647,3.02906
0,33.362773,0.73444498,-1.3337559,0.012450465,0.19043991,0.13586298,0.054576939,0.81624023,23.986314,2.0127302,0.39002035,0.14407067,1626.5061,4.1977165
2,5.1592956,0.5353552627283851,-1.853237820951857,0.01794215716458905,-20867.27353926699,-20867.28831409113,0.01477482414338738,-0.0004951682950243472,450696.0618183911,-225337.3918616977,0,0.1440706666666666,-39823790790171.41,-7733133958.645339
0,5.3445,0.300841,-0.713132,0.0150873,0.000110834,6.55759e-05,4.52585e-05,0.877512,12.1351,0.00039793,0.000111057,0.144071,0.264109,2.81296
0,5.39898,0.337464,-0.663287,0.00977003,0.000125057,5.33859e-05,7.16707e-05,0.889319,13.6122,0.000363396,9.04069e-05,0.144071,0.154101,2.73541
0,6.3595,0.23204,-0.95932,0.017094,0.0014161,0.0013622,5.385e-05,0.84599,9.3477,0.0063759,0.0023156,0.14407,4.9853,3.211
0,5.9087,0.21462,-0.69098,0.013475,0.00011015,5.5245e-05,5.4905e-05,0.83638,8.6572,0.00023916,9.3552e-05,0.14407,0.14873,2.7613
2,19.5334911,0.360187030803,-1.84538603701,0.0174791837935,-26.6505656413,-26.8688720992,0.218306457872,-0.517405130084,401.77902205,-195.210276991,0,0.144070666667,-30716196.6818,-5963.11562149
2,17.8735077,0.4282349418239,-1.731750210005,0.01613408021314,-3623.874705686,-3623.919113742,0.04440805521699,-0.9671437909133,62622.48054763,-31302.98598327,0,0.1440706666667,-595029953.7095,-115543.9561632
1,0.27243,0.67416,-1.9252,0.020676,,,,,,,,,,
0,27.5608,0.424896,-1.12175,0.0154992,0.0121711,0.0118105,0.00036054,0.902395,16.9324,0.101222,0.0205735,0.144071,68.1989,3.52014
0,8.75332,0.65964,-0.669052,0.00862031,0.000158159,6.51549e-05,9.30041e-05,0.940084,26.6069,0.000866921,0.00011034,0.144071,0.306846,2.7766
2,6.6330313,0.620315988,-1.64321038,0.0217831685,0.0193006719,-0.00252810539,0.0218287773,4.57919798,24.5416647,-0.0316324857,0,0.144070667,15794.2693,7.37512391
0,4.79706,0.911706,-0.572017,0.00864312,0.000112282,1.86863e-05,9.3596e-05,0.955923,36.7757,0.000343639,3.16434e-05,0.144071,0.119931,2.63125
0,22.9102758,0.7082893428,-1.766522522,0.01382697932,0.8764273182,0.6093903285,0.2670369897,0.2387907964,3.5309238,8.706256042,0,0.1440706667,212395.7527,45.80878693
2,23.423238,0.30655624171,-1.7993052599,0.023448919758,-70.806715751,-70.949460102,0.14274435091,-4.1160871787,888.03563397,-438.71696486,0,0.14407066667,-4721691.6664,-915.35441549
0,47.09452,0.6421752,-1.266062,0.02205187,0.05224918,0.04408646,0.008162723,0.9044094,24.5529,0.5710629,0.09229947,0.1440707,629.8248,3.887734
0,5.49843,0.272582,-0.545934,0.0141339,5.37927e-05,8.1744e-06,4.56183e-05,0.86655,10.9959,4.49447e-05,1.38416e-05,0.144071,0.0282958,2.53095
0,0.4365703,0.9581538242935832,-1.790031203127932,0.02293985065953901,0,0,0,-2.942989466802358e-26,38.65364052962087,0,0,0.1440706666666666,-2.551635687512987e+31,-4.954862456739539e+27
0,28.63317,0.3454366,-1.205388,0.01820281,0.02863433,0.02782976,0.0008045718,0.873664,13.5365,0.1939112,0.05129091,0.1440707,164.8838,3.667913
0,0.4095662,0.3944376206,-1.79501224,0.01248811811,0,0,0,-2.137145171,15.91231972,0,0,0.1440706667,-154206.5735,-28.25140726
1,83.2627,0.239913,-1.37551,0.0227518,,,,,,,,,,
0,36.824422,0.46808297,-1.3439464,0.0088116893,0.26153698,0.20110457,0.060432404,0.73945552,13.944623,1.8987595,0.62814585,0.14407067,1189.739,4.1070265
0,13.4742,0.897905,-0.981312,0.0245641,0.00134971,0.00125651,9.31999e-05,0.954472,36.1742,0.0227574,0.00213738,0.144071,22.6807,3.3143
0,5.08005,0.378583,-0.692938,0.0196476,7.5895e-05,3.88468e-05,3.70482e-05,0.900163,15.2716,0.000296648,6.57949e-05,0.144071,0.249978,2.78994
0,5.67294,0.622464,-0.726059,0.0229011,8.6514e-05,5.10026e-05,3.55114e-05,0.936783,25.1091,0.000640371,8.63796e-05,0.144071,0.604361,2.86849
2,15.938466,0.35889201,-1.5591071,0.018273024,0.059668264,-2.279638,2.3393062,1.7822892,13.614448,-16.502694,0,0.14407067,7642.5993,5.6707996
0,40.79377,0.789468,-1.202146,0.01046045,0.05049888,0.0460532,0.004445677,0.9162379,30.24023,0.7333639,0.08561369,0.1440707,336.9053,3.734791
0,5.87493,0.794894,-0.735008,0.0184038,0.000117213,7.11948e-05,4.60181e-05,0.949777,32.0637,0.00114152,0.000120583,0.144071,0.853928,2.89525
0,145.15449,0.98093027,-1.2708195,0.024862933,0.051754597,0.03922737,0.012527227,0.92469062,37.524425,0.77616222,0.087022789,0.14407067,1000.7838,3.988321
0,38.52564,0.9858832,-1.143852,0.01603989,0.01615162,0.01494257,0.001209053,0.9485839,39.12991,0.2971501,0.02640595,0.1440707,199.1469,3.622732
0,6.39358,0.53246,-0.945191,0.0246231,0.00084293,0.000789353,5.35766e-05,0.926404,21.4623,0.0084778,0.00134074,0.144071,8.71764,3.22633
0,80.102668,0.93173064,-1.433493,0.019300354,0.28617794,0.18729737,0.098880568,0.75555001,26.830917,3.520037,0.90591011,0.14407067,7077.1759,5.43144
0,39.58927,0.9030464,-1.203802,0.02204798,0.02542926,0.02253451,0.002894752,0.9388302,35.50411,0.4104719,0.04149204,0.1440707,394.3325,3.755686
0,36.733853,0.2567597363,-1.843735682,0.01806399395,0.7955091535,0.6015818018,0.1939273517,0.3406217892,2.118146331,3.115636489,0,0.1440706667,240817.4941,51.4114941
0,4.62966,0.763458,-0.531963,0.0140243,6.36003e-05,6.88476e-06,5.67155e-05,0.947855,30.7973,0.000106023,1.16583e-05,0.144071,0.0605511,2.55607
0,6.09583,0.48829,-0.776349,0.019328,0.000157001,0.000115272,4.17291e-05,0.920757,19.6954,0.00113534,0.000195264,0.144071,0.920167,2.94044
0,6.25786,0.8937,-0.911296,0.0225165,0.000620501,0.000559071,6.14295e-05,0.954745,36.0311,0.0100782,0.000948643,0.144071,9.18821,3.19523
0,6.37049,0.276674,-0.62665,0.0235757,4.16168e-05,1.38203e-05,2.77965e-05,0.86827,11.161,7.71279e-05,2.34023e-05,0.144071,0.0808369,2.66561
0,4.87344,0.917895,-0.54125,0.0103597,8.84173e-05,1.05008e-05,7.79165e-05,0.956222,37.0263,0.00019442,1.77817e-05,0.144071,0.0813037,2.58051
0,6.8244,0.296859,-1.00417,0.0133653,0.00319195,0.0030891,0.000102854,0.874167,11.9376,0.0184972,0.00526857,0.144071,10.9605,3.29751
0,13.9814,0.900929,-1.00209,0.0163928,0.00262374,0.00245465,0.000169094,0.953786,36.2497,0.0446072,0.00418276,0.144071,29.7035,3.3503
2,10.7571906,0.5067677491,-1.813738352,0.01865374004,-1.570094888,-2.070471938,0.5003770501,6.770593916,52.54280965,-21.16427947,0,0.1440706667,204433.7248,44.30794293
0,77.103307,0.35956202,-1.5212046,0.023749089,0.37632456,0.25103332,0.12529123,0.63415328,9.0466466,1.8206663,2.2714226,0.14407067,8771.5351,5.8591972
0,22.0855218,0.950782318,-1.64722722,0.0102003845,0.474401223,0.366304432,0.108096791,1.04437091,20.1600037,7.02503416,0,0.144070667,59900.2324,16.0122976
0,17.069174,0.676018907,-1.67906549,0.0122655363,0.991267682,0.920634693,0.0706329894,0.0190376752,0.238146141,12.5536885,0,0.144070667,58429.2643,15.7572202
0,6.38634,0.569803,-0.941088,0.0127306,0.00155258,0.00144802,0.000104556,0.930407,22.9512,0.0166427,0.00246005,0.144071,8.80571,3.22276
2,1.6868645,0.44318295983,-1.8326697605,0.023981232511,-2.8124800817,-2.813039375,0.00055929325156,-1.6530584758,68.162545904,-25.14687571,0,0.14407066667,-1385260.466,-267.37724216
0,40.63199,0.9768497,-1.209273,0.01131339,0.05322955,0.04613577,0.007093782,0.9233554,37.3102,0.909056,0.0867473,0.1440707,452.0066,3.779369
0,6.0474,0.22483,-0.84097,0.014582,0.00039538,0.00035026,4.5118e-05,0.84247,9.0666,0.0015885,0.0005936,0.14407,1.0618,3.0124
0,6.18583,0.65436,-0.869208,0.0230991,0.000362325,0.00031766,4.4665e-05,0.939499,26.3885,0.00419281,0.000538544,0.144071,3.98264,3.10918
0,14.15866,0.999481,-1.112088,0.01052417,0.01641177,0.01531714,0.00109463,0.9489525,39.65912,0.3088001,0.02676209,0.1440707,134.1664,3.558055
0,7.7134624,0.985093404,-1.42124128,0.0184682068,0.156850361,0.00964236355,0.147207997,-0.0645515785,33.5071304,0.191595844,0,0.144070667,-88383.819,-15.8148677
0,41.71405,0.2068646,-1.355827,0.01969633,0.1256673,0.1112645,0.01440277,0.7545317,7.29656,0.4642673,0.327346,0.1440707,710.6738,3.999404
0,11.044,0.930154,-0.986625,0.020932,0.00169523,0.00157797,0.000117261,0.955727,37.4605,0.0296059,0.0026854,0.144071,25.1129,3.32531
0,19.5064457,0.80392149,-1.69505007,0.0209767107,0.211088235,0.0471705859,0.163917649,1.57422793,25.5856961,0.764909543,0,0.144070667,93217.935,22.5526021
0,6.8142,0.462978,-0.993574,0.0241831,0.00156156,0.00149241,6.91435e-05,0.915898,18.6482,0.0139372,0.00254141,0.144071,14.2631,3.30109
1,66.6984,0.799142,-1.26818,0.022586,,,,,,,,,,
0,35.2231,0.701974,-1.06725,0.0156937,0.00616545,0.00587482,0.000290637,0.939604,28.1443,0.0831842,0.0100898,0.144071,54.0617,3.45096
0,38.5864,0.2370428,-1.320171,0.0183407,0.1027633,0.0957511,0.007012176,0.7856438,8.580034,0.457821,0.222369,0.1440707,507.681,3.907047
0,6.69875,0.56242,-0.981509,0.0243173,0.00134256,0.00127198,7.05785e-05,0.929704,22.6586,0.01443,0.00216454,0.144071,14.622,3.29037
0,4.6807,0.828186,-0.526413,0.0236223,3.76774e-05,3.80621e-06,3.38712e-05,0.951747,33.4093,6.35837e-05,6.44513e-06,0.144071,0.0609166,2.55083
0,6.28853,0.829643,-0.913875,0.0182553,0.000787098,0.000712702,7.43965e-05,0.951342,33.443,0.0119268,0.00120949,0.144071,8.84697,3.1958
0,5.96845,0.302405,-0.802433,0.0123684,0.000309991,0.000251784,5.82075e-05,0.877945,12.1958,0.00153582,0.000426582,0.144071,0.835401,2.96154
1,0.50006,0.74857,-1.9683,0.015368,,,,,,,,,,
2,3.3220471,0.823725045,-1.65758198,0.0206064254,-0.0121978423,-0.132871061,0.120673218,8.85030341,33.6358839,-2.20768874,0,0.144070667,13471.0319,6.93018529
0,15.110403,0.72558775,-1.5126382,0.014034695,0.16327556,0.15523693,0.0080386295,2.2692614,24.492187,2.2720095,0,0.14407067,5944.8107,5.2817394
0,5.58967,0.935123,-0.707894,0.0202275,8.75709e-05,4.57288e-05,4.18421e-05,0.956993,37.7212,0.000862549,7.74455e-05,0.144071,0.703804,2.85817
0,6.25662,0.956888,-0.855986,0.0106413,0.000685725,0.00058183,0.000103896,0.95754,38.5761,0.0112301,0.000986428,0.144071,4.82013,3.10592
0,45.52606,0.8817827,-1.246483,0.02310427,0.04180804,0.0341829,0.007625144,0.9269541,34.08547,0.6079889,0.06850643,0.1440707,663.3947,3.877342
0,44.968046,0.40752428,-1.3858852,0.014730706,0.23039113,0.1650687,0.065322427,0.75270311,12.652569,1.3568861,0.64394586,0.14407067,1817.4616,4.2926299
0,0.7886829,0.8368854995,-1.945804803,0.0187526669,0.02315263337,0.003231577081,0.01992105629,14.62730347,32.97979253,0.05455137891,0,0.1440706667,323947.927,67.67138148
0,6.14038,0.441123,-0.83239,0.0216489,0.000250314,0.000211315,3.89986e-05,0.912971,17.7912,0.00188025,0.000358091,0.144071,1.72193,3.02884
0,5.89,0.657872,-0.753526,0.0244758,0.000102088,6.7905e-05,3.4183e-05,0.939969,26.537,0.00090109,0.000115015,0.144071,0.905876,2.91681
0,5.36072,0.890068,-0.679369,0.0218063,6.74505e-05,2.94066e-05,3.80438e-05,0.95493,35.9045,0.000527951,4.97999e-05,0.144071,0.465398,2.80835
0,6.0509,0.899207,-0.741528,0.0233665,0.000102909,6.09715e-05,4.1937e-05,0.955347,36.2719,0.00110589,0.000103268,0.144071,1.04425,2.91214
0,5.0201,0.506231,-0.541214,0.0194691,4.4438e-05,5.5852e-06,3.88528e-05,0.923419,20.4213,5.70312e-05,9.45749e-06,0.144071,0.0464136,2.55166
0,37.0129,0.974908,-1.151386,0.02234983,0.01277549,0.01178675,0.0009887334,0.950362,38.82708,0.2317838,0.02087642,0.1440707,217.2767,3.638263
0,35.80865,0.2095051,-1.299987,0.021381,0.07169413,0.06935649,0.002337642,0.7893417,7.845867,0.293094,0.1471862,0.1440707,356.54,3.839355
2,18.0063116,0.476879257,-1.64272682,0.0215156017,-0.781244124,-3.04581981,2.26457569,-1.86100365,34.2678647,-29.2979889,0,0.144070667,-53929.6115,-8.87755072
0,5.9859,0.21296,-0.54337,0.013869,4.9539e-05,8.0779e-06,4.1461e-05,0.83535,8.5907,3.4699e-05,1.3649e-05,0.14407,0.02219,2.5159
0,12.73379,0.8689793,-1.123625,0.02169154,0.009175395,0.008626699,0.0005486967,0.9479525,34.73453,0.1512096,0.01505847,0.1440707,136.4216,3.570887
0,6.47518,0.570144,-0.957691,0.0241692,0.00100455,0.000943701,6.08494e-05,0.930797,22.9775,0.0108529,0.0016038,0.144071,10.9068,3.25077
0,17.679325,0.567005968,-1.66756951,0.0164390908,0.159223246,0.1234021,0.0358211456,4.72244171,19.2319576,1.41135203,0,0.144070667,16410.7319,7.52115744
2,7.4529805,0.7357008506,-1.799987369,0.01416807883,-0.02500098992,-0.03235998978,0.007358999863,4.446886488,30.42150595,-0.4802139858,0,0.1440706667,151036.3801,33.90973942
0,5.59306,0.26753,-0.657578,0.0104123,0.000108604,4.65527e-05,6.20512e-05,0.864339,10.7915,0.000251214,7.8833e-05,0.144071,0.116812,2.71546
0,5.8949,0.2218,-0.78032,0.021333,0.00013903,0.0001101,2.8928e-05,0.84081,8.9466,0.00049258,0.00018618,0.14407,0.4817,2.9111
2,8.7347286,0.540037269126,-1.54333659784,0.0201722606401,-1.04955281189,-1.64875463296,0.599201821073,-0.00251738201091,44.6517014277,-17.9599420838,0,0.144070666667,-14492168.424,-2812.93604948
0,13.6297504,0.769647062,-1.70992724,0.0152564691,0.351196838,0.0032393727,0.347957465,1.54330797,20.1446506,0.0502895447,0,0.144070667,90629.2755,22.0633565
0,6.8608,0.22908,-0.64727,0.024099,4.273e-05,1.762e-05,2.511e-05,0.84514,9.241,8.1419e-05,2.9837e-05,0.14407,0.089617,2.6915
0,6.3657,0.692998,-0.664344,0.0110752,0.000120328,4.77378e-05,7.25899e-05,0.942823,27.9534,0.000667298,8.08436e-05,0.144071,0.302579,2.77117
1,0.48774,0.88489,-1.9729,0.010215,,,,,,,,,,
0,7.77485,0.76362,-0.976672,0.0241955,0.00128412,0.00120196,8.21605e-05,0.947075,30.7663,0.0185137,0.0020444,0.144071,18.3159,3.29783
0,46.5986,0.9219323,-1.177979,0.009231875,0.04267984,0.03899901,0.003680828,0.9282913,35.60503,0.7252335,0.07111958,0.1440707,287.0407,3.692711
0,5.34786,0.358667,-0.564259,0.0130033,6.54349e-05,1.1243e-05,5.41919e-05,0.89521,14.4683,8.13388e-05,1.9038e-05,0.144071,0.0456044,2.5738
0,164.8546,0.9354995,-1.271359,0.01327779,0.09414505,0.07239547,0.02174958,0.894086,34.18672,1.366092,0.1640842,0.1440707,949.5286,3.976206
0,14.7673,0.51467,-1.02924,0.020829,0.00284761,0.00273178,0.00011583,0.92279,20.7036,0.0283596,0.00466505,0.144071,24.8487,3.36733
0,0.7674489,0.213323518,-1.89677257,0.0145928764,2.83349803e-05,2.80882928e-05,2.46687554e-07,-11.4716947,8.60560877,0.000120861854,0,0.144070667,-57414.5475,-9.30344046
0,5.91356,0.290503,-0.828904,0.0154533,0.000330308,0.000283077,4.72318e-05,0.873571,11.7156,0.00165875,0.00047969,0.144071,1.13314,3.00373
0,47.26247,0.6776982,-1.192307,0.009729778,0.04699197,0.04403989,0.002952084,0.9109593,26.05482,0.6020155,0.0811155,0.1440707,257.2961,3.695642
1,0.26023,0.86776,-1.8113,0.016119,,,,,,,,,,
0,17.6775645,0.954208325,-1.68533868,0.0162010759,0.733242873,0.640594277,0.0926485954,0.627771994,10.2686748,12.3296692,0,0.144070667,82814.7845,20.5166874
1,0.25969,0.78811,-1.9218,0.024994,,,,,,,,,,
0,36.489186,0.36374246,-1.4057393,0.010711621,0.36123251,0.25544326,0.10578925,0.64756747,9.3732881,1.87419,1.142807,0.14407067,2019.6326,4.357162
2,33.5850463,0.685549401,-1.67403147,0.00949676481,0.743888696,-0.293774522,1.03766322,0.462122449,7.08308853,-4.0623567,0,0.144070667,67109.5552,17.4448748
2,29.2488308,0.315883116338,-1.52319550733,0.0178763801908,-7.62191376641,-8.19030875529,0.568394988873,-0.00094485798396,109.871550906,-52.1857414563,0,0.144070666667,-73351199.6062,-14242.5082778
0,26.5806,0.477903,-1.08331,0.0205497,0.00569445,0.00550177,0.00019268,0.91565,19.1697,0.0530356,0.00947026,0.144071,46.4397,3.45773
0,6.29628,0.793328,-0.859794,0.00986056,0.000766836,0.000659335,0.000107501,0.949262,31.9797,0.0105508,0.0011179,0.144071,4.23281,3.10294
2,20.0841905,0.34917053,-1.72737795,0.0176957096,-0.78925856,-5.93445802,5.14519946,3.11303837,25.20379,-41.7968752,0,0.144070667,70338.0866,18.127564
0,20.7977207,0.299434795,-1.68783885,0.0147712241,0.347278703,0.264410375,0.0828683284,1.13615606,7.88470074,1.59700372,0,0.144070667,36281.8728,11.4408459
0,6.46783,0.609204,-0.949686,0.0234879,0.000938075,0.000876479,6.15966e-05,0.93495,24.5533,0.0107703,0.00148908,0.144071,10.4694,3.24058
0,6.56158,0.458984,-0.954293,0.0157214,0.00147082,0.00138872,8.20992e-05,0.915293,18.489,0.012857,0.00236029,0.144071,8.54376,3.23437
0,68.121099,0.80938337,-1.4274291,0.014295312,0.34503261,0.23127007,0.11376254,0.70466146,21.385978,3.7757121,1.1314355,0.14407067,5595.1193,5.1255109
0,0.4478593,0.5732439330495405,-1.890435412823986,0.009259216893154678,0,0,0,-2.124538610096293e-09,23.1256864629428,0,0,0.1440706666666666,-767973827737167.9,-149128055600.5206
0,4.69823,0.941692,-0.507404,0.0193486,4.53079e-05,3.64021e-06,4.16677e-05,0.957307,37.9878,6.91449e-05,6.16403e-06,0.144071,0.0539443,2.52558
0,31.4624778,0.6121326448,-1.83090068,0.02373487005,0.9294497113,0.6713359086,0.2581138028,0.1318290832,1.742205988,8.289161264,0,0.1440706667,434003.6698,88.94254461
2,0.7728017,0.4864429890811164,-1.873653597194688,0.02036021618307672,-3.484128592866651,-3.484128592866651,-8.881784197001252e-16,-7.650234156589021e-17,87.99645428495182,-34.18623664504275,0,0.1440706666666666,-6.541696789333045e+22,-1.270291365787888e+19
0,6.65029,0.381011,-0.974434,0.00956194,0.00309004,0.00295254,0.000137496,0.898841,15.3232,0.0226913,0.00502651,0.144071,9.33934,3.25924
0,0.447285,0.2583319868267107,-1.890724215125248,0.01745851188067172,0,0,0,-1.045471052156345e-26,10.42157480659685,0,0,0.1440706666666666,-7.059091652102974e+31,-1.370761052483144e+28
2,8.7558268,0.89209826,-1.3956435,0.020803745,0.41885304,-0.0052790546,0.42413209,2.2965544,20.914805,-0.094993528,0,0.14407067,1116.153,4.1411539
0,5.06596,0.702565,-0.698254,0.0179757,9.08247e-05,4.54647e-05,4.536e-05,0.943576,28.3401,0.000644296,7.69966e-05,0.144071,0.473828,2.82816
0,8.67751,0.214879,-1.06191,0.022305,0.0186304,0.00380859,0.0148218,0.832131,8.50709,0.0165076,0.00662795,0.144071,17.2269,3.3797
0,1.3478471,0.986405358,-1.7614523,0.0195142562,0.480681385,0.0176829592,0.462998426,11.1199172,20.6654315,0.351832163,0,0.144070667,25011.1711,9.30675788
1,0.086555,0.89673,-1.909,0.019786,,,,,,,,,,
1,0.45898,0.76242,-1.8349,0.018127,,,,,,,,,,
0,15.6091737,0.654723301,-1.874159856,0.01555430944,0.771583497,0.584708317,0.18687518,0.5412333424,6.033098861,7.721865614,0,0.1440706667,638087.1567,128.6353092
0,40.775233,0.83215557,-1.4860674,0.013392693,0.43785836,0.19109058,0.24676778,1.2837043,18.871458,3.2075171,0,0.14407067,5755.8826,5.2168224
0,6.03103,0.57592,-0.811649,0.0242519,0.000180587,0.000144544,3.60432e-05,0.931965,23.2294,0.00167914,0.000244897,0.144071,1.68735,3.00705
0,8.3289848,0.742705554,-1.63291279,0.0188433208,0.612031586,0.0840791593,0.527952427,1.79340555,11.6243374,1.2595929,0,0.144070667,16735.1695,7.55050715
0,10.419902,0.46326753,-1.480039,0.021826505,0.11616116,0.015884874,0.10027628,2.5485715,16.518101,0.14843653,0,0.14407067,2348.5815,4.5030916
0,4.91933,0.498971,-0.69605,0.0101452,0.000154583,7.83066e-05,7.62764e-05,0.922321,20.1263,0.000788132,0.000132619,0.144071,0.334645,2.80806
0,0.30272,0.22327,-1.0931,0.018174,0,0,0,5.0686,9.007,0,0,0.14407,4.47,3.3391
2,6.1463534,0.97204154,-1.4354865,0.017846693,0.05498035,-0.00037005558,0.055350405,5.6959333,37.057902,-0.0072556606,0,0.14407067,1330.2235,4.2315814
0,0.7480269,0.9313290610235,-1.948764601608,0.02257157829254,0.007244209582838,0.007244120900838,8.86819998382e-08,-0.02428093240027,37.29930587169,0.1360861774165,0,0.1440706666667,-229265139.154,-44518.09834357
0,6.13059,0.619629,-0.836009,0.0201666,0.000283779,0.00023763,4.61486e-05,0.936386,24.9898,0.00297002,0.000402707,0.144071,2.4704,3.05115
0,14.0086,0.332379,-0.651528,0.0120939,9.48821e-05,3.70831e-05,5.7799e-05,0.887835,13.4075,0.000248619,6.27962e-05,0.144071,0.130723,2.71519
0,42.51671,0.3710084,-1.331978,0.02436945,0.08587862,0.07048388,0.01539475,0.8434199,13.68179,0.5274712,0.1947652,0.1440707,877.5937,4.018809
0,6.22176,0.712282,-0.931279,0.021242,0.000831418,0.000765571,6.58465e-05,0.943824,28.7108,0.0109992,0.00129981,0.144071,9.57348,3.2174
0,5.11288,0.898533,-0.637186,0.0247166,4.81794e-05,1.50919e-05,3.30875e-05,0.955348,36.2467,0.00027353,2.55566e-05,0.144071,0.273173,2.73875
2,13.1940124,0.379282781,-1.66664122,0.0171420012,-1.94127642,-1.97244563,0.0311692095,6.91153152,45.0043127,-15.0901424,0,0.144070667,25928.2065,9.39187042
0,5.07184,0.996694,-0.634685,0.00838016,0.000141404,4.31032e-05,9.83007e-05,0.959504,40.2027,0.000866556,7.29944e-05,0.144071,0.292138,2.7397
0,4.81835,0.659336,-0.579313,0.0171359,5.62611e-05,1.03515e-05,4.59097e-05,0.940124,26.5973,0.000137668,1.75287e-05,0.144071,0.0968604,2.62757
0,7.0137,0.303752,-1.02037,0.0088346,0.00591639,0.00573941,0.000176983,0.874943,12.1814,0.035165,0.00981422,0.144071,13.7593,3.32594
0,32.8727,0.923927,-1.03354,0.0179733,0.00356259,0.00334471,0.00021788,0.954232,37.1401,0.0623334,0.00571319,0.144071,45.5547,3.40679
0,0.4608387,0.9270491223978683,-1.958348228899696,0.0150755255501771,0,0,0,-1.181020704833242e-152,37.39882117246347,0,0,0.1440706666666666,-5.345210103132757e+158,-1.03795306645877e+155
0,8.66594,0.523801,-1.00904,0.0189016,0.00243433,0.00232629,0.000108047,0.92427,21.0796,0.0245784,0.0039662,0.144071,19.4884,3.33361
0,23.2252326,0.678651958707,-1.87729353217,0.0218663207546,0.92911886823,0.697779838485,0.231339029745,-0.00843492032782,1.9405861005,9.55192039092,0,0.144070666667,-13710619.4612,-2660.83511747
0,5.39254,0.279548,-0.717998,0.022222,7.7394e-05,4.73938e-05,3.00002e-05,0.869426,11.2766,0.000267241,8.02632e-05,0.144071,0.263683,2.81774
0,9.913579,0.8312975,-1.364813,0.02187656,0.006002591,0.002308736,0.003693855,3.810696,33.33473,0.03871292,0,0.1440707,721.5236,4.011275
0,5.98048,0.539411,-0.817107,0.0242677,0.00019072,0.000154933,3.57871e-05,0.927694,21.7567,0.00168574,0.000262509,0.144071,1.70293,3.01298
0,39.226431,0.63479332,-1.3842846,0.013435744,0.23361881,0.23361606,2.749526e-06,0.77886836,19.626025,2.9913016,0.69164372,0.14407067,2669.0074,4.4761303
2,45.8034822,0.301977161,-1.58354588,0.0182965129,-0.137984405,-0.248499394,0.110514989,1.76213799,13.8632666,-1.51364699,0,0.144070667,10773.9623,6.32094271
2,15.8475873,0.629244996,-1.66044827,0.0240806182,-32.3687466,-41.8586451,9.48989851,119.39735,847.061281,-531.288124,0,0.144070667,26089.5,9.41731669
0,57.54372,0.9683353,-1.235486,0.0156807,0.05355174,0.04404431,0.009507423,0.9228687,36.97241,0.8602818,0.0876429,0.1440707,627.563,3.856535
0,50.49893,0.9752579,-1.169075,0.01053515,0.03366264,0.03074265,0.002919991,0.936551,38.01924,0.6047639,0.05558648,0.1440707,270.9687,3.677725
2,30.290707,0.9100823361675472,-1.770182907695743,0.02007788802539763,0.147525401569565,-0.130668840875723,0.278194242445288,-7.237803143558161e-08,31.29805132060916,-2.398710820980916,0,0.1440706666666666,-6510357882094.329,-1264205857.765822
0,6.09698,0.435337,-0.767179,0.00956999,0.000288378,0.000206935,8.14429e-05,0.911894,17.5572,0.00181712,0.000350544,0.144071,0.736211,2.91977
2,14.3593262,0.584403382,-1.60036586,0.0183794984,0.21566419,-0.0466853488,0.262349539,1.64584604,18.4914058,-0.550324058,0,0.144070667,19096.7681,7.98332718
0,75.53739,0.4568547,-1.306801,0.02436487,0.06970574,0.05794469,0.01176105,0.8708631,17.14564,0.53397,0.1409752,0.1440707,770.8108,3.96623
0,18.688609,0.915497239,-1.61040939,0.023992837,0.326864771,0.260316589,0.0665481818,1.44797731,24.8607671,4.80710994,0,0.144070667,33201.6127,10.7607212
0,5.16131,0.898373,-0.635807,0.0126684,9.3492e-05,2.89276e-05,6.45644e-05,0.955311,36.2386,0.000524197,4.89871e-05,0.144071,0.268329,2.73645
0,6.49103,0.876367,-0.958482,0.0189177,0.00131633,0.00121768,9.8651e-05,0.953447,35.3077,0.021525,0.00206994,0.144071,16.5286,3.27401
0,29.4216,0.299799,-1.12024,0.0124106,0.014791,0.0144656,0.000325321,0.868024,11.9155,0.0874768,0.0252011,0.144071,48.9365,3.49784
0,18.5526,0.323649,-1.07497,0.0125136,0.00833257,0.00812069,0.00021188,0.880024,12.9478,0.0530142,0.0139728,0.144071,29.3226,3.42244
0,6.31917,0.306013,-0.939818,0.0197274,0.000969632,0.000919635,4.99971e-05,0.8788,12.3332,0.00567651,0.00156185,0.144071,4.92869,3.19092
1,0.23323,0.87101,-1.8542,0.0098475,,,,,,,,,,
0,40.62831,0.3298255,-1.338479,0.02349876,0.09316919,0.07730917,0.01586002,0.8278844,12.06606,0.5143283,0.2195702,0.1440707,857.1399,4.020126
0,27.7469,0.529609,-1.11013,0.00983009,0.0166451,0.0160462,0.000598806,0.915905,21.0098,0.171417,0.0279405,0.144071,71.8123,3.51187
0,4.62546,0.69483,-0.560868,0.00954874,9.73485e-05,1.46575e-05,8.26909e-05,0.94298,28.028,0.00020543,2.48207e-05,0.144071,0.0802947,2.59948
0,0.7567521,0.246365768,-1.905923516,0.01105437882,0.6965197319,0.6965197319,0,-0.3980248167,3.01624065,3.461297734,0,0.1440706667,-652336.6731,-124.9433856
0,6.50475,0.28676,-0.966228,0.0249677,0.00106221,0.00101909,4.31243e-05,0.871682,11.5561,0.00589461,0.00173246,0.144071,6.5363,3.23215
0,6.03962,0.313798,-0.803793,0.00838564,0.000464996,0.000377882,8.71145e-05,0.881751,12.6533,0.00239183,0.000640279,0.144071,0.878215,2.96548
0,4.84691,0.729552,-0.558105,0.0217225,4.27385e-05,6.2186e-06,3.65199e-05,0.945578,29.4302,9.15111e-05,1.05301e-05,0.144071,0.0811478,2.59726
0,6.15867,0.797282,-0.834339,0.0224919,0.000252402,0.000208544,4.38581e-05,0.949832,32.1556,0.00335378,0.000353407,0.144071,3.06724,3.06071
1,0.19865,0.80126,-1.9999,0.023017,,,,,,,,,,
0,10.3048,0.6770828,-1.137228,0.02489573,0.009361161,0.008915289,0.0004458726,0.9355844,27.05903,0.1217594,0.01562534,0.1440707,128.2392,3.579723
1,0.3251,0.6982,-1.9925,0.0211,,,,,,,,,,
0,22.8312,0.916073,-1.02602,0.0200233,0.00290597,0.00272716,0.000178806,0.954304,36.8486,0.0503925,0.00465629,0.144071,41.0343,3.39303
0,27.49174,0.5087532949,-1.847145612,0.02433294966,0.8561001275,0.5022185672,0.3538815604,0.289591955,2.953403669,5.153771624,0,0.1440706667,412632.0158,84.80616648
0,4.86176,0.756413,-0.578204,0.0169778,5.72781e-05,1.03001e-05,4.69781e-05,0.947399,30.5133,0.000157153,1.74416e-05,0.144071,0.108708,2.63239
0,9.0299954,0.512685067,-1.63235409,0.0161272708,0.00365969469,0.000191811183,0.0034678835,4.62391108,20.6069413,0.00198358019,0,0.144070667,11424.2526,6.49903807
0,10.6122,0.201258,-1.07841,0.0171239,0.00633814,0.0062268,0.000111342,0.823679,8.06765,0.025278,0.0106719,0.144071,20.4018,3.40551
0,26.0931472,0.4215199865,-1.864938628,0.0179635914,0.9900239909,0.7690183193,0.2210056716,0.01992544372,0.1696407465,6.538528599,0,0.1440706667,432918.5097,88.76573344
2,19.119609,0.699891452,-1.601628,0.0158018959,-12.9930407,-19.412148,6.41910736,24.2043958,395.091742,-274.049778,0,0.144070667,28198.3434,9.77199356
0,33.08531,0.8214733,-1.218413,0.01395213,0.0474259,0.04188888,0.005537017,0.9200402,31.56803,0.6940926,0.07910374,0.1440707,431.6337,3.782184
0,9.9474636,0.473538874,-1.66581607,0.0155145801,0.430537629,0.341200614,0.0893370155,-3.52240344,10.8786708,3.25904691,0,0.144070667,-12168.1995,-0.668571917
0,55.96343,0.7205004,-1.246019,0.01323321,0.06812803,0.05880478,0.009323248,0.8999521,27.08605,0.854618,0.1188974,0.1440707,539.7608,3.842273
0,12.5006,0.459817,-1.03182,0.0234584,0.00260431,0.00250694,9.73675e-05,0.914712,18.5015,0.0232516,0.00428184,0.144071,23.1573,3.36596
0,42.46926,0.8771037,-1.252298,0.02071309,0.04959847,0.04011208,0.009486395,0.9215167,33.62895,0.7096616,0.0823412,0.1440707,709.4299,3.895543
2,1.0289393,0.28850966765,-1.9665800044,0.01338213261,0.013423053784,0.013423053784,-9.0205620751e-17,-1.966596391,11.482765598,0.07811543783,0,0.14407066667,-1095509.5145,-210.966341
0,6.55827,0.405177,-0.965667,0.0125872,0.00210844,0.00200589,0.000102547,0.904816,16.3111,0.0163937,0.00341177,0.144071,8.82407,3.24745
0,4.67214,0.914589,-0.51987,0.0200314,4.43479e-05,4.12672e-06,4.02211e-05,0.956099,36.8945,7.61302e-05,6.98787e-06,0.144071,0.0615677,2.54484
0,33.77387,0.2719337,-1.247806,0.02242309,0.03810114,0.03708186,0.001019284,0.8427003,10.55231,0.2033995,0.07179812,0.1440707,229.7843,3.739988
0,37.85976,0.3512923,-1.277959,0.01551682,0.07855457,0.07356306,0.004991511,0.8431321,13.0585,0.521259,0.15283,0.1440707,418.6454,3.837638
2,8.247645,0.71181441,-1.5240728,0.013040235,0.045506713,-0.068381994,0.11388871,4.1357403,27.409103,-0.98182414,0,0.14407067,4227.8909,4.9422641
1,0.26184,0.75785,-1.7864,0.010288,,,,,,,,,,
0,4.71129,0.998047,-0.540478,0.0147445,6.22966e-05,7.30529e-06,5.49913e-05,0.959608,40.2605,0.000147067,1.23704e-05,0.144071,0.0872238,2.58335
0,5.07873,0.427649,-0.594133,0.0114562,8.29621e-05,1.87299e-05,6.42322e-05,0.910585,17.2507,0.000161565,3.17165e-05,0.144071,0.0784604,2.63156
0,6.30343,0.585389,-0.797765,0.0117642,0.000322364,0.000249308,7.30552e-05,0.9329,23.608,0.00294379,0.000422392,0.144071,1.43331,2.98473
0,5.02344,0.561034,-0.580493,0.015297,6.21317e-05,1.17729e-05,5.03588e-05,0.930365,22.6317,0.000133228,1.99356e-05,0.144071,0.0845545,2.62176
1,68.7537,0.883349,-1.2583,0.0166576,,,,,,,,,,
0,11.28841,0.5793489,-1.141807,0.01650641,0.01480237,0.01419989,0.0006024799,0.9229312,23.02601,0.1659397,0.02499446,0.1440707,117.323,3.577611
0,5.69924,0.469396,-0.622822,0.0156911,6.76828e-05,1.97678e-05,4.79149e-05,0.91789,18.935,0.000187165,3.34744e-05,0.144071,0.123504,2.68357
0,1.0438845,0.65222015573,-1.7722369865,0.011292830284,0.91927841674,0.87746378081,0.041814635921,-0.0086416871035,2.1239243964,11.543794458,0,0.14407066667,-3799211.0087,-736.23953972
0,0.4665511,0.492594123801837,-1.91858049902992,0.00988646987518251,0,0,0,-3.6052132411043e-05,19.8721287810731,0,0,0.144070666666667,-55825894209.9473,-10840481.621939
0,13.97,0.807038,-1.00021,0.0233499,0.00179092,0.00168281,0.000108104,0.949409,32.4991,0.027394,0.00286618,0.144071,26.1121,3.3411
0,29.791593,0.33268616,-1.4937078,0.008477982,0.49573718,0.38114545,0.11459173,0.64752452,6.7677895,2.5577061,0,0.14407067,4514.2292,4.9708685
2,13.7611632,0.755595079378,-1.46777151689,0.0226201507281,0.821418178838,-0.126991713904,0.948409892741,-2.02078446008e-05,5.44354145635,-1.93548440359,0,0.144070666667,-83381617.7881,-16190.3147369
0,6.63141,0.704497,-0.941756,0.0110362,0.00181857,0.00168443,0.000134136,0.942606,28.369,0.0239363,0.00286221,0.144071,10.8361,3.23449
0,6.21443,0.436919,-0.846191,0.0155401,0.000406984,0.000351414,5.55699e-05,0.91211,17.6189,0.00309703,0.000595612,0.144071,2.03793,3.05136
2,14.8724392,0.4789684901,-1.581143138,0.01572897552,-10.97918463,-13.77998971,2.800805072,-2.880465987,231.4671521,-133.1315557,0,0.1440706667,-106702.0684,-19.22175059
2,0.7243728,0.37659422489,-1.92063767896,0.0249096553106,-0.00844136516011,-0.008441427786275,6.26261652658e-08,-0.01189997969851,15.32073051477,-0.06412313335284,0,0.1440706666667,-133884830.3551,-25996.79057882
2,5.9702459,0.8699389181078441,-1.606190423336513,0.01679342762913191,-39.22912827184708,-39.30268556282317,0.07355729097609043,-8.311618994859703e-06,1411.836964029862,-689.6617780066156,0,0.1440706666666666,-311150186524.3582,-60420316.49793135
0,5.03826,0.495796,-0.566545,0.0153045,5.91471e-05,9.83712e-06,4.93099e-05,0.921924,20.0001,9.83776e-05,1.66575e-05,0.144071,0.0630383,2.59272
0,38.21479,0.511312,-1.227609,0.01367999,0.05061513,0.04764335,0.00297178,0.8914131,19.58319,0.4913755,0.09079279,0.1440707,311.0133,3.751117
0,4.81653,0.711496,-0.516011,0.0137868,6.29512e-05,5.70589e-06,5.72453e-05,0.944262,28.7012,8.18881e-05,9.66197e-06,0.144071,0.0461503,2.52616
0,40.18742,0.9221648,-1.157201,0.02011891,0.01517644,0.01404212,0.001134315,0.946539,36.63719,0.261196,0.02499,0.1440707,221.8153,3.646022
0,0.4727122,0.3469277113401132,-1.984065511512059,0.01217737006649705,0,0,0,-3.793285196540243e-45,13.99568493481889,0,0,0.1440706666666666,-8.665737058643866e+50,-1.682745519745459e+47
0,34.0177,0.568226,-1.08897,0.021305,0.00593193,0.00570175,0.000230177,0.927419,22.7873,0.0653514,0.00982346,0.144071,58.6137,3.47772
0,35.049423,0.62428383,-1.3550576,0.023904358,0.11636563,0.081837277,0.03452835,0.8598438,22.254091,1.0305247,0.26707031,0.14407067,1883.3469,4.2764259
0,5.97046,0.262227,-0.653381,0.0145726,7.5473e-05,3.15172e-05,4.39558e-05,0.861995,10.5779,0.000166706,5.33704e-05,0.144071,0.108785,2.7076
1,0.30645,0.51354,-1.914,0.013726,,,,,,,,,,
0,36.8109524,0.5417007306,-1.728970873,0.009540384589,0.9985638117,0.4148839865,0.5836798251,0.002419952713,0.03138527819,4.533266639,0,0.1440706667,115004.367,26.82788634
0,14.75274,0.9971286,-1.105026,0.009134415,0.0172734,0.0161447,0.001128702,0.9482981,39.53112,0.3247179,0.02816014,0.1440707,122.2213,3.543883
0,40.79051,0.7073934,-1.232015,0.02370489,0.03278986,0.0290703,0.003719563,0.922514,27.60177,0.4147971,0.05544688,0.1440707,448.246,3.800952
0,12.3902778,0.2777319054,-1.806041975,0.01503321648,0.3496990375,0.2511546657,0.09854437185,1.286373161,7.286103508,1.406993835,0,0.1440706667,135163.8531,30.82790169
0,35.629909,0.44808114,-1.4005294,0.02018788,0.2067855,0.14140247,0.065383028,0.77638332,14.338459,1.2780235,0.56711916,0.14407067,2410.0643,4.4368488
0,5.91899,0.680373,-0.775593,0.0209621,0.000146318,0.000105259,4.10587e-05,0.941808,27.4434,0.00144455,0.000178302,0.144071,1.24138,2.95513
1,45.9706,0.254866,-1.38943,0.0232562,,,,,,,,,,
0,6.02908,0.983956,-0.786889,0.0110124,0.000316176,0.000231614,8.45621e-05,0.958889,39.682,0.00459691,0.000392397,0.144071,2.03831,2.99206
2,10.792006,0.77390754,-1.4482337,0.023870248,0.88012308,-0.009969922,0.89009301,0.38216146,3.7426551,-0.15563455,0,0.14407067,2358.5832,4.4734469
0,44.406282,0.32512823,-1.4223837,0.021528431,0.21976533,0.15020637,0.069558969,0.74024844,10.233757,0.98507249,0.70415054,0.14407067,2388.7617,4.4541103
0,6.90558,0.886709,-0.963819,0.0135106,0.00197009,0.00182504,0.000145047,0.95353,35.701,0.0326422,0.003104,0.144071,17.897,3.2837
0,4.8675,0.465758,-0.505583,0.00880013,9.23864e-05,7.81845e-06,8.4568e-05,0.917286,18.7878,7.34523e-05,1.32393e-05,0.144071,0.0271995,2.48856
0,13.9364607,0.66297627,-1.53030875,0.0208894329,0.167270549,0.000294263657,0.166976285,-0.275865472,22.2718901,0.00393513633,0,0.144070667,-55799.3398,-9.35479092
0,6.17984,0.983102,-0.736607,0.0199597,0.000110688,6.70064e-05,4.36812e-05,0.958988,39.6557,0.00132874,0.00011349,0.144071,1.06767,2.90837
0,6.4654,0.7851,-0.935647,0.011973,0.00156145,0.0014359,0.000125543,0.948248,31.6229,0.0227392,0.00243917,0.144071,11.101,3.22967
1,0.34056,0.94119,-1.9759,0.018842,,,,,,,,,,
0,20.4511,0.254359,-1.1529,0.0204707,0.0134605,0.0132074,0.000253085,0.850129,10.1232,0.0677626,0.0232395,0.144071,64.5695,3.54777
0,17.0322195,0.875998622,-1.68283029,0.0133183344,0.334660744,0.241496334,0.0931644095,1.49221181,23.5126586,4.26716205,0,0.144070667,77245.6016,19.429157
0,6.51966,0.377804,-0.96734,0.00877588,0.00308085,0.0029378,0.000143055,0.89809,15.1943,0.0223879,0.00499978,0.144071,8.46137,3.2469
0,6.92122,0.414519,-0.997492,0.0138619,0.00285159,0.00273556,0.000116023,0.906266,16.6748,0.0228727,0.00466255,0.144071,13.5546,3.30225
0,6.72926,0.389803,-0.968219,0.0222365,0.00123145,0.00117368,5.77733e-05,0.902029,15.706,0.00922827,0.00199562,0.144071,8.80697,3.2499
0,6.30242,0.617547,-0.747357,0.0100841,0.000233994,0.000152252,8.17414e-05,0.936218,24.9071,0.00189653,0.000257892,0.144071,0.788607,2.90349
0,4.65999,0.756934,-0.520721,0.024215,3.62503e-05,3.45128e-06,3.2799e-05,0.947447,30.535,5.26942e-05,5.84409e-06,0.144071,0.0519855,2.53699
0,5.82028,0.271592,-0.596828,0.0193804,4.47779e-05,1.1462e-05,3.33159e-05,0.866134,10.956,6.2792e-05,1.94087e-05,0.144071,0.054233,2.61527
2,37.620106,0.82105125,-1.404438,0.010221404,0.71607309,-0.14697087,0.86304396,0.58698093,9.4044194,-2.4340344,0,0.14407067,2198.4384,4.3949407
0,0.4768369,0.287760308,-1.91501972,0.0161164296,0,0,0,-67.212242,11.608766,0,0,0.144070667,-16710.7648,-1.31776066
0,19.9631,0.529174,-1.04767,0.0210947,0.00355024,0.00341086,0.000139378,0.924253,21.272,0.0364073,0.00583665,0.144071,32.2992,3.40068
0,6.0226,0.455959,-0.803429,0.0191355,0.000207543,0.000164844,4.26995e-05,0.915586,18.3904,0.00151609,0.000279278,0.144071,1.2235,2.98222
0,15.7748,0.66582,-1.11456,0.0197013,0.00888662,0.00848842,0.000398198,0.934969,26.6217,0.114001,0.0147574,0.144071,94.3587,3.53471
0,6.06038,0.457469,-0.82637,0.0197128,0.000257672,0.000214811,4.28616e-05,0.915809,18.4504,0.00198218,0.000363997,0.144071,1.64772,3.02054
0,6.18735,0.689493,-0.844069,0.0146097,0.000430477,0.000363739,6.67377e-05,0.942349,27.8034,0.00505877,0.000616507,0.144071,3.02901,3.06979
0,0.4639533,0.8278333488199017,-1.933945668218729,0.01577789363053709,0,0,0,-1.413757104096597e-246,33.39627925329048,0,0,0.1440706666666666,-2.914468059044841e+252,-5.659424046229304e+248
0,1.466753,0.250253213,-1.5854104,0.016927103,0.000347851359,0.000347851324,3.51029344e-11,-0.400179197,10.0921508,0.0017558948,0,0.144070667,-35373.6704,-5.30993588
0,8.39655,0.925442,-0.969211,0.0164724,0.00173205,0.00160438,0.000127674,0.955493,37.2693,0.0299489,0.00272849,0.144071,19.9821,3.29516
0,53.839355,0.37166221,-1.4181481,0.014530782,0.326412,0.22381255,0.10259944,0.67725431,10.099454,1.6778689,0.98800912,0.14407067,2440.2449,4.4609675
1,0.23648,0.64819,-1.908,0.020522,,,,,,,,,,
0,6.06754,0.873096,-0.876668,0.0144827,0.000637709,0.000557462,8.02474e-05,0.953724,35.1998,0.00981753,0.000945327,0.144071,5.75953,3.13594
1,0.21175,0.85785,-1.9936,0.022351,,,,,,,,,,
0,74.756163,0.26250569,-1.5460568,0.024206054,0.39277585,0.25868772,0.13408813,0.59520573,6.4304732,1.369745,3.0666055,0.14407067,9141.0286,5.9579193
0,23.9698272,0.9735945356,-1.779265243,0.02079693772,0.4401476455,0.2205111774,0.2196364682,1.147944366,21.98906701,4.330458752,0,0.1440706667,324075.0603,67.52954931
0,46.937718,0.29823344,-1.4584844,0.0091730072,0.51395932,0.51395403,5.2918818e-06,0.51312817,5.8476871,3.0917601,2.6275558,0.14407067,3130.8286,4.6482084
0,13.7989979,0.449215989,-1.6260935,0.0220010211,0.000565416,9.05359019e-05,0.000474880099,2.49040147,18.1119306,0.000820353828,0,0.144070667,17202.6262,7.63587594
0,5.96044,0.471701,-0.842457,0.023505,0.000258771,0.000221474,3.72968e-05,0.918137,19.0244,0.00210725,0.000375341,0.144071,2.08366,3.04877
1,0.33875,0.86069,-1.9772,0.024766,,,,,,,,,,
0,20.96557,0.3106201,-1.2001,0.02462942,0.01990646,0.01942024,0.0004862156,0.8685745,12.28152,0.1216773,0.03541805,0.1440707,140.5922,3.649719
0,6.24342,0.546884,-0.800185,0.0103078,0.000375939,0.000293496,8.24431e-05,0.928492,22.054,0.00323759,0.000497291,0.144071,1.38779,2.98548
1,0.25343,0.95875,-1.8584,0.014268,,,,,,,,,,
0,5.00255,0.765756,-0.627982,0.0179165,6.34251e-05,1.84985e-05,4.49266e-05,0.948003,30.89,0.000285727,3.13254e-05,0.144071,0.208447,2.71564
0,6.02589,0.56473,-0.740315,0.0182134,0.00012132,7.70131e-05,4.43074e-05,0.930751,22.7794,0.000877264,0.000130438,0.144071,0.66274,2.88749
0,21.8312887,0.946672051,-1.65417175,0.0111257619,0.567859375,0.406161069,0.161698306,1.21570477,16.5036429,7.75573603,0,0.144070667,46055.7725,13.317368
0,26.0218,0.635891,-1.09463,0.0160264,0.00848737,0.0081263,0.00036107,0.932619,25.4352,0.104232,0.0140433,0.144071,69.9637,3.49467
0,6.89304,0.283733,-0.996386,0.0116715,0.00331149,0.00320271,0.000108778,0.869109,11.4084,0.0183296,0.00545943,0.144071,9.53371,3.28228
0,53.241406,0.86870098,-1.2977834,0.014589486,0.11113323,0.082373729,0.028759498,0.87954143,31.150294,1.4433917,0.20968234,0.14407067,1234.9376,4.0715562
0,32.30639,0.2382872,-1.360275,0.01257884,0.1979683,0.1691364,0.02883189,0.7245995,7.709876,0.8129483,0.5427091,0.1440707,827.9313,4.034469
0,115.2047,0.5165422,-1.294832,0.01782683,0.08496804,0.07081388,0.01415416,0.8694423,19.06765,0.7378183,0.1652196,0.1440707,736.2572,3.945194
0,0.7462969,0.4167306211587993,-1.848359380784065,0.02337539355491492,0.1947305699625331,0.1947305415217138,2.844081931074882e-08,-1.436837507379461e-06,13.5379152831163,1.636871757340686,0,0.1440706666666666,-387205649953.3328,-75189053.12933087
1,0.24621,0.73484,-1.9979,0.0089649,,,,,,,,,,
0,14.8054,0.467998,-1.03707,0.0177136,0.0036851,0.00354828,0.00013682,0.915365,18.8103,0.0334956,0.00606632,0.144071,25.1693,3.37589
0,32.797984,0.95900136,-1.4229133,0.011980208,0.65875734,0.64619088,0.012566462,0.75288213,13.201939,12.499862,0,0.14407067,3050.5639,4.5957167
2,7.9610745,0.74455249,-1.3806093,0.020199702,0.068214421,-0.023929001,0.092143422,-0.5957492,27.987652,-0.35937268,0,0.14407067,-4746.5943,0.53574801
0,37.717835,0.56201813,-1.5165295,0.02065718,0.95752868,0.88516319,0.072365484,0.072480032,0.96294456,10.034572,0,0.14407067,7692.818,5.6383102
0,39.2421584,0.421874719,-1.71523756,0.014352297,0.986053753,0.688043639,0.298010113,0.0226761665,0.237353713,5.85496975,0,0.144070667,77805.6415,19.5706861
0,5.97296,0.598598,-0.660476,0.0230622,5.59843e-05,2.18148e-05,3.41695e-05,0.93445,24.1472,0.000263398,3.69419e-05,0.144071,0.250938,2.75767
2,16.1689135,0.502031334078,-1.7656232568,0.0129510910524,-442.434984335,-606.273880938,163.838896603,-2.07246335107,8980.81900219,-6139.38478335,0,0.144070666667,-61530104.1835,-11946.7919078
0,0.4100566,0.9871306206,-1.81820695,0.01968357615,0,0,0,-7.599177529,39.82261637,0,0,0.1440706667,-146203.2576,-26.67136003
0,5.97348,0.494753,-0.908378,0.0115215,0.00114544,0.00105222,9.32233e-05,0.92108,19.9364,0.0105007,0.00178574,0.144071,5.07589,3.16102
0,7.77752,0.388076,-1.02508,0.0228885,0.00244018,0.00235638,8.3799e-05,0.900877,15.6175,0.0184454,0.00402468,0.144071,18.2025,3.34589
