Error,time,CO2share,E_appl,v,X_tot,X_het,X_hom,FE,CO2_out,CO_out,H2_out,delP,CD,Vcell
0,52.854587,0.65970363,-1.4820772,0.024507471,0.50769932,0.47624922,0.031450103,0.8869175,13.101906,6.3373591,0,0.14407067,5494.9446,5.1597784
0,10.2573,0.265893,-0.665001,0.0178723,6.59195e-05,2.98348e-05,3.60847e-05,0.863644,10.7259,0.000160013,5.05218e-05,0.144071,0.127819,2.72751
0,80.32061,0.4951023,-1.238915,0.02448558,0.03285214,0.03065453,0.00219761,0.9006953,19.31715,0.3061362,0.05865366,0.1440707,351.0815,3.77643
0,88.9218,0.231134,-1.15954,0.00901362,0.0328843,0.0323232,0.000561087,0.826269,9.01773,0.150697,0.0574812,0.144071,64.4522,3.5543
0,11.178,0.520157,-0.814793,0.0114707,0.000392919,0.000318156,7.47633e-05,0.925093,20.9758,0.0033381,0.000539108,0.144071,1.59823,3.00738
0,56.459897,0.72775397,-1.4680753,0.016947843,0.73749528,0.069245144,0.66825013,0.55308405,7.7068494,1.0164806,0,0.14407067,4330.0139,4.9073237
0,4.1498323,0.656429,-1.6596805,0.018911858,0.21980446,0.2140512,0.0057532679,8.5566969,20.660764,2.8342006,0,0.14407067,8792.3095,6.0018288
0,12.0232,0.982017,-0.775277,0.0140378,0.000221604,0.000156535,6.50698e-05,0.958873,39.6075,0.00310066,0.000265172,0.144071,1.75259,2.97264
2,1.3083299,0.5464792767,-1.878464225,0.01904390769,-0.0003822375518,-0.0005725337098,0.000190296158,13.19153463,22.0543791,-0.006311025432,0,0.1440706667,101142.877,24.2791039
1,0.61975,0.82695,-1.8721,0.014257,,,,,,,,,,
0,26.1153579,0.651644638,-1.51712031,0.0224585023,0.0846150296,0.000407924108,0.0842071054,-0.931226516,24.0641081,0.00536185876,0,0.144070667,-15076.9261,-1.39310848
0,11.2099,0.217792,-0.729022,0.0172715,0.000110867,7.0251e-05,4.06164e-05,0.838378,8.78516,0.000308617,0.000118978,0.144071,0.24544,2.82508
0,91.77951,0.5978147,-1.274958,0.01946004,0.06442087,0.05425518,0.0101657,0.892262,22.56328,0.6542337,0.1172544,0.1440707,657.6882,3.904265
2,30.910753,0.52230152,-1.4986855,0.012696409,-2.7047372,-14.340625,11.635888,5.4463168,78.060956,-151.08263,0,0.14407067,6599.2089,5.4002262
0,66.7629,0.3792968,-1.296981,0.01030991,0.143599,0.1289329,0.01466616,0.8067324,13.10423,0.986434,0.2936763,0.1440707,560.5872,3.899224
0,12.0525,0.386162,-0.991339,0.00899596,0.00405819,0.00389418,0.000164009,0.899423,15.5152,0.0303327,0.00663853,0.144071,11.7422,3.28837
0,18.47149,0.5443981,-1.142023,0.02316218,0.01057977,0.01017474,0.0004050313,0.921646,21.72964,0.1117287,0.01786176,0.1440707,111.1807,3.573872
0,10.9247,0.942539,-0.752361,0.0208916,0.000120529,7.83717e-05,4.21577e-05,0.957295,38.0191,0.00148999,0.000132745,0.144071,1.25541,2.93248
0,47.6098047,0.4548178675,-1.878615577,0.02163662292,0.9953399917,0.709535926,0.2858040657,0.009139079072,0.08550261038,6.509341823,0,0.1440706667,567096.5989,114.8484903
0,56.1663747,0.422600505,-1.59044495,0.0157814194,0.286980209,0.177688768,0.109291442,-1.38082915,12.15589,1.51466,0,0.144070667,-13172.9394,-0.94312384
0,12.3522,0.489358,-0.971309,0.00952758,0.00300239,0.00284728,0.000155113,0.919104,19.6823,0.0281049,0.00484619,0.144071,11.2702,3.26614
0,57.888474,0.5877146,-1.3365529,0.010895692,0.20465152,0.15189104,0.052760478,0.79462275,18.857282,1.8006272,0.46197727,0.14407067,1361.5414,4.1399249
2,18.275365,0.85717481,-1.4998649,0.012581697,0.3603947,-0.0085079114,0.36890261,2.2452842,22.11753,-0.14710164,0,0.14407067,4604.7404,4.9956215
1,0.83785,0.39073,-1.9272,0.0095763,,,,,,,,,,
0,18.35445,0.21844879,-1.515408,0.022499188,0.90504254,0.90237558,0.0026669622,0.16492809,0.83682353,3.9761445,0,0.14407067,2895.9135,4.6555077
0,51.756904,0.43728574,-1.3445696,0.010939409,0.20895991,0.16224808,0.046711833,0.77278282,13.954651,1.4311002,0.51003803,0.14407067,1148.4055,4.0978066
0,42.1117,0.435225,-1.0785,0.0184963,0.00593824,0.00575033,0.00018791,0.908292,17.4535,0.0504814,0.00989131,0.144071,40.0712,3.4441
0,24.4498824,0.865479915,-1.62402012,0.0170785512,0.150116424,0.03426882,0.115847604,4.15105368,29.6736928,0.598248082,0,0.144070667,16464.418,7.48820083
0,10.4358,0.314057,-0.749878,0.0115074,0.000198922,0.000137818,6.11042e-05,0.882002,12.6671,0.000873052,0.000233434,0.144071,0.439731,2.87594
0,8.68689,0.857273,-0.687009,0.0209824,7.32398e-05,3.37122e-05,3.95276e-05,0.953284,34.5814,0.000582951,5.70922e-05,0.144071,0.495325,2.81919
0,8.88853,0.896068,-0.609774,0.0184582,5.82351e-05,1.42113e-05,4.40238e-05,0.955224,36.1469,0.000256862,2.40651e-05,0.144071,0.191593,2.6931
0,58.35175,0.6378258,-1.158006,0.01083812,0.02750013,0.02619986,0.001300272,0.9204481,25.02343,0.3370748,0.04687148,0.1440707,157.4155,3.6167
0,112.02592,0.21498377,-1.5319365,0.016039163,0.58707976,0.40390327,0.18317649,0.42533963,3.581187,1.7514922,3.8603872,0.14407067,5942.1148,5.300491
0,10.6569,0.593635,-0.846628,0.0196227,0.000327929,0.000279876,4.80532e-05,0.933764,23.9404,0.00335127,0.00047435,0.144071,2.72014,3.06676
0,56.54183,0.7745609,-1.230645,0.0130862,0.05866017,0.05129809,0.007362081,0.9097302,29.41421,0.8014601,0.09868714,0.1440707,475.9442,3.808042
0,39.5226,0.763597,-1.08647,0.0186769,0.00662517,0.00629366,0.00033151,0.94361,30.6008,0.0969376,0.0108523,0.144071,74.9213,3.491
0,17.5869,0.920291,-0.975096,0.0240924,0.00127449,0.00118302,9.14768e-05,0.955559,37.0789,0.0219605,0.00201199,0.144071,21.4394,3.30495
1,0.50336,0.76635,-1.8686,0.017679,,,,,,,,,,
0,11.766,0.956117,-0.941815,0.019776,0.00102869,0.000941066,8.76218e-05,0.957284,38.5318,0.0181491,0.0015985,0.144071,14.5033,3.25024
2,8.4966995,0.2075833972,-1.540411502,0.02463264105,-0.7365021682,-0.7365034327,1.264552915e-06,-0.02172906895,14.54196554,-3.083845138,0,0.1440706667,-526634.113,-100.8885015
2,41.9891802,0.86142530233231,-1.6426779274342,0.023361048893294,-215.64512822051,-341.40132573143,125.75619751091,-0.0024459017290462,7528.7299132146,-5932.0936375479,0,0.14407066666667,-9009432215.3117,-1749484.5653784
0,88.562213,0.23172786,-1.5052427,0.019052168,0.38375751,0.3837561,1.4145381e-06,0.59164237,5.7608299,1.7937368,2.3065235,0.14407067,4877.1418,5.0568483
0,118.678578,0.600979303,-1.56346794,0.0246801251,0.644622998,0.32928595,0.315337048,0.443059729,8.61596649,3.99169994,0,0.144070667,20577.2735,8.23775601
2,23.804222,0.7231288239186,-1.605942795124,0.01108617562261,-2.18235799929,-2.182484976883,0.0001269775929877,-0.0009064548698638,92.83673815949,-31.83406555471,0,0.1440706666667,-187009405.8034,-36313.0529557
2,36.0903496,0.801965781870112,-1.811090106359036,0.01679983793694571,-0.0794087335650764,-0.4716680939253965,0.3922593603603202,-4.807622631567134e-08,34.921825032369,-7.629876494982351,0,0.1440706666666666,-18495219228076.68,-3591471455.412381
0,12.4143,0.418325,-1.00046,0.0187117,0.00219392,0.00210551,8.84153e-05,0.907441,16.839,0.0177663,0.00358817,0.144071,14.201,3.30774
2,34.2531492,0.680252494,-1.56510925,0.0215972131,-0.836019854,-0.865653855,0.0296340011,4.08689142,50.3851647,-11.8778977,0,0.144070667,13323.2943,6.80845768
0,18.0100025,0.917227564,-1.61353935,0.0153740496,0.224770981,0.194317647,0.0304533344,2.88636749,28.6854908,3.59512927,0,0.144070667,20006.7903,8.17560421
0,66.04604,0.7125213,-1.149316,0.009277767,0.02894554,0.02744617,0.001499371,0.9255453,27.91236,0.3944616,0.04897147,0.1440707,156.1791,3.607365
1,0.42721,0.83553,-1.9151,0.016937,,,,,,,,,,
0,10.9278,0.582491,-0.774621,0.0105402,0.000285956,0.000206725,7.92308e-05,0.932613,23.492,0.00242889,0.000350202,0.144071,1.0598,2.946
1,0.5438,0.51863,-1.9426,0.014472,,,,,,,,,,
2,23.2340287,0.909716555,-1.57760124,0.019829232,0.0284918356,-0.0107130579,0.0392048934,3.11066903,35.6539556,-0.196582439,0,0.144070667,14542.5935,7.06221725
0,98.4154324,0.770267145,-1.53290479,0.0104630176,0.620812211,0.288119821,0.33269239,0.612363716,11.7828645,4.47651125,0,0.144070667,13749.6814,6.86066931
0,21.8251,0.86618,-1.00824,0.0214364,0.00216431,0.00203081,0.000133501,0.952383,34.8676,0.0354816,0.00346149,0.144071,30.9644,3.35883
0,34.8284,0.206801,-1.06347,0.00921539,0.00970902,0.00951395,0.000195079,0.82548,8.26174,0.0396862,0.016367,0.144071,17.2062,3.38119
0,10.8065,0.284933,-0.947514,0.0218673,0.000960561,0.000915632,4.49291e-05,0.871032,11.4837,0.00526246,0.00155543,0.144071,5.11128,3.20052
2,32.392075,0.628444419886,-1.56823159411,0.0227760819541,-459.324961111,-505.514510997,46.1895498859,-0.502632003583,11670.4221435,-6408.04675111,0,0.144070666667,-26118985.2871,-5070.68059051
0,8.27058,0.893457,-0.503707,0.0116228,7.49112e-05,5.77876e-06,6.91325e-05,0.955088,36.0409,0.000104144,9.78542e-06,0.144071,0.0489193,2.51685
2,27.850493,0.40742639,-1.5389292,0.018287425,-0.011161636,-0.05894752,0.047785884,2.0430678,16.619766,-0.48443986,0,0.14407067,6280.5848,5.3760555
0,86.13874,0.8245068,-1.243024,0.02493758,0.03641851,0.03050663,0.005911875,0.9275697,32.05072,0.507357,0.06071217,0.1440707,596.2916,3.855373
2,3.0170984,0.707202188,-1.79685494,0.00903298721,0.131625103,-0.013142312,0.144767415,9.80466488,24.7745641,-0.187473782,0,0.144070667,53586.5856,14.9301946
0,10.8554,0.780209,-0.659334,0.01063,0.00012312,4.66369e-05,7.6483e-05,0.948878,31.4712,0.000733949,7.89795e-05,0.144071,0.317385,2.76861
2,51.7432363,0.922267377,-1.63448453,0.0120801794,-9.00185949,-9.71886,0.717000502,14.5953015,372.128354,-180.799549,0,0.144070667,67171.957,17.4174931
2,2.4693078,0.8161578622,-1.8935638382,0.017906942603,-1.2550927075,-1.2550927075,0,-4.6997616083,74.249534515,-20.662132646,0,0.14407066667,-1160342.1592,-223.631759
0,84.26753,0.36809074,-1.441634,0.019417921,0.25397529,0.25046122,0.0035140733,0.72796466,11.078049,1.8596043,0.99968243,0.14407067,3367.0928,4.6809749
0,10.2941,0.237846,-0.514437,0.0202946,3.37689e-05,3.79881e-06,2.99701e-05,0.85,9.5948,1.8225e-05,6.4323e-06,0.144071,0.0167958,2.47265
2,40.0711759,0.327118455,-1.67253146,0.0167123436,0.031879494,-0.372888053,0.404767547,1.46673493,12.7758449,-2.46041681,0,0.144070667,37410.1147,11.6461982
0,28.0129713,0.7766453303823,-1.552692267943,0.01896899173509,0.1000197877347,0.07574975361571,0.02427003411902,-0.0001163368024484,28.19751668414,1.186667724628,0,0.1440706666667,-223320361.9407,-43364.11379579
0,43.58471,0.306374,-1.237996,0.008899323,0.08464121,0.08227698,0.002364228,0.8260068,11.31354,0.5084584,0.1594874,0.1440707,221.5825,3.726718
0,17.668,0.382227,-1.05278,0.0115673,0.00684039,0.00663091,0.000209477,0.896762,15.3142,0.0511234,0.0113665,0.144071,25.5925,3.39253
0,39.960947,0.55332411,-1.3971993,0.02080805,0.20635781,0.14560827,0.060749545,0.78979972,17.715748,1.6251401,0.52717715,0.14407067,2804.5799,4.5179168
0,8.07963,0.564597,-0.986227,0.0134814,0.00256782,0.00243576,0.000132063,0.929168,22.7184,0.0277394,0.00414823,0.144071,15.5855,3.29855
2,47.3235929,0.2801132332,-1.802154607,0.02077916796,-1.529801606,-5.265894168,3.736092562,1.576332126,28.58743936,-29.75301104,95.84760033,0.1440706667,411693.7323,84.57885908
0,1.1111239,0.5926795133,-1.887225275,0.02248214764,0.02815926119,0.02815920998,5.120881777e-08,-1.816701428,23.2364716,0.3366398716,0,0.1440706667,-865955.268,-166.4579038
0,0.4799658,0.2721175966136162,-1.927786686798386,0.009931232039849075,0,0,0,-2.204441640268139e-77,10.97771098397685,0,0,0.1440706666666666,-5.67664399975642e+82,-1.102312151076846e+79
0,20.74296,0.3400339,-1.170902,0.0181841,0.01893072,0.01845882,0.0004719064,0.8782778,13.45789,0.1266051,0.0329691,0.1440707,104.7084,3.598411
0,6.57541,0.797718,-0.672556,0.0202122,6.95849e-05,2.90679e-05,4.0517e-05,0.949977,32.1791,0.000467723,4.92256e-05,0.144071,0.384152,2.79166
0,21.5135,0.469947,-1.12712,0.0177095,0.011423,0.0110518,0.000371273,0.910745,18.7419,0.104763,0.0192899,0.144071,80.1295,3.53611
0,37.46223,0.4417338,-1.201763,0.01230397,0.04062961,0.03911647,0.001513134,0.887241,17.0963,0.3485343,0.07242868,0.1440707,195.7284,3.679089
0,24.847,0.86105,-1.035,0.0235929,0.00275489,0.00259563,0.000159262,0.951737,34.6406,0.0450813,0.00443506,0.144071,43.4097,3.40536
0,75.292406,0.98579902,-1.3743815,0.024248013,0.1589302,0.10315296,0.055777237,0.85099109,33.448419,2.0511398,0.33746138,0.14407067,3665.9635,4.6761279
0,11.6052538,0.9758403965238,-1.586710994156,0.0168990348163,0.06719226726934,0.05212973729936,0.01506252996998,-0.0003553358647812,36.72198055067,1.026099555165,0,0.1440706666667,-147398565.3961,-28621.27750697
0,24.9955,0.657616,-1.09081,0.0199696,0.00650629,0.00622078,0.000285511,0.935816,26.3568,0.0825168,0.0107316,0.144071,68.7975,3.48977
0,14.9591,0.389954,-1.04827,0.0215908,0.00346644,0.00335712,0.000109323,0.900655,15.6769,0.0264061,0.00574697,0.144071,24.6176,3.38584
0,6.423,0.430176,-0.861308,0.011656,0.000644828,0.000568767,7.60616e-05,0.910708,17.3429,0.0049352,0.000964273,0.144071,2.43965,3.0758
0,16.5839715,0.74181311,-1.64175257,0.0100741799,0.959255349,0.451892152,0.507363196,0.116665911,1.21932724,6.76167782,0,0.144070667,30229.3588,10.210082
0,43.345744,0.65593643,-1.552101,0.018580948,0.97460022,0.95896717,0.015633056,-0.10900398,0.67212,12.687927,0,0.14407067,-5638.2037,0.52525875
2,0.8496817,0.3641899208966162,-1.961875177348966,0.008659063378170571,-0.5668510249268955,-0.5668510249268955,0,-8.254875523353343e-12,23.02029021903648,-4.164108424214819,0,0.1440706666666666,-4.925377648834771e+17,-95642841636463.69
2,14.178494,0.9690721,-1.5504775,0.0089290514,0.60576083,-0.066106446,0.67186727,1.4370739,15.412427,-1.2921861,0,0.14407067,9604.4313,6.0548662
0,35.825406,0.47048746,-1.4608574,0.010222793,0.53297943,0.36794202,0.16503741,0.52450592,8.8641936,3.4918262,2.4307037,0.14407067,4786.6069,4.9939198
0,7.66529,0.325175,-1.03012,0.0219138,0.00270779,0.00262444,8.33509e-05,0.88401,13.0826,0.0172139,0.00448447,0.144071,16.5769,3.3458
0,33.593,0.463751,-1.09563,0.0146709,0.00929688,0.00899449,0.000302397,0.9111,18.5346,0.0841369,0.0155405,0.144071,52.866,3.47796
0,6.65134,0.297345,-0.865385,0.0121851,0.000637403,0.000573298,6.41048e-05,0.875926,11.9878,0.00343848,0.000971987,0.144071,1.84756,3.06547
0,5.90476,0.820768,-0.683864,0.0145229,0.000103558,4.67776e-05,5.67807e-05,0.95129,33.1078,0.000774433,7.92195e-05,0.144071,0.456393,2.81184
0,6.56335,0.842861,-0.663076,0.0112115,0.000119584,4.63949e-05,7.31892e-05,0.952494,33.9985,0.000788773,7.857e-05,0.144071,0.35839,2.77861
2,8.5983842,0.663655226,-1.87541,0.0212000332,-0.0783192589,-0.0783327682,1.35092426e-05,34.5600464,28.8698845,-1.04860316,0,0.144070667,48592.4386,14.0339405
0,42.31674,0.2744965,-1.209125,0.01385822,0.03906988,0.03816195,0.0009079294,0.8431973,10.64103,0.2112966,0.07068323,0.1440707,140.9015,3.658917
0,0.4574662,0.3596249063163785,-1.929176009958848,0.01359617697739804,0,0,0,-4.913381527428932e-25,14.50791251029083,0,0,0.1440706666666666,-3.42651924607071e+30,-6.653744361993613e+26
0,6.56602,0.823741,-0.806066,0.0203207,0.000206512,0.00016057,4.5942e-05,0.95139,33.2243,0.00266797,0.000272047,0.144071,2.20047,3.0152
2,15.92245,0.48160159,-1.509083,0.017951022,0.35221478,-0.10450074,0.45671552,1.4102292,12.585605,-1.0151552,0,0.14407067,4696.2031,5.0236107
0,20.1603777,0.878905514,-1.63902843,0.0212487395,0.254789879,0.205986573,0.0488033064,1.57276045,26.4226334,3.651794,0,0.144070667,46921.2632,13.4712456
0,41.686036,0.31277701,-1.5762364,0.014340123,0.28706834,0.22083081,0.06623753,1.3142983,8.9957606,1.3932198,0,0.14407067,8533.3182,5.8665564
0,0.4907707,0.7639962619,-1.7850185813,0.011375584537,0,0,0,-0.31102607519,30.820976888,0,0,0.14407066667,-1805111.0816,-348.96667274
0,40.4465146,0.358467635,-1.70533649,0.0177684653,0.942219215,0.700100187,0.242119028,0.0838062479,0.835581002,5.06215355,0,0.144070667,65262.5829,17.1160938
0,6.136,0.511866,-0.762695,0.0164403,0.000162695,0.000113724,4.89703e-05,0.924122,20.6462,0.00117418,0.000192633,0.144071,0.806472,2.91999
0,6.36579,0.472692,-0.883996,0.0154589,0.00063658,0.000573769,6.28111e-05,0.918054,19.0571,0.00547067,0.000973053,0.144071,3.5591,3.11811
0,6.38367,0.944357,-0.889128,0.0136161,0.000788355,0.000695667,9.26885e-05,0.956939,38.067,0.0132514,0.00118001,0.144071,7.28522,3.16077
0,14.63862,0.87832733,-1.5828126,0.024530162,0.83487731,0.66110548,0.17377183,4.0163724,5.8508415,11.712573,0,0.14407067,1976.2565,4.5246967
0,30.8628125,0.7010464782,-1.831073413,0.01271923302,0.9964060226,0.6928522157,0.3035538069,0.007595785244,0.1016429625,9.797439549,0,0.1440706667,440426.4116,90.19066441
1,0.22255,0.90007,-1.919,0.0177,,,,,,,,,,
2,23.5691702,0.374495319,-1.56791268,0.014184272,-0.132388201,-0.153231542,0.0208433415,-1.01220379,17.1079076,-1.15749663,0,0.144070667,-18935.1952,-2.1032372
0,7.78519,0.258405,-1.01873,0.0135424,0.00377359,0.00367087,0.000102727,0.857976,10.3852,0.0191335,0.00626942,0.144071,11.7138,3.31563
0,40.3186,0.746116,-1.06018,0.00850468,0.0104097,0.00989146,0.000518257,0.94,29.7863,0.148865,0.0170011,0.144071,52.223,3.44175
0,12.05565,0.6202621,-1.141858,0.0193981,0.01265492,0.01210045,0.0005544738,0.9284675,24.70582,0.1513916,0.02128245,0.1440707,125.2134,3.582538
0,9.8669254,0.603384963,-1.69445453,0.0231199238,0.734273849,0.0535210396,0.680752809,1.06773278,6.46820754,0.651394661,0,0.144070667,34480.1421,11.0949775
0,50.191241,0.40250233,-1.372893,0.015433955,0.19527692,0.14396176,0.051315158,0.77645668,13.066823,1.1688014,0.52013924,0.14407067,1539.8804,4.2172201
0,9.3743647,0.89042824,-1.5576177,0.022603037,0.61581854,0.023874275,0.59194426,2.4000061,13.800363,0.42879951,0,0.14407067,5644.0241,5.2656432
0,6.87546,0.863549,-0.761993,0.0241912,0.000113065,7.65936e-05,3.64712e-05,0.953582,34.8332,0.00133415,0.000129737,0.144071,1.30675,2.94418
0,7.4801,0.21351,-0.86338,0.01465,0.00089249,0.00046467,0.00042782,0.83537,8.6058,0.0020012,0.00078789,0.14407,1.3553,3.0475
0,6.15069,0.572269,-0.713295,0.0117392,0.000152321,8.4451e-05,6.78698e-05,0.93158,23.0828,0.000974833,0.00014303,0.144071,0.47421,2.84324
2,8.735174,0.9606647,-1.361211,0.01130633,0.1085397,-0.0008689819,0.1094087,3.887088,34.54849,-0.01683867,0,0.1440707,699.9528,4.001925
0,7.47911,0.558453,-0.891416,0.0134551,0.000803358,0.000724974,7.8384e-05,0.929591,22.5109,0.00816647,0.00122975,0.144071,4.56713,3.13853
1,0.42317,0.88653,-1.8877,0.022456,,,,,,,,,,
0,5.53241,0.621593,-0.56362,0.0170315,5.43133e-05,8.51368e-06,4.57996e-05,0.936721,25.0748,0.000106745,1.44165e-05,0.144071,0.0749165,2.59867
0,7.5886,0.539793,-0.973387,0.0220636,0.00133542,0.00126367,7.17585e-05,0.92701,21.7471,0.0137589,0.00214931,0.144071,12.6803,3.27455
2,10.417614,0.21979508,-1.5896383,0.010081881,-0.012043098,-0.013100787,0.001057689,2.5716054,8.9737123,-0.05808186,0,0.14407067,5167.7772,5.2006548
0,7.35678,0.590642,-0.903722,0.0185269,0.000677507,0.000616559,6.0948e-05,0.933227,23.8114,0.00734555,0.00104604,0.144071,5.63621,3.16186
0,117.0893,0.9092317,-1.268023,0.0176868,0.06917197,0.05371999,0.01545198,0.9099525,34.1428,0.9852256,0.1180152,0.1440707,892.699,3.958664
0,6.60843,0.930003,-0.704278,0.012789,0.000135335,6.9042e-05,6.62933e-05,0.956736,37.5129,0.00129516,0.00011693,0.144071,0.668331,2.85189
2,11.734689,0.42377812,-1.5022889,0.0083757974,-0.00014110634,-0.00014110645,1.1156995e-10,3.4159417,17.09838,-0.0012061757,0,0.14407067,2413.8293,4.5394196
0,32.3731,0.310972,-1.16214,0.0131925,0.0233996,0.0228716,0.000527965,0.8665,12.2516,0.143464,0.0406077,0.144071,86.3371,3.57617
2,37.532031,0.20030715,-1.6196919,0.02195471,-14.069013,-14.145721,0.076708213,37.562878,121.76891,-57.154009,0,0.14407067,7062.6222,5.6147071
0,34.3442486,0.4532807171,-1.795442567,0.02327441138,0.9601426124,0.7312143765,0.2289282359,0.06907211279,0.728838391,6.685549925,0,0.1440706667,219751.8163,47.26788459
0,32.7985437,0.615904863,-1.63518372,0.0249112919,0.698810817,0.565605609,0.133205208,0.461993007,7.48355871,7.02671779,0,0.144070667,43060.7355,12.7133374
0,8.404313,0.86897067571,-1.445245456,0.0084930139748,0.79391196662,0.16023035349,0.63368161313,-0.0012881846968,7.224587612,2.8085042296,0,0.14407066667,-1299820.2319,-251.17028829
0,7.65004,0.741352,-0.970606,0.0205091,0.00140245,0.00131183,9.06258e-05,0.945518,29.8655,0.0196167,0.00223107,0.144071,16.474,3.28596
0,0.5235351,0.936618508733624,-1.93905732028892,0.00968649898813858,0,0,0,-8.98404651210005e-05,37.7848673480701,0,0,0.144070666666667,-55411129216.5133,-10759940.969656
0,7.64738,0.805298,-0.967753,0.0188048,0.00148083,0.00137927,0.000101567,0.949509,32.4391,0.0224043,0.00234573,0.144071,17.1772,3.28539
2,39.3780455,0.342173652,-1.58679792,0.0216916175,0.102109895,-0.0032495436,0.105359439,1.5501271,12.3943831,-0.0224281837,0,0.144070667,11416.9135,6.45202376
0,6.85068,0.973689,-0.727176,0.0221169,9.25703e-05,5.35738e-05,3.89964e-05,0.958621,39.2767,0.0010522,9.07354e-05,0.144071,0.937189,2.89221
0,39.04923,0.4789063,-1.185291,0.01770391,0.0233464,0.0224567,0.0008897077,0.9045018,18.86889,0.216931,0.04073787,0.1440707,171.4911,3.651118
0,142.8453,0.6756138,-1.294582,0.01276383,0.119092,0.09382305,0.02526893,0.8623655,24.00956,1.278596,0.2300196,0.1440707,931.6997,3.994994
0,18.0846798,0.7852947998,-1.766879264,0.02141173432,0.2387711337,0.1524182027,0.08635293094,-1.338878931,24.11588123,2.414319423,0,0.1440706667,-259912.3768,-48.83271628
2,21.0974315,0.904973256,-1.59981195,0.0111259059,-4.19389702,-4.25764166,0.063744645,19.7558796,189.620045,-77.7195044,0,0.144070667,16198.585,7.41153583
0,47.68235,0.46896012,-1.4007505,0.013029554,0.32451232,0.2145177,0.10999462,0.69251295,12.779343,2.029197,0.88118882,0.14407067,2414.9964,4.4381327
0,5.52441,0.562163,-0.55291,0.00843588,0.000106545,1.4979e-05,9.15658e-05,0.930467,22.6763,0.000169852,2.5365e-05,0.144071,0.0594393,2.57607
0,43.8382,0.3408153,-1.218923,0.01500071,0.04048354,0.03929368,0.001189855,0.8648767,13.19249,0.2701264,0.07405817,0.1440707,193.1499,3.695067
1,0.31459,0.56622,-1.814,0.0087491,,,,,,,,,,
0,6.32109,0.556923,-0.62779,0.0225231,4.90358e-05,1.4679e-05,3.43568e-05,0.929895,22.4662,0.000164899,2.48571e-05,0.144071,0.154174,2.69994
0,34.58694,0.3055057,-1.303629,0.01179593,0.1348886,0.1244974,0.01039123,0.7924739,10.66219,0.767193,0.2795616,0.1440707,505.7182,3.889925
0,6.3218,0.709292,-0.643901,0.02266,5.33046e-05,1.79446e-05,3.536e-05,0.944105,28.6126,0.000256734,3.03876e-05,0.144071,0.237865,2.73835
0,25.5642115,0.923136,-1.54981138,0.0093046577,0.947111381,0.89141025,0.0557011302,0.0970005559,1.9696229,16.5984862,0,0.144070667,18029.0396,7.72248084
0,7.02051,0.535969,-0.829809,0.0121153,0.000438418,0.000365263,7.31551e-05,0.927106,21.6125,0.00394885,0.000619015,0.144071,1.99272,3.03381
0,1.1866013,0.3482757378,-1.910635953,0.009084307491,0.2771773092,0.2759659743,0.001211334881,5.368780496,10.15570704,1.938670178,0,0.1440706667,172996.9911,38.29175766
0,27.5593168,0.433470302,-1.67092782,0.0208580938,0.358442328,0.250738032,0.107704296,1.03951548,11.2188985,2.19232396,0,0.144070667,45407.1753,13.2074483
0,6.84244,0.252329,-0.839253,0.019872,0.000286409,0.000251377,3.50321e-05,0.857227,10.1765,0.00127944,0.000426063,0.144071,1.14566,3.01465
0,7.19301,0.253502,-0.958973,0.0237345,0.00101784,0.000977024,4.08198e-05,0.857346,10.2163,0.00499587,0.0016603,0.144071,5.35232,3.2144
0,9.9935,0.222,-0.63961,0.023552,4.151e-05,1.634e-05,2.517e-05,0.84099,8.9556,7.3169e-05,2.7668e-05,0.14407,0.079094,2.6774
0,32.5453,0.634555,-1.09333,0.0217112,0.00616821,0.00590591,0.000262296,0.933994,25.4412,0.075593,0.0101947,0.144071,68.7207,3.49221
0,47.4546,0.6458068,-1.187681,0.02499587,0.01743535,0.01642632,0.001009037,0.9276951,25.59876,0.2139774,0.02975337,0.1440707,233.9135,3.68158
0,6.83676,0.441502,-0.870586,0.0216075,0.000387974,0.000345653,4.23215e-05,0.912952,17.8041,0.00307821,0.000586006,0.144071,2.81459,3.09249
0,5.64231,0.80241,-0.694058,0.0137228,0.000116738,5.64299e-05,6.03085e-05,0.950224,32.3669,0.000913336,9.55677e-05,0.144071,0.509174,2.82766
0,7.37661,0.738914,-0.667043,0.0087128,0.000155885,6.28206e-05,9.30647e-05,0.946157,29.8045,0.000936313,0.000106389,0.144071,0.33282,2.77877
0,7.31995,0.958521,-0.728092,0.0205041,0.000100486,5.84709e-05,4.20151e-05,0.957989,38.6646,0.00113049,9.90302e-05,0.144071,0.934108,2.89296
0,7.90526,0.57753,-0.980739,0.0163617,0.00197734,0.00187142,0.00010592,0.93099,23.2525,0.0218008,0.00318535,0.144071,14.8371,3.29039
0,60.276705,0.60421184,-1.3731561,0.014937745,0.20201957,0.13947185,0.062547716,0.7987388,19.450763,1.6998123,0.53923675,0.14407067,2235.8039,4.3717806
1,0.29812,0.83928,-1.9222,0.02263,,,,,,,,,,
0,15.9162753,0.653556116,-1.63286468,0.00932905679,0.700566147,0.501664157,0.19890199,0.734661951,7.89476029,6.61334419,0,0.144070667,27728.3124,9.71109415
1,0.27505,0.81408,-1.9792,0.014832,,,,,,,,,,
0,24.040862,0.94325279,-1.4147874,0.010656314,0.034471532,0.012202582,0.02226895,-1.9399101,36.740778,0.23216942,0,0.14407067,-2968.2902,0.93936494
0,6.72425,0.370761,-0.642181,0.00912337,0.000122031,4.35946e-05,7.84366e-05,0.898243,14.9553,0.000326026,7.38248e-05,0.144071,0.127819,2.70469
0,51.4324979,0.684373662,-1.52953327,0.0198608335,0.259459549,0.175892724,0.0835668253,1.26139948,20.4454766,2.42809868,0,0.144070667,11091.4405,6.33007143
0,6.07128,0.565576,-0.710076,0.0236538,7.39503e-05,4.02165e-05,3.37338e-05,0.930877,22.8147,0.000458796,6.81092e-05,0.144071,0.450054,2.83733
1,0.75418,0.69062,-1.7797,0.014791,,,,,,,,,,
0,30.558641,0.36604823,-1.5161962,0.012513771,0.098967418,0.0717989,0.027168518,1.7591146,13.305585,0.53012865,0,0.14407067,4360.9708,4.9618219
0,46.938394,0.74586086,-1.3601697,0.023509302,0.12359417,0.084321967,0.039272201,0.86411394,26.370493,1.2685971,0.28998852,0.14407067,2371.4015,4.3881504
2,19.8727655,0.214625325,-1.67794903,0.019940703,-4.94582647,-5.34978652,0.403960052,22.7565636,51.4811646,-23.1602151,0,0.144070667,10416.3201,6.34416296
0,6.8465,0.385548,-0.849122,0.0232844,0.000279384,0.000243545,3.58392e-05,0.901661,15.5493,0.00189401,0.000412768,0.144071,1.8892,3.05036
0,35.6670542,0.9373386404,-1.626369276,0.02417737509,0.7431679434,0.410191646,0.3329762973,-0.05085169725,9.711826522,7.755476787,0,0.1440706667,-453349.6092,-86.56418297
0,5.79498,0.816585,-0.682112,0.0240153,6.19543e-05,2.76592e-05,3.42951e-05,0.95108,32.9405,0.000455581,4.68408e-05,0.144071,0.44408,2.80868
0,20.493693,0.61890835,-1.5418559,0.024942643,0.027077708,0.019680625,0.0073970833,2.1772322,24.291798,0.24569165,0,0.14407067,8944.1571,5.9143703
2,21.877998,0.263547149,-1.7094535,0.0149910229,0.117167599,-0.656009341,0.77317694,1.40766457,9.38624212,-3.48733378,0,0.144070667,46016.2455,13.3649301
0,6.78866,0.363642,-0.925093,0.0192275,0.000833777,0.00078132,5.24567e-05,0.896013,14.6578,0.00573098,0.00132631,0.144071,4.75509,3.17432
1,0.27334,0.20982,-0.56731,0.021994,,,,,,,,,,
0,5.81121,0.97516,-0.650007,0.0186276,6.80384e-05,2.36097e-05,4.44287e-05,0.958696,39.337,0.0004644,3.99817e-05,0.144071,0.348318,2.76407
0,7.53325,0.87184,-0.955395,0.0199001,0.0012042,0.00111281,9.1387e-05,0.953293,35.1292,0.0195697,0.00189126,0.144071,15.8083,3.2685
0,6.50386,0.548853,-0.787539,0.0165162,0.000206417,0.000155737,5.06798e-05,0.928838,22.1371,0.00172414,0.000263827,0.144071,1.18372,2.96462
0,6.40782,0.993617,-0.711829,0.0167865,0.000108834,5.79579e-05,5.08757e-05,0.959405,40.0799,0.0011616,9.81584e-05,0.144071,0.784602,2.8677
0,6.17622,0.844791,-0.677669,0.0213043,6.81642e-05,2.94496e-05,3.87146e-05,0.952631,34.0781,0.000501827,4.98726e-05,0.144071,0.433228,2.80296
2,15.7829113,0.57962201632936,-1.645947714246,0.0089891272856227,-206950.14146305,-206950.58321298,0.44174993442721,-4.011276426612,4839136.4217129,-2419561.6840787,0,0.14407066666667,-3682479277.145,-715076.69486001
0,12.9206,0.308431,-1.0622,0.0233904,0.00379905,0.00370206,9.69979e-05,0.877875,12.3954,0.0230317,0.0063443,0.144071,23.8829,3.39807
0,31.2715738,0.37175561537,-1.6232967319,0.020467037453,0.67031304036,0.34788074283,0.32243229752,-0.001676518054,4.9444099636,2.6086336761,0,0.14407066667,-6729828.5117,-1305.4962228
0,30.790459,0.87060393,-1.3226708,0.018458663,0.11706069,0.082379526,0.034681161,0.87542154,31.010348,1.4466554,0.22815741,0.14407067,1700.441,4.2032724
0,6.67684,0.459422,-0.826521,0.0209094,0.000243355,0.000202913,4.04423e-05,0.916146,18.5294,0.00188039,0.000343836,0.144071,1.6574,3.02099
0,7.36419,0.793441,-0.936653,0.0131271,0.00144258,0.00132674,0.000115832,0.948831,31.9627,0.0212338,0.00225365,0.144071,11.3591,3.23191
2,13.8483429,0.3323392353729913,-1.621647710810498,0.01182183424866339,-26.00696086017107,-26.02117172647392,0.01421086630285373,-2.095469657619953e-07,362.0866372224402,-174.4350024389768,0,0.1440706666666666,-3860378656345.934,-749622892.8875823
0,6.96436,0.786052,-0.898195,0.0191115,0.000621101,0.000556814,6.4287e-05,0.948915,31.691,0.00882849,0.000944554,0.144071,6.87177,3.16675
0,62.2425,0.244606,-0.640407,0.0238774,4.23928e-05,1.62838e-05,2.6109e-05,0.853532,9.86741,8.03429e-05,2.75727e-05,0.144071,0.0867534,2.683
0,6.52936,0.774856,-0.753487,0.0216745,0.000116237,7.66412e-05,3.95957e-05,0.948548,31.2554,0.00119787,0.000129814,0.144071,1.05676,2.92472
0,6.2299,0.302509,-0.545312,0.0141703,5.53179e-05,8.08857e-06,4.72293e-05,0.878139,12.2031,4.93554e-05,1.36963e-05,0.144071,0.0307415,2.53458
0,0.4761709,0.988182972909786,-1.783451497584691,0.01297045792000308,0,0,0,-2.094035671949468e-114,39.86507014206023,0,0,0.1440706666666666,-3.398763127152478e+119,-6.599846482979862e+115
0,6.52072,0.670948,-0.725548,0.0206752,9.58857e-05,5.61238e-05,3.97619e-05,0.941073,27.0646,0.000759558,9.50535e-05,0.144071,0.64422,2.87127
0,6.893,0.410692,-0.858151,0.0202907,0.000356553,0.000313797,4.27557e-05,0.907065,16.5622,0.0025995,0.000531909,0.144071,2.24621,3.06836
0,6.73891,0.538163,-0.859531,0.0225614,0.000329219,0.000287262,4.19578e-05,0.92745,21.7033,0.00311829,0.000486935,0.144071,2.93028,3.08353
0,59.515189,0.94965348,-1.2982868,0.023748771,0.070743968,0.051308216,0.019435752,0.91067223,35.600469,0.98282739,0.12964895,0.14407067,1371.959,4.1040734
0,5.114378,0.59402978204,-1.4099128696,0.012939880395,0.28412819999,0.051985233939,0.23214296605,-0.0017082066767,17.155312759,0.62289291675,0,0.14407066667,-1478446.7009,-285.89859895
0,31.5533297,0.2580195522,-1.840133861,0.01973304585,0.9976971845,0.5559447935,0.4417523911,0.003464049125,0.02396993861,2.893406514,0,0.1440706667,255855.5314,54.33114753
0,44.565956,0.73037332,-1.3055538,0.018551882,0.094343562,0.070954125,0.023389437,0.88300347,26.684775,1.0453163,0.18220519,0.14407067,1164.3598,4.0625978
0,1.7854493,0.550821545,-1.77902189,0.00948951944,0.418687269,0.0782626462,0.340424622,5.91187382,12.9174241,0.869542108,0,0.144070667,36851.3053,11.6434036
2,12.423987,0.32380135,-1.5478322,0.011443453,0.018214659,-0.010870089,0.029084748,2.4352509,12.824793,-0.070996497,0,0.14407067,4558.5796,5.0341074
0,22.102181,0.82357279,-1.4171852,0.013953252,0.33593131,0.32879876,0.0071325497,1.5229791,22.063284,5.4620709,0,0.14407067,2341.4877,4.4387049
0,5.75411,0.616739,-0.61703,0.0135331,7.91864e-05,2.12766e-05,5.79098e-05,0.936239,24.8784,0.000264684,3.60298e-05,0.144071,0.147683,2.68697
0,26.8669307,0.279081571,-1.70767095,0.0154007523,0.4816511,0.282952007,0.198699093,0.893897766,5.83590893,1.59282883,0,0.144070667,44034.7364,12.976109
0,36.9484,0.924733,-1.02151,0.00973022,0.00564601,0.00529325,0.000352759,0.95291,37.0947,0.0987334,0.00904321,0.144071,39.043,3.38558
0,5.9170479,0.9021059222,-1.396168237,0.01757988361,0.009723106826,0.0006321704888,0.009090936337,-0.01507212888,36.038719,0.01150315369,0,0.1440706667,-295031.5802,-56.02951883
2,44.4887806,0.248848121,-1.70636297,0.0193756286,-1.08728672,-1.57772545,0.490438725,2.74474431,20.9542269,-7.91937607,0,0.144070667,50634.675,14.263578
0,0.5005132,0.7096594306,-1.94840706,0.01020452998,0,0,0,14.64959873,28.62893184,0,0,0.1440706667,290327.0643,61.13972755
0,6.98554,0.917731,-0.800239,0.0135836,0.000292391,0.000222882,6.9509e-05,0.956082,37.0121,0.00412587,0.000377625,0.144071,2.2634,3.01084
0,26.4455802,0.478080602,-1.51167446,0.0246566876,0.23014418,0.134781619,0.0953625612,-0.327674471,14.8479223,1.29974142,0,0.144070667,-24651.4272,-3.28303027
0,7.01017,0.73636,-0.881005,0.0231268,0.000417389,0.000369116,4.82725e-05,0.945812,29.6937,0.0054825,0.000625911,0.144071,5.17993,3.13471
0,18.681,0.555391,-1.11813,0.00867635,0.0208281,0.0200451,0.000783011,0.916352,21.9388,0.224559,0.0350817,0.144071,83.0625,3.52954
0,11.3548117,0.55077652469884,-1.5430758041549,0.022710235565827,0.1303044609171,0.11889898046512,0.011405480451984,-1.2078648243768e-05,19.324035649159,1.320926711651,0,0.14407066666667,-1302774225.3346,-252976.6382391
0,7.2509,0.21407,-0.78363,0.012547,0.82305,3.4916e-05,0.82302,0.46751,1.5282,0.00015077,0.0003303,0.14407,0.1544,2.8559
0,7.2587,0.896662,-0.669131,0.0156254,8.89101e-05,3.59818e-05,5.29283e-05,0.955232,36.1697,0.000650784,6.09346e-05,0.144071,0.410931,2.7917
0,16.62385,0.9572684,-1.12047,0.01055383,0.01813015,0.01694722,0.00118293,0.9461319,37.91777,0.3272332,0.02972081,0.1440707,143.2845,3.571587
0,6.61504,0.57371,-0.785655,0.0119871,0.000279763,0.000209442,7.03211e-05,0.931658,23.138,0.00242371,0.000354819,0.144071,1.204,2.96362
0,23.32369,0.6522651,-1.166618,0.02119753,0.01578707,0.01498169,0.0008053873,0.9293377,25.89813,0.1971106,0.02676798,0.1440707,180.2324,3.636697
0,6.7984,0.995915,-0.787249,0.00971876,0.000359749,0.000263653,9.60957e-05,0.959331,40.1626,0.0052964,0.000446687,0.144071,2.07159,2.99326
2,1.4787293,0.519064064,-1.93953091,0.0150740147,-2.22873796,-2.35720706,0.128469096,-108.049358,67.6096876,-24.6799268,0,0.144070667,-82942.9939,-14.2367935
0,6.36142,0.379816,-0.743381,0.0180653,0.000121816,8.07637e-05,4.10523e-05,0.900426,15.3206,0.00061875,0.00013679,0.144071,0.479252,2.87387
1,0.47082,0.90139,-1.8273,0.011608,,,,,,,,,,
0,11.8339736,0.7542395177,-1.769299936,0.0198411055,0.1109601178,0.07608454619,0.03487557162,2.271905821,27.05114754,1.157526409,0,0.1440706667,177240.9595,38.97577675
0,6.74397,0.344499,-0.920699,0.018102,0.000837961,0.000784454,5.35074e-05,0.890887,13.8861,0.00545106,0.00133146,0.144071,4.28203,3.16445
0,19.4576799,0.205989224,-1.68982076,0.0162130613,0.201144947,0.129667641,0.0714773062,1.48812443,6.63846477,0.538767368,0,0.144070667,23923.6191,9.02165711
0,6.77072,0.34265,-0.896782,0.0124572,0.000910491,0.000838816,7.16755e-05,0.89032,13.8105,0.00579752,0.00142304,0.144071,3.13428,3.12428
0,6.301,0.367925,-0.710868,0.0152746,0.000110656,6.2915e-05,4.77409e-05,0.897547,14.8411,0.000466916,0.000106551,0.144071,0.306743,2.81839
0,21.8412571,0.925851207,-1.68152101,0.0211169514,0.370655201,0.1045755,0.266079701,1.33674042,23.5063399,1.95297335,0,0.144070667,84768.9278,20.893531
0,7.16444,0.771468,-0.916294,0.00885643,0.00166516,0.00151469,0.000150469,0.947331,31.0706,0.0235704,0.00257173,0.144071,8.5147,3.19619
0,19.2176,0.310793,-1.08563,0.0182968,0.00651683,0.00636026,0.000156572,0.876986,12.4562,0.0398722,0.0109586,0.144071,32.4609,3.43894
0,43.92202,0.5349259,-1.225917,0.009590433,0.07025441,0.06599157,0.004262832,0.881475,20.06379,0.7120448,0.1267254,0.1440707,315.3132,3.750966
0,5.23307,0.732131,-0.559294,0.0153035,6.08223e-05,8.96279e-06,5.18595e-05,0.945748,29.5337,0.00013236,1.51771e-05,0.144071,0.0826722,2.59941
2,20.1889679,0.458066785,-1.72040187,0.02471306,-1.73661451,-3.18253988,1.44592537,4.57118555,50.5705403,-29.4054498,0,0.144070667,87874.3753,21.5372881
2,8.1739584,0.674625444735825,-1.69331552724996,0.0223074746685218,-5.73313521307258,-5.73314277134987,7.55827729204128e-06,-3.64299341143557e-05,183.246302143853,-78.0154548562235,0,0.144070666666667,-28214388935.8252,-5478775.53383687
0,8.19268,0.371346,-1.01493,0.00924996,0.0053004,0.0051157,0.000184691,0.895134,14.9013,0.0383185,0.00874136,0.144071,15.3424,3.3264
0,6.84373,0.357334,-0.895578,0.0204134,0.000548503,0.000504126,4.43768e-05,0.894557,14.4076,0.00363361,0.000855076,0.144071,3.20435,3.12422
0,39.7957297,0.369857691,-1.42631661,0.0101926584,0.511555488,0.232376524,0.279178964,-0.038580501,7.28794446,1.73361269,0,0.144070667,-34331.4394,-5.26510866
0,5.17321,0.773873,-0.538082,0.0164642,5.4727e-05,6.344e-06,4.8383e-05,0.948525,31.2177,9.9028e-05,1.07425e-05,0.144071,0.0663494,2.56689
0,0.8378709,0.4001240907649,-1.944300445534,0.02281093751543,0.01589154426458,0.01584152902858,5.001523600344e-05,-0.01502341114148,15.88520521991,0.1278547796991,0,0.1440706666667,-149012896.8997,-28934.39745979
0,35.074515,0.41118947,-1.4961089,0.0085688486,0.67449071,0.33364218,0.34084852,0.4155936,5.3995871,2.7672482,0,0.14407067,5787.3419,5.2332529
0,16.7138,0.574824,-1.02846,0.0219258,0.00268798,0.00256984,0.000118135,0.930237,23.1271,0.0297966,0.00438784,0.144071,27.2629,3.37179
2,1.5394616,0.3817493828,-1.938348655,0.02138565944,-0.6939683267,-0.8921458447,0.198177518,11.17911265,26.08788044,-6.869725297,0,0.1440706667,304669.7268,63.91725914
0,26.8094557,0.4827459594,-1.793615173,0.01155296774,0.9956017989,0.7512719813,0.2443298176,0.008660504827,0.08565424617,7.315449389,0,0.1440706667,201194.2869,43.65795277
2,27.9754035,0.706824594877,-1.630526469,0.0236443551954,-69.7280387364,-69.806477494,0.0784387575871,-0.0711143125798,2016.77957566,-995.250826784,0,0.144070666667,-71011694.2486,-13788.1053035
0,6.16077,0.798613,-0.721857,0.0196689,9.89528e-05,5.6264e-05,4.26888e-05,0.950011,32.2143,0.000906342,9.52906e-05,0.144071,0.724415,2.87362
0,6.09582,0.583627,-0.629046,0.0231758,4.81247e-05,1.44975e-05,3.36272e-05,0.932887,23.5434,0.000170669,2.45498e-05,0.144071,0.163667,2.70427
1,0.55184,0.69081,-1.9888,0.020042,,,,,,,,,,
0,41.1267675,0.455886255,-1.61735419,0.0164546577,0.460689834,0.0831539256,0.377535908,-0.6733937,9.91859762,0.764653051,0,0.144070667,-31140.733,-4.44947558
0,28.9234,0.439784,-1.08991,0.0221721,0.00572355,0.00554406,0.000179491,0.909259,17.6401,0.0491805,0.00955403,0.144071,46.843,3.46485
0,5.55436,0.318395,-0.520921,0.00977558,7.84614e-05,8.57118e-06,6.98902e-05,0.883496,12.8436,5.50468e-05,1.45137e-05,0.144071,0.0235093,2.49641
0,5.13238,0.881937,-0.53239,0.00871705,0.000103426,1.11371e-05,9.22884e-05,0.95451,35.5752,0.000198124,1.88594e-05,0.144071,0.0698396,2.56383
0,34.4011,0.426659,-1.07512,0.0139661,0.00753182,0.00729563,0.000236186,0.905678,17.0826,0.0627869,0.012544,0.144071,37.6641,3.43708
0,5.27525,0.931691,-0.575797,0.0164722,5.94943e-05,1.0293e-05,4.92014e-05,0.95686,37.5838,0.000193436,1.74297e-05,0.144071,0.128538,2.6386
0,47.213615,0.29827192,-1.4297,0.012149885,0.36421452,0.25181434,0.11240018,0.63037565,7.6502943,1.5150187,1.3706277,0.14407067,2303.6034,4.443025
2,15.2783575,0.6877786087,-1.649795054,0.01748836576,-0.003221575919,-0.003531222253,0.0003096463335,-0.1345503581,27.83560687,-0.0489890353,0,0.1440706667,-663487.9661,-127.3657851
0,8.70243,0.421848,-1.15043,0.0196033,0.0137507,0.0133389,0.000411809,0.900802,16.7841,0.113501,0.0235095,0.144071,97.8764,3.57314
0,12.54673,0.5944999,-1.162415,0.02219045,0.014251,0.01361336,0.0006376489,0.9248834,23.64141,0.1632459,0.02422643,0.1440707,156.6315,3.620699
2,15.4548743,0.625205971,-1.56369444,0.0232966148,-0.294813361,-1.40606487,1.11125151,-0.688137603,32.6576895,-17.7318336,0,0.144070667,-50363.9468,-8.2606741
0,6.3851,0.24382,-0.70145,0.015691,9.4217e-05,5.4355e-05,3.9862e-05,0.8531,9.8353,0.00026732,9.1904e-05,0.14407,0.1895,2.7842
0,6.67598,0.54197,-0.747271,0.0150365,0.000155513,0.000101999,5.35139e-05,0.928033,21.8606,0.00111506,0.000172763,0.144071,0.697487,2.89708
0,9.3543,0.37796,-1.03169,0.0157389,0.0038536,0.00372719,0.000126411,0.897641,15.1888,0.0284153,0.00637161,0.144071,19.3411,3.35584
0,7.27998,0.941866,-0.926492,0.0134993,0.00124752,0.00113267,0.00011485,0.956532,37.9491,0.0215188,0.00192336,0.144071,11.7412,3.22352
2,13.7741188,0.7570831165,-1.578225233,0.01585207372,0.01530395803,-0.07143567349,0.08673963151,-0.2341080737,30.07467339,-1.090897321,0,0.1440706667,-164305.9804,-30.43259477
0,12.1722333,0.29883321,-1.812801349,0.02446044386,0.09795653889,0.09524852193,0.002708016963,2.414992192,10.87455487,0.5741326899,0,0.1440706667,117201.927,27.33941988
0,31.7248074,0.4865980951,-1.770018381,0.01618140468,0.9974823795,0.7220523493,0.2754300302,0.004464986798,0.04942149075,7.087029823,0,0.1440706667,166292.3203,36.84717082
0,7.86714,0.442968,-1.00134,0.016589,0.00250544,0.00240151,0.000103925,0.911872,17.8254,0.0214577,0.00409345,0.144071,15.1305,3.31206
0,32.015902,0.4395793264,-1.4861292,0.008640317931,0.178619189,0.1534461557,0.02517303331,-0.0498680147,14.56588839,1.360562329,0,0.1440706667,-114454.0109,-20.82566955
0,38.422,0.645493,-1.07629,0.0115246,0.00936831,0.00896014,0.000408168,0.932911,25.7964,0.116663,0.0154312,0.144071,56.051,3.46224
0,6.38158,0.846087,-0.841167,0.0233121,0.000263392,0.000219639,4.3753e-05,0.952573,34.1237,0.00374843,0.000372231,0.144071,3.54314,3.07504
0,6.43314,0.569385,-0.907859,0.0149027,0.000884166,0.000808188,7.59785e-05,0.930789,22.9497,0.00928204,0.00137139,0.144071,5.74368,3.16698
0,6.66437,0.841224,-0.903367,0.00998344,0.00126814,0.00113864,0.000129499,0.951661,33.8934,0.0193207,0.00193237,0.144071,7.83142,3.17883
1,0.51784,0.52818,-1.9039,0.014159,,,,,,,,,,
2,9.014634,0.79423482,-1.65075406,0.0112987621,0.16202735,-0.0240921292,0.186119479,3.33488668,26.8493597,-0.385966203,0,0.144070667,26140.8569,9.41769621
0,53.4318,0.4852144,-1.288297,0.01259926,0.1102411,0.09510201,0.01513908,0.8481938,17.41651,0.9307831,0.2149512,0.1440707,633.8529,3.911079
0,5.84283,0.96536,-0.65545,0.0189221,6.86583e-05,2.49252e-05,4.3733e-05,0.958295,38.9417,0.000485349,4.22097e-05,0.144071,0.369942,2.77261
0,50.52055,0.7988235,-1.187819,0.02456791,0.01813295,0.01670189,0.001431061,0.9382427,31.64162,0.2691173,0.03032534,0.1440707,286.3879,3.702307
2,1.7995877,0.21609559713,-1.9075034825,0.023760806167,-10.003356381,-10.003367912,1.1530863109e-05,-2.8173957241,95.923775465,-43.603096376,0,0.14407066667,-2990942.948,-579.1394405
0,6.70207,0.803956,-0.810459,0.00926531,0.000473655,0.000372545,0.00010111,0.950083,32.4176,0.00604138,0.000631288,0.144071,2.27481,3.02132
0,6.75015,0.933886,-0.841742,0.02344,0.000264765,0.000220057,4.47075e-05,0.956823,37.6647,0.00414528,0.000372944,0.144071,3.9223,3.08091
0,47.40648,0.478715,-1.227812,0.01148385,0.06001636,0.05688395,0.003132416,0.880583,18.15317,0.5492776,0.1084387,0.1440707,292.6114,3.744613
2,1.364286,0.2670340934102867,-1.955181204770039,0.02488948013235879,-24346.18091174283,-24500.0441680097,153.8632562668754,-0.001354386258977973,262283.2534194805,-131964.9966170677,0,0.1440706666666666,-31385230998555.8,-6094502577.686154
0,4.92998,0.891799,-0.540013,0.013808,6.6089e-05,7.75435e-06,5.83347e-05,0.955014,35.9744,0.000139488,1.31308e-05,0.144071,0.0778472,2.57704
0,16.825905,0.28366352,-1.6277748,0.012169593,0.52852733,0.50841517,0.020112157,-2.310003,5.3952948,2.909023,0,0.14407067,-5645.2228,0.59950561
0,5.97677,0.633288,-0.651867,0.0241134,5.16022e-05,1.86796e-05,3.29227e-05,0.937818,25.5467,0.000238612,3.16323e-05,0.144071,0.236833,2.74609
0,30.230844,0.93816654,-1.3136153,0.021852462,0.089578549,0.063302162,0.026276387,0.89736041,34.45701,1.1979085,0.17156111,0.14407067,1640.8438,4.1808109
0,0.8092266,0.607392407,-1.90049747,0.0238244232,0.0035584504,0.0035584504,2.51534904e-17,19.6307881,24.4161033,0.0435968835,0,0.144070667,99858.6493,24.0511044
0,27.0069538,0.2434803679,-1.849320551,0.02015890805,0.9572246243,0.7683937926,0.1888308316,0.07329851299,0.4201583011,3.773748623,0,0.1440706667,238493.8409,50.96536502
0,8.4495739,0.54612394,-1.4366238,0.023039542,0.8830356,0.03543997,0.84759563,0.4516792,2.5769149,0.39039993,0,0.14407067,1183.6492,4.1982577
0,36.83943,0.7561488,-1.22482,0.02275273,0.03161019,0.02799436,0.003615832,0.9266364,29.54015,0.4269756,0.05266791,0.1440707,435.4319,3.789779
0,61.504316,0.40528944,-1.4181927,0.01430623,0.35261616,0.2262487,0.12636746,0.6613936,10.584791,1.8495946,1.0040922,0.14407067,2620.3446,4.4996434
1,0.25918,0.92245,-1.996,0.010575,,,,,,,,,,
0,6.54008,0.559989,-0.935433,0.0217306,0.000848257,0.000789302,5.8955e-05,0.929741,22.5718,0.00891555,0.00134022,0.144071,8.05918,3.21241
2,13.29497,0.38815379,-1.4787211,0.019592194,0.012321896,-0.061555854,0.07387775,1.9382074,15.465873,-0.48194598,0,0.14407067,2842.9193,4.6075811
0,7.30057,0.361521,-1.0198,0.0156062,0.00334185,0.00322982,0.000112033,0.893896,14.5357,0.0235525,0.0055154,0.144071,15.9536,3.3334
0,11.5547252,0.8856540944,-1.746289576,0.02415131439,0.08097721425,0.02018470101,0.06079251325,2.921974433,32.83564715,0.3605882957,0,0.1440706667,124473.1962,28.68796342
0,36.1172,0.795629,-1.07068,0.0242612,0.00419039,0.00397202,0.00021837,0.947179,31.9626,0.0637452,0.00682002,0.144071,63.6423,3.46463
0,39.872411,0.7328611,-1.3506464,0.0088030455,0.30581365,0.2138171,0.091996553,0.72958513,20.52357,3.1607436,0.68527094,0.14407067,1934.2363,4.2832666
0,7.37024,0.293584,-0.989673,0.0130558,0.00272366,0.00262841,9.52566e-05,0.87325,11.8115,0.0155651,0.00447735,0.144071,9.01216,3.27258
1,0.49047,0.87579,-1.7306,0.0094362,,,,,,,,,,
0,5.41338,0.556254,-0.680499,0.0220252,6.5098e-05,2.95404e-05,3.55576e-05,0.929807,22.4388,0.000331448,5.00262e-05,0.144071,0.303083,2.78741
0,30.2132613,0.7203719489,-1.755242507,0.01497748916,0.9854397567,0.7023598497,0.283079907,0.02730976886,0.4231365991,10.20567281,0,0.1440706667,192536.327,41.93608465
2,5.9803715,0.927500697,-1.85190166,0.0178803842,0.988563459,-0.00911183144,0.99767529,-0.236170493,0.427921495,-0.170468874,0,0.144070667,-77928.5164,-13.3474883
0,6.79443,0.296776,-0.858611,0.0140522,0.000510617,0.000455767,5.48499e-05,0.875796,11.9664,0.00272833,0.000772608,0.144071,1.69083,3.05411
0,7.81099,0.680707,-0.666212,0.0244975,5.48989e-05,2.21064e-05,3.27925e-05,0.941894,27.4595,0.000303532,3.7436e-05,0.144071,0.304747,2.7734
0,21.7363242,0.212425824,-1.61253044,0.0182460822,0.699445481,0.652231392,0.047214089,0.478375897,2.57564343,2.79469347,0,0.144070667,10699.2913,6.33507002
0,21.1098,0.281677,-1.10933,0.0193853,0.0082606,0.00808531,0.000175292,0.865235,11.2695,0.0459382,0.0140232,0.144071,40.3578,3.47535
0,0.4669394,0.9283847726466337,-1.877449373710267,0.02272049404692888,0,0,0,-6.851312585384047e-09,37.45270369453881,0,0,0.1440706666666666,-326425359840216.7,-63386508046.50195
0,5.4911711,0.63161274,-1.5799085,0.015393266,0.10435174,0.0059214537,0.098430281,4.7235641,22.821466,0.075440471,0,0.14407067,6314.4053,5.4238781
0,6.98139,0.713628,-0.745337,0.00951541,0.000245622,0.000157219,8.84025e-05,0.944301,28.782,0.0022631,0.000266307,0.144071,0.880352,2.90715
0,7.29667,0.391582,-0.977739,0.0228733,0.00134842,0.00128877,5.96513e-05,0.902354,15.7758,0.0101794,0.00219242,0.144071,9.99321,3.26615
0,54.23489,0.6942682,-1.257393,0.0198103,0.05294587,0.04478314,0.00816273,0.9081948,26.52511,0.6271435,0.09191682,0.1440707,606.1799,3.872508
0,47.633296,0.27411339,-1.4588312,0.02228919,0.254278,0.25427693,1.0694006e-06,0.70132084,8.2463616,1.4059258,1.0861858,0.14407067,3244.7509,4.6725136
0,48.9553339,0.716787417,-1.67062371,0.0195291889,0.779342777,0.523177636,0.256165141,0.309386368,6.38063184,7.5642298,18.827265,0.144070667,86431.347,21.2064465
0,50.8915322,0.349102863,-1.64696948,0.0199114156,0.799163692,0.689861461,0.109302231,0.303261693,2.82846497,4.85780933,0,0.144070667,28846.1708,9.94429973
0,6.78378,0.692677,-0.852883,0.0232798,0.000298581,0.00025563,4.29509e-05,0.942683,27.9355,0.00357164,0.000433282,0.144071,3.40705,3.08472
0,32.28939,0.9764664,-1.394563,0.01800672,0.07342726,0.0413133,0.03211395,18.34801,36.49993,0.8137151,0,0.1440707,240.4498,3.891148
0,6.52985,0.737391,-0.776285,0.0137911,0.00022474,0.000161413,6.33273e-05,0.946008,29.741,0.00240082,0.000273435,0.144071,1.3513,2.9602
0,48.69552,0.4667538,-1.2112,0.02489909,0.02278339,0.02178512,0.0009982689,0.902947,18.40068,0.2051035,0.04040321,0.1440707,233.6729,3.704999
1,0.22709,0.55834,-1.8464,0.011846,,,,,,,,,,
2,0.803627,0.2202381835,-1.921686968,0.01318009377,-0.01620229686,-0.01620229686,1.040834086e-17,-3.468329054,9.028756797,-0.07197710455,0,0.1440706667,-274384.2533,-51.49089631
0,5.50439,0.609136,-0.589582,0.0221646,4.43113e-05,9.13137e-06,3.518e-05,0.935518,24.5726,0.000112196,1.54626e-05,0.144071,0.102607,2.6408
0,17.5609,0.992022,-1.08233,0.021103,0.00564182,0.00528494,0.000356879,0.95573,39.7942,0.105751,0.00910731,0.144071,91.2128,3.50013
0,5.18426,0.779148,-0.513484,0.0116863,7.46027e-05,6.51642e-06,6.80863e-05,0.948843,31.4299,0.000102413,1.10345e-05,0.144071,0.0486873,2.52639
0,50.61798,0.5127089,-1.270094,0.02103648,0.05546681,0.04892541,0.006541395,0.8883833,19.53634,0.5059767,0.1018972,0.1440707,537.2985,3.865635
0,5.30264,0.669189,-0.521909,0.0184747,4.70742e-05,4.59313e-06,4.24811e-05,0.940959,26.995,6.19988e-05,7.77764e-06,0.144071,0.0469869,2.53298
0,11.89521,0.6544437,-1.145711,0.02445626,0.01057307,0.0100757,0.0004973769,0.9329096,26.12229,0.1330064,0.01773726,0.1440707,138.4477,3.594124
0,33.905803,0.59331164,-1.64304391,0.0166773908,0.597834021,0.312292963,0.285541058,0.697822949,9.62594473,3.73740565,0,0.144070667,40565.2781,12.2335527
0,1.1359892,0.322718381,-1.82226796,0.016402221,0.49088043,0.490880422,7.5374425e-09,5.59481272,6.62824662,3.19539524,0,0.144070667,34822.5912,11.2897968
0,0.4471222,0.429863766,-1.80140636,0.0179759297,0,0,0,-4.17936463,17.3414738,0,0,0.144070667,-93292.8647,-16.3907371
0,6.82995,0.588961,-0.891721,0.0246372,0.000441222,0.00039755,4.36723e-05,0.933202,23.7493,0.00472285,0.000674237,0.144071,4.81854,3.14164
0,53.99805,0.3185550058,-1.788774521,0.0141567369,0.7048563969,0.115717819,0.5891385779,0.5219158264,3.792913819,0.7435494288,0,0.1440706667,138924.598,31.54231999
0,48.5003626,0.520773701,-1.71413755,0.0127935626,0.940668026,0.448474701,0.492193325,0.148040744,1.24650208,4.7109898,0,0.144070667,61710.6437,16.4322904
0,25.754325,0.67152937,-1.3939563,0.01805318,0.59284619,0.022141602,0.57070459,0.84733546,11.03008,0.29991571,0,0.14407067,1561.198,4.2431294
2,23.5009571,0.8551306202,-1.48629785,0.02070051253,0.3791350114,-0.3047934235,0.6839284349,-0.07455001793,21.41828997,-5.257305571,0,0.1440706667,-112822.0432,-20.50786135
1,94.7592,0.569657,-1.29981,0.00962923,,,,,,,,,,
0,6.0562636,0.742168184614,-1.84621058659,0.0146137141892,0.0788172167433,0.00423009648441,0.0745871202589,-0.0216602556911,27.5805747159,0.0633253759538,0,0.144070666667,-50903817.2063,-9883.24907838
0,41.8591677,0.8063192677,-1.742917145,0.009701547997,0.9990216531,0.7451299093,0.2538917438,0.001957705215,0.03182402376,12.11892798,0,0.1440706667,172425.5209,38.01289859
0,9.47087,0.35213,-1.03929,0.0136557,0.00487811,0.00472999,0.000148119,0.890459,14.1363,0.033596,0.00809606,0.144071,20.0053,3.3653
0,6.91424,0.69356,-0.818755,0.0159835,0.000297982,0.00024025,5.77312e-05,0.942752,27.9711,0.00336104,0.000407097,0.144071,2.20049,3.02789
0,71.998246,0.81879836,-1.430915,0.011013514,0.42723468,0.28731183,0.13992285,0.63908525,18.919465,4.7452122,1.5358306,0.14407067,5707.6405,5.1518697
2,78.028751,0.52937532,-1.5235051,0.0093575605,-0.868893,-1.0869155,0.21802245,4.0209658,39.911982,-11.606055,0,0.14407067,6286.2023,5.3617681
0,6.55513,0.545057,-0.658349,0.0158248,8.00082e-05,3.09343e-05,4.90739e-05,0.928459,21.9868,0.000340101,5.23856e-05,0.144071,0.223763,2.74965
0,6.90897,0.580627,-0.924278,0.0131539,0.00122353,0.00113003,9.35049e-05,0.93181,23.3949,0.0132346,0.00191853,0.144071,7.22195,3.19546
0,55.015231,0.37509037,-1.3762887,0.011640859,0.24948321,0.18600533,0.063477873,0.73169365,11.356683,1.4072993,0.72036777,0.14407067,1483.5386,4.2077598
2,16.2434911,0.8721976773316535,-1.715271622627558,0.01680070972674603,-2522.749726315385,-2522.802350806593,0.05262449120709789,-5.981807299226354e-07,88800.69745544062,-44383.68154296427,0,0.1440706666666666,-1103973533549868,-214373746274.901
1,0.28224,0.58949,-1.9145,0.008619,,,,,,,,,,
0,6.4664,0.290798,-0.581066,0.0221295,3.80927e-05,8.19837e-06,2.98943e-05,0.873863,11.7309,4.80888e-05,1.38822e-05,0.144071,0.0470061,2.59216
0,42.511263,0.49003,-1.3574417,0.011681076,0.24981637,0.18354747,0.066268894,0.75104606,14.830146,1.8142463,0.56353378,0.14407067,1481.5591,4.1884599
0,12.67432,0.8618022,-1.111559,0.01555141,0.01096576,0.01033583,0.000629924,0.9464208,34.3854,0.1796711,0.01798838,0.1440707,115.8481,3.546427
0,29.4583,0.3039116,-1.224278,0.02053286,0.03164326,0.03080729,0.000835972,0.858929,11.87238,0.1888539,0.05795707,0.1440707,187.4881,3.697794
0,6.61864,0.718446,-0.662561,0.0170454,7.76466e-05,3.03156e-05,4.7331e-05,0.944761,28.9811,0.000439324,5.13383e-05,0.144071,0.30597,2.76996
0,19.8625872,0.7891518661582,-1.717278077542,0.01295337675448,0.5379921471918,0.363003156356,0.1749889908358,-0.0003599479386489,14.70838913672,5.778247760388,0,0.1440706666667,-311812142.9404,-60547.63429425
1,0.53044,0.77299,-1.8566,0.021072,,,,,,,,,,
0,0.8368598,0.292331869514009,-1.90948772593306,0.0243386169748006,0.629738323440211,0.0327716843864148,0.596966639053797,-3.56827542709737e-05,4.3665666493418,0.193241365693118,0,0.144070666666667,-11027585534.204,-2141376.9353454
1,0.27088,0.97081,-1.9238,0.01025,,,,,,,,,,
0,7.67126,0.533222,-0.982316,0.00870319,0.0037787,0.00358675,0.000191959,0.924623,21.4298,0.0385775,0.0061109,0.144071,14.05,3.28902
0,49.46408,0.6430033,-1.273512,0.01547653,0.0802689,0.06679016,0.01347874,0.8858765,23.85774,0.8662653,0.1447211,0.1440707,687.5414,3.910897
0,6.37674,0.288333,-0.612597,0.00941999,0.000172318,2.88721e-05,0.000143446,0.872875,11.6299,0.000167919,4.88964e-05,0.144071,0.0699499,2.64412
0,51.137972,0.57571564,-1.3687282,0.010382881,0.26526625,0.18722724,0.078039009,0.75020588,17.064485,2.1742138,0.73290221,0.14407067,1972.9404,4.3098822
0,6.35507,0.327297,-0.70696,0.00981617,0.000164444,9.31048e-05,7.13393e-05,0.88625,13.2016,0.000614667,0.000157682,0.144071,0.262804,2.80653
0,7.01133,0.446608,-0.950578,0.0122547,0.00180034,0.00169855,0.000101782,0.912964,17.9845,0.0153014,0.00288689,0.144071,7.94358,3.22679
0,6.01573,0.309265,-0.583866,0.0118943,7.26303e-05,1.58115e-05,5.68189e-05,0.880472,12.4754,9.86345e-05,2.67741e-05,0.144071,0.0514315,2.59959
0,45.33529,0.4748652,-1.266586,0.01832772,0.06024894,0.05444999,0.005798947,0.8798327,18.00273,0.5215468,0.1118049,0.1440707,477.9087,3.844576
0,48.597461,0.73337187,-1.3341525,0.014963673,0.1655829,0.11755618,0.048026714,0.83373455,24.686676,1.7389813,0.32617201,0.14407067,1647.2406,4.2027902
0,52.07269,0.6012868,-1.226444,0.02036257,0.03459763,0.03187026,0.002727363,0.9122468,23.41775,0.3865382,0.06009092,0.1440707,358.0236,3.766314
0,35.13468,0.8470097,-1.211758,0.02442356,0.02524549,0.02235687,0.00288862,0.9361778,33.30725,0.3819658,0.04148634,0.1440707,410.8959,3.768972
1,240.1889,0.6572889,-1.285454,0.02084073,,,,,,,,,,
0,5.9094,0.260042,-0.562746,0.00957021,8.11473e-05,1.49821e-05,6.61652e-05,0.860993,10.4897,7.85853e-05,2.53695e-05,0.144071,0.0337159,2.55676
0,6.36352,0.398817,-0.727401,0.0227969,8.48182e-05,5.2127e-05,3.26912e-05,0.904739,16.0876,0.000419336,8.82828e-05,0.144071,0.407905,2.84959
2,9.123003,0.9311474793,-1.528014292,0.01437202128,0.07917509397,-0.001144510658,0.08031960463,-0.1477200019,34.59001063,-0.02149628857,0,0.1440706667,-157138.0004,-29.08860834
0,7.33295,0.918149,-0.92908,0.0215492,0.000805978,0.000733693,7.22857e-05,0.955766,37.0099,0.0135879,0.00124561,0.144071,11.8472,3.22659
0,6.55904,0.9925,-0.731335,0.0214585,9.88696e-05,5.82467e-05,4.06229e-05,0.959368,40.0353,0.00116608,9.86514e-05,0.144071,1.00692,2.90007
0,24.193742,0.45912365,-1.5200953,0.013896474,0.094379969,0.074533245,0.019846725,1.7277179,16.773776,0.69024753,0,0.14407067,5885.076,5.2770781
1,0.34778,0.98982,-1.7626,0.024219,,,,,,,,,,
1,0.39448,0.68828,-1.8764,0.022077,,,,,,,,,,
0,6.63974,0.721826,-0.87812,0.0187344,0.000497635,0.000439083,5.85517e-05,0.944734,29.1052,0.00639299,0.000744545,0.144071,4.89814,3.1289
0,55.86803,0.678528,-1.197066,0.01331826,0.03670999,0.03426556,0.002444434,0.9178037,26.36817,0.4689762,0.06299552,0.1440707,274.7417,3.70716
0,37.666373,0.8478988,-1.308169,0.01851232,0.098808355,0.071793343,0.027015012,0.88683842,30.825941,1.2278728,0.18883249,0.14407067,1384.9903,4.1169718
0,6.71897,0.685251,-0.810725,0.0248145,0.000176142,0.000139601,3.65418e-05,0.942179,27.6394,0.00192958,0.000236521,0.144071,1.96249,3.01394
0,8.0566673,0.49858552,-1.6623017,0.014067641,0.00037859415,4.3112676e-06,0.00037428289,37.440852,20.106217,4.3358057e-05,0,0.14407067,2022.411,4.6143345
2,8.1213407,0.34683505,-1.5240051,0.012417934,0.26139729,-0.019381989,0.28077928,2.705849,10.33449,-0.13559588,0,0.14407067,2434.3915,4.5655645
0,7.15156,0.253014,-0.909534,0.00836649,0.00156587,0.00146971,9.61593e-05,0.856776,10.191,0.0075007,0.0024959,0.144071,2.83113,3.13174
0,49.56045,0.3262507,-1.297556,0.02356617,0.06380831,0.05841875,0.005389557,0.8456951,12.32172,0.3844403,0.1294331,0.1440707,506.558,3.884101
0,47.035761,0.5045226,-1.3784916,0.018719256,0.18058107,0.12619952,0.054381544,0.80312566,16.677916,1.2842912,0.46082909,0.14407067,2041.8512,4.334791
0,16.728827,0.21009723,-1.6050187,0.021456161,0.76758746,0.68061183,0.086975628,1.5803528,1.9698586,2.8843303,0,0.14407067,2249.1372,4.6065378
0,14.93889,0.9744366,-1.131541,0.02077483,0.01066896,0.009925115,0.0007438439,0.9517326,38.89112,0.1950807,0.01740558,0.1440707,168.4219,3.595844
0,6.07297,0.453975,-0.790811,0.0185034,0.000188448,0.000144978,4.34698e-05,0.915261,18.3107,0.00132758,0.000245603,0.144071,1.0363,2.96103
1,0.2554,0.96769,-1.9161,0.01135,,,,,,,,,,
0,32.4806369,0.225132852,-1.775219407,0.02234081096,0.9972817213,0.6827374388,0.3145442825,0.003819645852,0.02468811969,3.100400243,0,0.1440706667,103813.7998,24.69584823
0,35.45922,0.5128669,-1.253312,0.02009699,0.0477617,0.0434703,0.004291398,0.8933427,19.70178,0.4496995,0.08597893,0.1440707,434.3579,3.817936
0,5.36937,0.417148,-0.670775,0.0191083,6.8792e-05,3.00522e-05,3.87398e-05,0.90855,16.8273,0.000252867,5.08917e-05,0.144071,0.205292,2.75765
0,13.5054898,0.488603181,-1.51192182,0.0183961278,0.000628714039,0.000609001594,1.97124445e-05,-0.39569444,19.6987343,0.00600205388,0,0.144070667,-27169.2237,-3.77669508
2,9.1057429,0.82926425,-1.5625992,0.022924027,0.23312319,-0.013842707,0.2469659,4.6955089,25.6551,-0.23154699,0,0.14407067,5717.3019,5.2855169
2,0.8122941,0.549768572258,-1.89707059498,0.0215190122233,0.510024432454,-0.0282643052531,0.538288737707,-0.0693305336378,10.8669958292,-0.31343204401,0,0.144070666667,-12042464.5378,-2336.88005714
0,0.7677536,0.25148974787,-1.9027555646,0.020311103628,0.005636893098,0.0056368497893,4.3308736836e-08,-0.49181662282,10.088357276,0.028594461215,0,0.14407066667,-1695356.2227,-327.53309996
0,30.4403,0.241055,-1.13467,0.015212,0.014404,0.0141437,0.000260262,0.842934,9.58452,0.068771,0.0247465,0.144071,48.7882,3.51208
0,5.78893,0.616186,-0.759282,0.0249619,0.0001051,7.16899e-05,3.34099e-05,0.936169,24.8554,0.000891035,0.000121428,0.144071,0.917283,2.92321
0,37.298799,0.81442472,-1.4730548,0.018637778,0.89528273,0.34163956,0.55364317,0.20346276,3.4405228,5.6123438,0,0.14407067,5601.7148,5.1724779
2,4.8980382,0.68908668,-1.4712087,0.014205243,0.8241621,-0.064382975,0.88854508,1.2725514,4.888116,-0.89489084,0,0.14407067,1242.6514,4.2467994
0,16.2005595,0.95134407694,-1.9344902658,0.011341374609,0.90348118827,0.62153769438,0.28194349389,0.23265034603,3.7042880559,11.926973698,0,0.14407066667,1978222.2073,388.9862586
0,38.542645,0.8319849,-1.4030776,0.013692793,0.095942675,0.070538282,0.025404393,1.7296829,30.343563,1.183765,0,0.14407067,2365.4681,4.4297774
0,5.53179,0.802897,-0.712836,0.0126837,0.000143532,7.77026e-05,6.58292e-05,0.950235,32.3857,0.0012584,0.000131601,0.144071,0.648427,2.85889
0,0.4712833,0.4619250388852686,-1.957773101415014,0.02408408358143196,0,0,0,-5.039652460507514e-27,18.63488299268263,0,0,0.1440706666666666,-6.195582485370283e+32,-1.203081584280359e+29
0,32.1569808,0.6069961484,-1.740580835,0.02324370686,0.9241869595,0.691369975,0.2328169845,0.1230863213,1.856457518,8.464895884,0,0.1440706667,155251.5679,34.67026833
0,5.82375,0.716163,-0.766405,0.024806,0.000113681,7.90502e-05,3.46303e-05,0.944572,28.888,0.00114193,0.0001339,0.144071,1.15786,2.94235
1,0.33163,0.5971,-1.9812,0.024281,,,,,,,,,,
1,54.7268,0.732606,-1.28615,0.0229377,,,,,,,,,,
0,5.89274,0.386832,-0.76553,0.0110536,0.000243744,0.000175412,6.83316e-05,0.901978,15.6017,0.00136869,0.000297135,0.144071,0.647546,2.91151
0,5.29359,0.986255,-0.653407,0.0107533,0.000119723,4.27225e-05,7.70002e-05,0.959108,39.7825,0.000849906,7.23502e-05,0.144071,0.367828,2.77028
0,31.77659,0.2779746,-1.231253,0.01908135,0.03686631,0.03596519,0.0009011201,0.8459651,10.80057,0.2016567,0.0682116,0.1440707,189.4083,3.705666
0,6.15726,0.524557,-0.756932,0.0214785,0.00011834,8.08404e-05,3.74996e-05,0.925848,21.1591,0.000855355,0.000136926,0.144071,0.7661,2.91158
0,56.51808,0.9891304,-1.151335,0.009505263,0.02976699,0.02745272,0.002314268,0.9397163,38.71549,0.547727,0.04905476,0.1440707,218.9629,3.638936
0,6.05703,0.578147,-0.842635,0.0125311,0.00049035,0.000416334,7.40159e-05,0.932011,23.3121,0.00485518,0.000705655,0.144071,2.52103,3.05882
0,87.3284054,0.686657273,-1.51369506,0.00852512081,0.733256856,0.484686906,0.24856995,0.347780947,7.38904746,6.71315203,5.7458319,0.144070667,11862.4244,6.46739879
0,20.1233069,0.2081235713,-1.83878997,0.01224460066,0.9929232357,0.7127497623,0.2801734734,0.01180882144,0.05941706134,2.9921511,0,0.1440706667,182860.4247,40.13807954
0,6.74807,0.817578,-0.961766,0.0126634,0.00204183,0.00189665,0.000145179,0.949852,32.9152,0.0312782,0.00322548,0.144071,16.1333,3.27597
0,6.1464,0.795469,-0.892346,0.0236324,0.000468661,0.000417784,5.08767e-05,0.949584,32.0756,0.00670348,0.000708577,0.144071,6.44723,3.15755
0,41.952976,0.37535487,-1.3924561,0.014505764,0.24524753,0.17584416,0.069403372,0.73575491,11.42883,1.331359,0.71152161,0.14407067,1827.4042,4.3014119
2,10.3775963,0.51320687061228,-1.4757792355227,0.008949654991174,-3.2423087069171,-3.2587971135975,0.016488406680427,-4.2714554632516e-06,87.831418422108,-33.734552647059,0,0.14407066666667,-7054291702.195,-1369828.1577026
1,0.33237,0.40622,-1.9113,0.019088,,,,,,,,,,
0,44.101956,0.27389867,-1.4253244,0.021885636,0.23226058,0.16111711,0.071143473,0.71448867,8.4831848,0.89013679,0.71932176,0.14407067,2130.5085,4.4010235
0,45.669029,0.38038511,-1.4402759,0.009660192,0.44029369,0.44029061,3.0806171e-06,0.59045179,8.5889264,3.3782214,1.974707,0.14407067,3162.8616,4.6367432
0,62.5466547,0.576974092,-1.55929607,0.00854082933,0.650357316,0.453913441,0.196443875,0.526241653,8.13834177,5.2826827,0,0.144070667,15510.4451,7.23516383
0,5.06373,0.600382,-0.63042,0.0144423,7.78816e-05,2.36784e-05,5.42031e-05,0.934618,24.2186,0.000286751,4.00973e-05,0.144071,0.171043,2.70791
0,16.6457,0.879225,-1.0096,0.0152609,0.00309415,0.00290207,0.000192081,0.952432,35.3598,0.0514675,0.00494787,0.144071,31.953,3.362
0,30.60351,0.52501843,-1.3464617,0.015332379,0.1614068,0.11946795,0.041938845,0.8182616,17.761558,1.2651766,0.37285641,0.14407067,1414.4167,4.1620589
0,30.9731,0.516052,-1.0656,0.0161937,0.00579235,0.00557797,0.000214382,0.921094,20.6979,0.0580624,0.00957245,0.144071,39.7034,3.43066
0,12.49557,0.9664292,-1.102876,0.01626044,0.009468016,0.008868103,0.0005999131,0.9521974,38.61835,0.1728725,0.01538834,0.1440707,115.672,3.537631
0,5.03305,0.470127,-0.529585,0.0173682,4.83589e-05,5.39212e-06,4.29668e-05,0.918019,18.9649,5.11328e-05,9.1305e-06,0.144071,0.0373409,2.52885
0,6.0012,0.311857,-0.853941,0.017145,0.000397322,0.000351839,4.54831e-05,0.881146,12.5759,0.00221322,0.000596369,0.144071,1.66334,3.0486
0,6.4403,0.760879,-0.932578,0.0167536,0.00107363,0.000986844,8.67833e-05,0.947034,30.6623,0.0151457,0.00167577,0.144071,10.3609,3.22291
0,5.24328,0.944569,-0.689161,0.0213348,7.33677e-05,3.40846e-05,3.92831e-05,0.957414,38.1028,0.000649407,5.77229e-05,0.144071,0.55864,2.82754
1,0.49375,0.57893,-1.9844,0.01325,,,,,,,,,,
0,9.289627,0.592167,-1.146585,0.0174246,0.01489462,0.0142667,0.0006279242,0.9242271,23.53326,0.1704092,0.02517593,0.1440707,127.3178,3.58853
0,5.733,0.20364,-0.54442,0.01779,3.7872e-05,6.3705e-06,3.1501e-05,0.82911,8.2147,2.6167e-05,1.0785e-05,0.14407,0.021668,2.5157
0,35.5329,0.3552407,-1.198416,0.01175974,0.0406161,0.03948193,0.001134173,0.8686887,13.74897,0.2829086,0.07259234,0.1440707,154.004,3.655322
2,1.0483219,0.828217466,-1.90116646,0.0175165795,0.32381813,-0.149014497,0.472832627,21.9686583,22.5924366,-2.48941944,0,0.144070667,83279.5823,20.823059
0,27.90206,0.6859271,-1.153585,0.01196952,0.02370791,0.02250687,0.001201037,0.9269574,27.01549,0.3113997,0.04009811,0.1440707,159.4377,3.613327
2,23.9603977,0.842668862,-1.64848228,0.0173845577,-7.47541871,-7.99655731,0.521138591,60.1722551,288.119913,-135.920565,0,0.144070667,15099.792,7.24322912
0,28.553124,0.87799048,-1.3278637,0.0094635874,0.21975916,0.15511952,0.064639635,0.80303629,27.635903,2.7471441,0.47571542,0.14407067,1765.9518,4.2231288
1,0.26856,0.7532,-1.8512,0.022669,,,,,,,,,,
0,16.6055335,0.2764785873,-1.806403399,0.01187177434,0.8128306338,0.7184216966,0.09440893717,0.3580378302,2.087619946,4.006508901,0,0.1440706667,139788.3247,31.72798904
0,6.24507,0.852703,-0.801302,0.0123839,0.000323049,0.000247831,7.52185e-05,0.952884,34.3885,0.00426264,0.000419902,0.144071,2.13902,3.00897
0,49.5804436,0.312882973,-1.60227657,0.0147460657,0.220181466,0.0736152698,0.146566196,1.16286844,9.84307168,0.464595509,0,0.144070667,14744.7704,7.12686147
0,37.20933,0.6524804,-1.244641,0.01320396,0.06747732,0.05960222,0.007875102,0.8950337,24.54607,0.7844316,0.1170696,0.1440707,483.2018,3.824224
0,48.31767,0.656318,-1.2126,0.0208497,0.02871615,0.02652534,0.00219081,0.9211909,25.71672,0.3511563,0.04912624,0.1440707,325.9243,3.74141
2,1.0626953,0.2114033167574664,-1.967846376425644,0.01368148565092713,-137025.2841200851,-137025.2853245955,0.001204510452225804,-3.669438764091116e-08,1168613.350846656,-584302.4163654717,0,0.1440706666666666,-6.073240494227742e+18,-1179324754817538
0,5.37222,0.95326,-0.695343,0.0101016,0.000161253,7.79323e-05,8.33205e-05,0.957728,38.45,0.00149849,0.000131987,0.144071,0.610117,2.83826
1,64.3555,0.68935,-1.29597,0.0217407,,,,,,,,,,
0,4.63214,0.737114,-0.531253,0.012638,7.02799e-05,7.57061e-06,6.27093e-05,0.946089,29.7344,0.000112562,1.28197e-05,0.144071,0.0580389,2.55318
0,8.770935,0.5308109,-1.148174,0.01668603,0.01579242,0.01519774,0.0005946741,0.916604,21.07568,0.1627212,0.02683241,0.1440707,117.341,3.583989
0,5.33094,0.767785,-0.698907,0.00897116,0.000184157,9.18615e-05,9.22957e-05,0.948055,30.9681,0.00142265,0.000155579,0.144071,0.519661,2.83356
2,13.6968819,0.570066144,-1.6284574,0.0186664965,-9.62502252,-15.3806703,5.75564781,-39.5555003,244.348836,-176.858396,0,0.144070667,-15062.2439,-1.27887028
0,19.2186575,0.5224737785,-1.820459238,0.01485257948,0.6620141466,0.4813225956,0.180691551,0.7105012728,7.123906134,5.072545133,0,0.1440706667,287946.2623,60.54904351
0,26.7901739,0.991378069,-1.76899627,0.0134897733,0.857213708,0.579634661,0.277579047,-3.23535514,5.71059012,11.5909445,0,0.144070667,-26171.809,-3.32401707
1,0.25067,0.57783,-1.9062,0.013907,,,,,,,,,,
2,24.8591352,0.299483077774,-1.69529213149,0.0239493325344,-441.321741812,-441.42317029,0.101428478321,-0.314843068076,5343.99128215,-2666.56751272,0,0.144070666667,-97654396.375,-18961.6373354
0,5.51268,0.894879,-0.709121,0.0163038,0.000109364,5.76343e-05,5.173e-05,0.955134,36.0971,0.00104033,9.76096e-05,0.144071,0.685531,2.85804
0,6.14497,0.473604,-0.846024,0.00834505,0.00075876,0.000652885,0.000105876,0.91812,19.0916,0.00623703,0.00110677,0.144071,2.1891,3.05489
0,5.27893,0.452197,-0.60286,0.0203494,4.8554e-05,1.17953e-05,3.67587e-05,0.915046,18.2415,0.000107588,1.99736e-05,0.144071,0.0923555,2.64867
0,27.6681279,0.4991236803,-1.873836867,0.01503181496,0.9429125696,0.7296407434,0.2132718261,0.1178410226,1.149486397,7.345856201,0,0.1440706667,556070.249,112.7015644
1,0.50474,0.90418,-1.8887,0.0086882,,,,,,,,,,
0,4.71351,0.617101,-0.537494,0.0188819,4.66967e-05,5.49011e-06,4.12066e-05,0.936295,24.8938,6.83379e-05,9.29651e-06,0.144071,0.0531964,2.55495
0,35.56789,0.2206434,-1.215331,0.01571765,0.03725655,0.03657768,0.0006788681,0.817557,8.569523,0.1627917,0.06749315,0.1440707,126.7428,3.656932
0,6.52898,0.398317,-0.818728,0.0180841,0.000256671,0.000212278,4.43927e-05,0.904522,16.0647,0.00170553,0.000359683,0.144071,1.31676,3.00131
2,3.4753147,0.77928569,-1.5163594,0.018546411,0.035890551,-0.0011525235,0.037043074,6.9131641,30.309461,-0.01811639,0,0.14407067,2533.1153,4.579132
0,33.980965,0.538610731,-1.819038544,0.01601557705,0.9975698824,0.7244419321,0.2731279502,0.004771703511,0.05280286163,7.870525901,0,0.1440706667,312044.7339,65.23128472
0,41.36733,0.4058108,-1.258466,0.009179109,0.1050452,0.09908851,0.005956665,0.8381617,14.65143,0.8110957,0.2011265,0.1440707,367.8402,3.801631
0,34.438674,0.35691272,-1.3637023,0.020185035,0.14355158,0.10964099,0.033910589,0.80125263,12.331571,0.7893328,0.35342516,0.14407067,1251.4492,4.1413639
0,6.05153,0.372349,-0.627101,0.0206283,5.05599e-05,1.58863e-05,3.46736e-05,0.898678,15.0205,0.000119316,2.69013e-05,0.144071,0.105719,2.67985
0,0.7404977,0.585619679,-1.758926476,0.01514433005,0.01274004189,0.01274004189,1.734723476e-17,-2.289659466,23.3239634,0.1504914022,0,0.1440706667,-132718.7842,-24.10720255
2,17.3106643,0.230106064,-1.688686511,0.009237776573,0.8810047329,-0.1020807948,0.9830855277,-0.05635513569,1.104620041,-0.4738024227,0,0.1440706667,-103597.7958,-18.50989082
2,16.3583206,0.494552544775956,-1.7723124679521,0.0241940664022378,-4.86274768230935,-5.02137210181653,0.158624419507175,-0.0001519104689899,116.968470416636,-50.0910363168566,0,0.144070666666667,-11913930822.8608,-2313490.94901659
0,5.34639,0.483375,-0.564567,0.0229809,3.90798e-05,6.38684e-06,3.2693e-05,0.920092,19.4995,6.22724e-05,1.08149e-05,0.144071,0.0600372,2.58824
0,6.21874,0.415509,-0.877076,0.0220498,0.000409416,0.000368127,4.12886e-05,0.908007,16.7555,0.00308534,0.000624169,0.144071,2.89476,3.10044
2,26.4750959,0.407645973,-1.68302908,0.0158625096,-0.512294625,-0.863921735,0.35162711,2.37916299,24.8699396,-7.10366916,0,0.144070667,51376.1994,14.3849831
0,11.3857,0.797394,-1.00362,0.0231067,0.00188797,0.00177618,0.000111794,0.948779,32.1076,0.0285683,0.003026,0.144071,26.9704,3.34633
2,11.7767064,0.310232544,-1.66046965,0.0225003015,-5.07864021e-05,-0.00108284946,0.00103206306,2.46962919,12.5159718,-0.00677611249,0,0.144070667,18642.2225,7.95392777
0,29.206949,0.85128988,-1.3127091,0.019035308,0.10005644,0.072061134,0.02799531,0.88617343,30.906363,1.2373818,0.19467243,0.14407067,1473.0953,4.1417894
0,5.17096,0.440521,-0.584637,0.0167282,5.55634e-05,1.13543e-05,4.42092e-05,0.912986,17.7704,0.000100891,1.92266e-05,0.144071,0.0713549,2.61718
0,20.6907,0.474404,-1.13123,0.00954678,0.0221657,0.0214404,0.000725352,0.90457,18.7141,0.205166,0.0377251,0.144071,84.928,3.54414
0,30.9164604,0.7305628358,-1.777623406,0.01435907168,0.9988170942,0.7004456788,0.2983714154,0.00230160439,0.03486285077,10.32184199,0,0.1440706667,250918.6653,53.30897663
0,7.5179,0.235137,-1.05644,0.0122289,0.00670713,0.00656353,0.0001436,0.84448,9.42224,0.0311304,0.0112694,0.144071,17.5263,3.37518
2,15.760363,0.82114768,-1.7227604,0.022652087,-24.071764,-24.097766,0.026001557,734.55974,830.5415,-399.13814,0,0.14407067,9257.3052,6.1578513
1,0.19421,0.75473,-1.8695,0.018838,,,,,,,,,,
2,16.3844038,0.947973592,-1.66928624,0.0204638239,-1.75980294,-2.40848067,0.648677731,5.98867485,105.543011,-46.053705,0,0.144070667,72601.6454,18.5106462
0,54.33601,0.2570499,-1.208597,0.01091044,0.0504985,0.0495128,0.0009857035,0.8289969,9.846191,0.2567202,0.0891741,0.1440707,131.7145,3.653141
0,13.7075,0.753309,-1.00248,0.02421,0.00177216,0.00167061,0.000101544,0.946084,30.336,0.0253848,0.00284619,0.144071,25.1839,3.34133
0,45.494968,0.78104436,-1.2993062,0.01508005,0.10894974,0.08206098,0.026888763,0.8761919,28.07586,1.2928185,0.20686845,0.14407067,1139.379,4.0503849
0,19.3797247,0.883185594,-1.66645909,0.0183685409,0.5314416,0.20194573,0.32949587,2.11998029,16.6944021,3.59759128,0,0.144070667,31283.5246,10.4412517
