Error,time,CO2share,E_appl,v,X_tot,X_het,X_hom,FE,CO2_out,CO_out,H2_out,delP,CD,Vcell,maxRes,Solver
3,12.5751,0.6,-1.4,0.045833,0.033308,0.017155,0.016153,9.3019,23.3988,0.20762,0,467.018,326.0395,3.9289,0.54524,Heun
3,64.146,0.6,-1.3818,0.045833,0.51817,0.50533,0.012835,0.55168,11.6628,6.1158,1.9641,467.018,2169.3796,4.366,0.047435,Heun
0,126.0944,0.6,-1.3727,0.045833,0.49292,0.48258,0.010348,0.57511,12.2738,5.8404,1.7476,467.018,1948.6659,4.3085,2.7356e-07,Heun
0,113.0584,0.6,-1.3636,0.045833,0.46509,0.45653,0.0085577,0.59936,12.9476,5.5252,1.555,467.018,1755.0961,4.2565,1.6957e-05,Heun
0,84.1383,0.6,-1.3545,0.045833,0.43394,0.42654,0.0074061,0.62415,13.7015,5.1622,1.3836,467.018,1586.9464,4.2096,7.6575e-06,Heun
0,101.4004,0.6,-1.3455,0.045833,0.40975,0.40332,0.0064262,0.64385,14.287,4.8813,1.2311,467.018,1427.3477,4.164,2.2561e-05,Heun
0,99.2144,0.6,-1.3364,0.045833,0.38929,0.38358,0.0057056,0.65996,14.7823,4.6423,1.0954,467.018,1281.9803,4.1212,9.3069e-06,Heun
0,140.3781,0.6,-1.3273,0.045833,0.36302,0.35793,0.0050916,0.67989,15.4182,4.3318,0.97471,467.018,1154.8874,4.0821,1.8621e-05,Heun
0,104.3888,0.6,-1.3182,0.045833,0.3363,0.33182,0.0044863,0.70133,16.0649,4.0158,0.86729,467.018,1037.967,4.0448,1.9436e-05,Heun
0,142.8912,0.6,-1.3091,0.045833,0.31425,0.31016,0.0040968,0.71699,16.5985,3.7537,0.7717,467.018,933.4172,4.0099,3.4602e-05,Heun
0,160.6706,0.6,-1.3,0.045833,0.28633,0.2827,0.0036302,0.73796,17.2743,3.4214,0.68665,467.018,839.7891,3.9772,2.5484e-06,Heun
1,0.53,0.6,-1.2909,0.045833,,,,,,,,,,,0,Heun
0,114.2742,0.6,-1.2818,0.045833,0.2428,0.23986,0.0029462,0.7699,18.328,2.9029,0.54364,467.018,676.1777,3.9161,7.011e-07,Heun
0,135.5889,0.6,-1.2727,0.045833,0.22391,0.22123,0.0026857,0.7834,18.7853,2.6774,0.48372,467.018,606.0366,3.8878,3.5541e-06,Heun
0,153.537,0.6,-1.2636,0.045833,0.20332,0.20091,0.0024082,0.79811,19.2836,2.4316,0.43041,467.018,543.3478,3.8609,2.6244e-07,Heun
0,139.9544,0.6,-1.2545,0.045833,0.18521,0.18304,0.0021775,0.81085,19.722,2.2152,0.38298,467.018,486.6832,3.8352,1.6664e-07,Heun
0,92.7373,0.6,-1.2455,0.045833,0.16806,0.1661,0.0019616,0.82284,20.1372,2.0102,0.34077,467.018,435.7204,3.8105,7.5248e-07,Heun
0,86.5782,0.6,-1.2364,0.045833,0.15256,0.15079,0.0017776,0.83355,20.5123,1.8249,0.30321,467.018,389.848,3.7868,2.7183e-07,Heun
0,49.4779,0.6,-1.2273,0.045833,0.13878,0.13716,0.0016172,0.84299,20.8459,1.66,0.26979,467.018,348.575,3.7639,1.9035e-06,Heun
0,56.8613,0.6,-1.2182,0.045833,0.12541,0.12394,0.001467,0.85211,21.1695,1.5,0.24006,467.018,311.602,3.7419,8.8435e-07,Heun
0,48.1813,0.6,-1.2091,0.045833,0.11333,0.112,0.0013345,0.86026,21.4618,1.3555,0.2136,467.018,278.4268,3.7206,1.6075e-06,Heun
0,49.8425,0.6,-1.2,0.045833,0.10198,0.10077,0.0012098,0.86789,21.7365,1.2196,0.19006,467.018,248.7054,3.6999,2.3934e-06,Heun
0,38.9015,0.6,-1.1909,0.045833,0.091981,0.090877,0.001104,0.87457,21.9787,1.0998,0.16911,467.018,222.0519,3.6798,8.412e-07,Heun
0,34.956,0.6,-1.1818,0.045833,0.082868,0.081863,0.0010048,0.88073,22.1993,0.99075,0.15048,467.018,198.1655,3.6603,3.8653e-07,Heun
0,37.9985,0.6,-1.1727,0.045833,0.074134,0.073221,0.0009134,0.88643,22.4107,0.88615,0.13389,467.018,176.8605,3.6412,2.7367e-07,Heun
0,31.9473,0.6,-1.1636,0.045833,0.066541,0.065707,0.00083365,0.89146,22.5945,0.79522,0.11914,467.018,157.7643,3.6225,3.4213e-06,Heun
0,1.0771,0.6,-1.1545,0.045833,0,0,0,12.5125,24.2051,0,0,467.018,10.7141,3.4467,3.9181e-05,Heun
0,23.1997,0.6,-1.1455,0.045833,0.053489,0.05279,0.00069956,0.90004,22.9104,0.63889,0.094322,467.018,125.4447,3.5863,1.1341e-05,Heun
0,25.1467,0.6,-1.1364,0.045833,0.047875,0.047233,0.00064223,0.9037,23.0463,0.57164,0.083927,467.018,111.8258,3.5686,2.9214e-05,Heun
0,24.5475,0.6,-1.1273,0.045833,0.042831,0.04224,0.00059132,0.907,23.1683,0.51121,0.074677,467.018,99.6654,3.5513,2.3244e-05,Heun
0,22.6917,0.6,-1.1182,0.045833,0.038347,0.0378,0.00054616,0.90993,23.2769,0.45748,0.066447,467.018,88.8093,3.5341,6.712e-05,Heun
0,23.9825,0.6,-1.1091,0.045833,0.034268,0.033762,0.00050555,0.91257,23.3756,0.40861,0.059124,467.018,79.127,3.5172,6.9342e-05,Heun
0,26.0238,0.6,-1.1,0.045833,0.030606,0.030137,0.00046899,0.91494,23.4642,0.36474,0.052608,467.018,70.4902,3.5005,7.375e-05,Heun
0,21.5417,0.6,-1.0909,0.045833,0.027354,0.026917,0.00043682,0.91705,23.543,0.32577,0.04681,467.018,62.7872,3.484,7.6316e-05,Heun
0,20.3436,0.6,-1.0818,0.045833,0.024428,0.02402,0.00040772,0.91894,23.6138,0.2907,0.041651,467.018,55.92,3.4676,8.116e-05,Heun
0,23.878,0.6,-1.0727,0.045833,0.021802,0.021421,0.00038143,0.92064,23.6774,0.25924,0.03706,467.018,49.799,3.4514,8.4675e-05,Heun
0,18.1193,0.6,-1.0636,0.045833,0.019464,0.019105,0.00035835,0.92214,23.734,0.23122,0.032976,467.018,44.3439,3.4353,8.8574e-05,Heun
0,14.5963,0.6,-1.0545,0.045833,0.01737,0.017033,0.00033744,0.92349,23.7846,0.20614,0.029342,467.018,39.4832,3.4193,8.9362e-05,Heun
0,17.285,0.6,-1.0455,0.045833,0.015505,0.015186,0.00031912,0.92469,23.8298,0.18379,0.026108,467.018,35.1527,3.4034,2.4298e-05,Heun
0,15.8212,0.6,-1.0364,0.045833,0.013837,0.013534,0.00030296,0.92577,23.8702,0.16379,0.02323,467.018,31.2952,3.3876,1.879e-05,Heun
0,7.5235,0.6,-1.0273,0.045833,0.012349,0.012061,0.00028795,0.92672,23.9062,0.14597,0.02067,467.018,27.8593,3.3718,2.554e-05,Heun
0,5.9931,0.6,-1.0182,0.045833,0.011019,0.010744,0.0002747,0.92758,23.9384,0.13003,0.018392,467.018,24.7995,3.3562,2.831e-05,Heun
0,5.3318,0.6,-1.0091,0.045833,0.0098337,0.0095705,0.00026319,0.92834,23.967,0.11583,0.016365,467.018,22.0746,3.3406,1.832e-05,Heun
0,5.0018,0.6,-1,0.045833,0.0087781,0.0085252,0.00025296,0.92901,23.9926,0.10318,0.014561,467.018,19.6484,3.325,2.0196e-05,Heun
0,4.137,0.6,-0.99091,0.045833,0.0078356,0.0075923,0.00024334,0.92962,24.0154,0.091886,0.012957,467.018,17.4881,3.3095,2.2417e-05,Heun
0,8.8712,0.6,-0.98182,0.045833,0.0069962,0.0067605,0.00023569,0.93015,24.0357,0.08182,0.011529,467.018,15.5649,3.2941,4.7788e-05,Heun
0,3.3133,0.6,-0.97273,0.045833,0.0062487,0.0060202,0.00022846,0.93063,24.0538,0.07286,0.010258,467.018,13.8528,3.2787,4.3455e-05,Heun
0,3.2887,0.6,-0.96364,0.045833,0.0055829,0.0053602,0.00022277,0.93106,24.0699,0.064872,0.0091275,467.018,12.3287,3.2633,4.8719e-05,Heun
0,3.1119,0.6,-0.95455,0.045833,0.0049895,0.0047723,0.00021724,0.93144,24.0843,0.057757,0.0081215,467.018,10.972,3.2479,4.913e-05,Heun
0,3.1987,0.6,-0.94545,0.045833,0.0044609,0.0042485,0.0002124,0.93178,24.0971,0.051418,0.0072264,467.018,9.7644,3.2326,7.1609e-05,Heun
0,3.2264,0.6,-0.93636,0.045833,0.0039896,0.0037819,0.00020771,0.93208,24.1085,0.045771,0.00643,467.018,8.6895,3.2173,7.1455e-05,Heun
0,3.0035,0.6,-0.92727,0.045833,0.0035703,0.0033667,0.00020361,0.93235,24.1187,0.040746,0.0057213,467.018,7.7329,3.2021,6.8047e-05,Heun
0,3.0778,0.6,-0.91818,0.045833,0.0031969,0.0029967,0.00020014,0.93259,24.1277,0.036268,0.0050908,467.018,6.8814,3.1868,7.9257e-05,Heun
0,3.9297,0.6,-0.90909,0.045833,0.0028641,0.0026673,0.00019688,0.9328,24.1357,0.032281,0.0045297,467.018,6.1237,3.1716,7.2518e-05,Heun
0,3.0248,0.6,-0.9,0.045833,0.0025681,0.0023742,0.00019393,0.93299,24.1429,0.028734,0.0040305,467.018,5.4493,3.1564,3.0814e-05,Heun
0,3.2498,0.6,-0.89091,0.045833,0.0023045,0.002113,0.00019143,0.93316,24.1493,0.025573,0.0035863,467.018,4.8491,3.1412,3.4117e-05,Heun
0,3.268,0.6,-0.88182,0.045833,0.00207,0.0018807,0.00018936,0.93331,24.155,0.022761,0.003191,467.018,4.315,3.126,2.4598e-05,Heun
0,3.317,0.6,-0.87273,0.045833,0.0018613,0.0016739,0.00018742,0.93344,24.16,0.020258,0.0028394,467.018,3.8397,3.1108,2.4725e-05,Heun
0,2.9924,0.6,-0.86364,0.045833,0.0016753,0.0014896,0.00018566,0.93356,24.1645,0.018028,0.0025264,467.018,3.4167,3.0956,2.491e-05,Heun
0,2.8759,0.6,-0.85455,0.045833,0.0015097,0.0013257,0.00018398,0.93366,24.1685,0.016044,0.002248,467.018,3.0403,3.0805,2.5128e-05,Heun
0,3.3873,0.6,-0.84545,0.045833,0.0013626,0.0011798,0.0001828,0.93376,24.1721,0.014278,0.0020002,467.018,2.7054,3.0653,3.2971e-05,Heun
0,3.2354,0.6,-0.83636,0.045833,0.0012313,0.0010499,0.00018138,0.93384,24.1753,0.012707,0.0017798,467.018,2.4073,3.0502,4.0625e-05,Heun
0,2.4955,0.6,-0.82727,0.045833,0.0011145,0.00093432,0.00018014,0.93392,24.1781,0.011308,0.0015836,467.018,2.1421,3.035,4.6139e-05,Heun
0,2.8038,0.6,-0.81818,0.045833,0.0010109,0.00083145,0.00017943,0.93398,24.1806,0.010063,0.0014091,467.018,1.9061,3.0199,2.7316e-05,Heun
0,2.1471,0.6,-0.80909,0.045833,0.00091827,0.0007399,0.00017838,0.93404,24.1828,0.0089546,0.0012538,467.018,1.696,3.0048,2.3317e-05,Heun
0,2.1647,0.6,-0.8,0.045833,0.00083603,0.00065841,0.00017762,0.93409,24.1848,0.0079684,0.0011156,467.018,1.5092,2.9896,4.7948e-05,Heun
0,2.1791,0.6,-0.79091,0.045833,0.00076281,0.00058589,0.00017692,0.93414,24.1866,0.0070908,0.00099266,467.018,1.3429,2.9745,4.8496e-05,Heun
0,2.7472,0.6,-0.78182,0.045833,0.00069764,0.00052137,0.00017627,0.93418,24.1882,0.0063099,0.00088326,467.018,1.1949,2.9594,4.9006e-05,Heun
0,2.0501,0.6,-0.77273,0.045833,0.00063957,0.0004639,0.00017567,0.93422,24.1896,0.0056144,0.00078591,467.018,1.0632,2.9443,5.6383e-05,Heun
0,1.8316,0.6,-0.76364,0.045833,0.00058786,0.0004128,0.00017506,0.93425,24.1908,0.0049959,0.0006993,467.018,0.94605,2.9292,2.4501e-05,Heun
0,2.2567,0.6,-0.75455,0.045833,0.00054188,0.00036733,0.00017455,0.93428,24.192,0.0044456,0.00062223,467.018,0.8418,2.914,3.4795e-05,Heun
0,2.4926,0.6,-0.74545,0.045833,0.00050111,0.00032686,0.00017424,0.93431,24.1929,0.0039558,0.00055365,467.018,0.74903,2.8989,2.4002e-05,Heun
0,2.5544,0.6,-0.73636,0.045833,0.00046464,0.00029085,0.00017379,0.93433,24.1938,0.00352,0.00049263,467.018,0.66649,2.8838,1.4181e-05,Heun
0,2.0839,0.6,-0.72727,0.045833,0.00043219,0.0002588,0.00017339,0.93435,24.1946,0.0031322,0.00043834,467.018,0.59304,2.8687,4.1135e-05,Heun
0,3.2535,0.6,-0.71818,0.045833,0.00040377,0.00023029,0.00017348,0.93437,24.1953,0.002787,0.00039003,467.018,0.52769,2.8536,3.9168e-05,Heun
0,2.4043,0.6,-0.70909,0.045833,0.00037827,0.00020491,0.00017335,0.93439,24.1959,0.00248,0.00034704,467.018,0.46953,2.8385,4.327e-05,Heun
0,3.1637,0.6,-0.7,0.045833,0.00035529,0.00018233,0.00017296,0.9344,24.1965,0.0022067,0.00030879,467.018,0.41779,2.8234,5.5216e-05,Heun
0,2.3722,0.6,-0.69091,0.045833,0.00033504,0.00016225,0.00017279,0.93441,24.197,0.0019637,0.00027476,467.018,0.37174,2.8083,2.5295e-05,Heun
0,2.5142,0.6,-0.68182,0.045833,0.00031696,0.00014436,0.00017259,0.93443,24.1974,0.0017472,0.00024448,467.018,0.33078,2.7932,6.409e-05,Heun
0,2.4017,0.6,-0.67273,0.045833,0.00030081,0.00012846,0.00017236,0.93444,24.1978,0.0015546,0.00021754,467.018,0.29432,2.7781,7.0634e-05,Heun
0,2.7064,0.6,-0.66364,0.045833,0.00028687,0.0001143,0.00017257,0.93445,24.1981,0.0013833,0.00019356,467.018,0.26189,2.763,6.9866e-05,Heun
0,2.5356,0.6,-0.65455,0.045833,0.00027373,0.00010171,0.00017202,0.93445,24.1984,0.0012309,0.00017223,467.018,0.23302,2.7479,6.4465e-05,Heun
0,2.4016,0.6,-0.64545,0.045833,0.00026274,9.0499e-05,0.00017224,0.93446,24.1987,0.0010953,0.00015325,467.018,0.20734,2.7328,6.4188e-05,Heun
0,3.0163,0.6,-0.63636,0.045833,0.00025243,8.0524e-05,0.0001719,0.93447,24.199,0.00097454,0.00013636,467.018,0.18449,2.7177,6.4028e-05,Heun
0,2.7889,0.6,-0.62727,0.045833,0.00024348,7.1651e-05,0.00017183,0.93447,24.1992,0.00086716,0.00012133,467.018,0.16416,2.7026,6.4933e-05,Heun
0,3.2104,0.6,-0.61818,0.045833,0.00023568,6.3755e-05,0.00017192,0.93448,24.1994,0.00077159,0.00010796,467.018,0.14607,2.6876,7.1791e-05,Heun
0,2.4647,0.6,-0.60909,0.045833,0.00022829,5.6728e-05,0.00017156,0.93448,24.1995,0.00068656,9.6059e-05,467.018,0.12997,2.6725,7.1627e-05,Heun
0,2.0932,0.6,-0.6,0.045833,0.00022165,5.0477e-05,0.00017117,0.93449,24.1997,0.0006109,8.5472e-05,467.018,0.11565,2.6574,6.3663e-05,Heun
0,2.0682,0.6,-0.59091,0.045833,0.00021579,4.4914e-05,0.00017088,0.93449,24.1999,0.00054357,7.6052e-05,467.018,0.1029,2.6423,6.3605e-05,Heun
0,2.0827,0.6,-0.58182,0.045833,0.00021142,3.9964e-05,0.00017145,0.93449,24.2,0.00048367,6.767e-05,467.018,0.09156,2.6272,8.4907e-05,Heun
0,2.2214,0.6,-0.57273,0.045833,0.00020706,3.556e-05,0.0001715,0.9345,24.2001,0.00043036,6.0212e-05,467.018,0.081469,2.6121,6.3515e-05,Heun
0,2.2573,0.6,-0.56364,0.045833,0.00020315,3.1641e-05,0.00017151,0.9345,24.2002,0.00038294,5.3576e-05,467.018,0.07249,2.597,9.5436e-05,Heun
0,5.4662,0.6,-0.55455,0.045833,0.00019958,2.8153e-05,0.00017143,0.9345,24.2002,0.00034072,4.7672e-05,467.018,0.064501,2.5819,6.3448e-05,Heun
0,2.0137,0.6,-0.54545,0.045833,0.00019633,2.5051e-05,0.00017128,0.9345,24.2003,0.00030318,4.2418e-05,467.018,0.057392,2.5668,6.3422e-05,Heun
0,2.1878,0.6,-0.53636,0.045833,0.00019365,2.2291e-05,0.00017136,0.93451,24.2004,0.00026977,3.7743e-05,467.018,0.051067,2.5517,6.3398e-05,Heun
0,1.9759,0.6,-0.52727,0.045833,0.0001911,1.9833e-05,0.00017127,0.93451,24.2004,0.00024004,3.3583e-05,467.018,0.045439,2.5366,6.3378e-05,Heun
0,2.4258,0.6,-0.51818,0.045833,0.00018898,1.7648e-05,0.00017133,0.93451,24.2005,0.00021358,2.9882e-05,467.018,0.040431,2.5215,6.7146e-05,Heun
0,2.2094,0.6,-0.50909,0.045833,0.00018673,1.5703e-05,0.00017103,0.93451,24.2006,0.00019005,2.6589e-05,467.018,0.035975,2.5064,6.3345e-05,Heun
0,2.3292,0.6,-0.5,0.045833,0.00018499,1.3972e-05,0.00017102,0.93451,24.2006,0.0001691,2.3658e-05,467.018,0.03201,2.4914,6.3332e-05,Heun
