Error,time,CO2share,E_appl,v,X_tot,X_het,X_hom,FE,CO2_out,CO_out,H2_out,delP,CD,Vcell,maxRes,Solver
0,18.546,0.2,-0.95,0.045833,0.0046392,0.0045033,0.00013591,0.8238,8.0309,0.018167,0.0076609,467.018,3.902,3.1889,2.9544e-05,Heun
0,3.6772,0.20808,-0.95,0.045833,0.0046433,0.0045036,0.0001397,0.82939,8.3554,0.018903,0.0076609,467.018,4.0323,3.1906,2.5824e-05,Heun
0,3.3206,0.21616,-0.95,0.045833,0.004646,0.0045031,0.00014288,0.83463,8.6798,0.019634,0.0076609,467.018,4.1626,3.1923,4.0544e-05,Heun
0,3.0257,0.22424,-0.95,0.045833,0.0046487,0.0045027,0.00014598,0.83956,9.0043,0.020367,0.0076609,467.018,4.2929,3.1939,2.5854e-05,Heun
0,3.3924,0.23232,-0.95,0.045833,0.0046519,0.0045034,0.00014852,0.84419,9.3287,0.021104,0.0076609,467.018,4.4231,3.1954,2.6314e-05,Heun
0,3.1679,0.2404,-0.95,0.045833,0.0046538,0.004503,0.00015087,0.84856,9.6532,0.021836,0.0076609,467.018,4.5534,3.197,8.0877e-05,Heun
0,3.253,0.24848,-0.95,0.045833,0.004657,0.0045033,0.00015379,0.85268,9.9776,0.022571,0.0076609,467.018,4.6837,3.1984,2.538e-05,Heun
0,2.9364,0.25657,-0.95,0.045833,0.0046592,0.0045033,0.00015585,0.85659,10.3021,0.023305,0.0076609,467.018,4.814,3.1999,4.1643e-05,Heun
0,3.23,0.26465,-0.95,0.045833,0.0046619,0.0045032,0.00015865,0.86028,10.6265,0.024039,0.0076609,467.018,4.9442,3.2013,4.156e-05,Heun
0,3.0583,0.27273,-0.95,0.045833,0.004664,0.004503,0.00016102,0.86379,10.951,0.024772,0.0076609,467.018,5.0745,3.2026,4.15e-05,Heun
0,3.3083,0.28081,-0.95,0.045833,0.0046667,0.0045035,0.00016324,0.86712,11.2754,0.025508,0.0076609,467.018,5.2048,3.204,5.3486e-05,Heun
0,2.8434,0.28889,-0.95,0.045833,0.0046683,0.0045032,0.00016511,0.87029,11.5999,0.026241,0.0076609,467.018,5.3351,3.2053,5.1081e-05,Heun
0,3.1698,0.29697,-0.95,0.045833,0.0046707,0.0045036,0.00016702,0.8733,11.9243,0.026977,0.0076609,467.018,5.4653,3.2065,4.899e-05,Heun
0,3.263,0.30505,-0.95,0.045833,0.0046715,0.0045026,0.00016894,0.87618,12.2488,0.027705,0.0076609,467.018,5.5956,3.2078,4.7137e-05,Heun
0,3.0124,0.31313,-0.95,0.045833,0.0046741,0.0045034,0.00017071,0.87893,12.5732,0.028444,0.0076609,467.018,5.7259,3.209,4.5499e-05,Heun
0,2.8204,0.32121,-0.95,0.045833,0.0046755,0.0045034,0.0001721,0.88155,12.8977,0.029178,0.0076609,467.018,5.8562,3.2101,4.4042e-05,Heun
0,2.8235,0.32929,-0.95,0.045833,0.0046769,0.0045032,0.00017368,0.88406,13.2221,0.029911,0.0076609,467.018,5.9864,3.2113,4.2743e-05,Heun
0,3.6048,0.33737,-0.95,0.045833,0.0046776,0.0045023,0.00017531,0.88646,13.5466,0.030639,0.0076609,467.018,6.1167,3.2124,4.1593e-05,Heun
0,2.8964,0.34545,-0.95,0.045833,0.0046801,0.0045032,0.00017685,0.88877,13.871,0.031379,0.0076609,467.018,6.247,3.2135,5.076e-05,Heun
0,3.4068,0.35354,-0.95,0.045833,0.0046815,0.0045029,0.00017862,0.89097,14.1955,0.03211,0.0076609,467.018,6.3773,3.2146,4.0924e-05,Heun
0,2.954,0.36162,-0.95,0.045833,0.0046834,0.0045033,0.00018004,0.89309,14.5199,0.032848,0.0076609,467.018,6.5075,3.2157,4.0887e-05,Heun
0,3.6011,0.3697,-0.95,0.045833,0.0046839,0.0045026,0.00018131,0.89513,14.8444,0.033576,0.0076609,467.018,6.6378,3.2167,4.0842e-05,Heun
0,2.7229,0.37778,-0.95,0.045833,0.0046851,0.0045029,0.00018222,0.89709,15.1688,0.034313,0.0076609,467.018,6.7681,3.2178,4.0798e-05,Heun
0,3.0294,0.38586,-0.95,0.045833,0.0046872,0.0045033,0.0001839,0.89897,15.4933,0.035049,0.0076609,467.018,6.8984,3.2188,4.0755e-05,Heun
0,3.0943,0.39394,-0.95,0.045833,0.0046889,0.0045036,0.00018526,0.90079,15.8177,0.035786,0.0076609,467.018,7.0286,3.2197,3.6282e-05,Heun
0,3.1841,0.40202,-0.95,0.045833,0.0046894,0.0045034,0.00018602,0.90253,16.1422,0.036519,0.0076609,467.018,7.1589,3.2207,4.3337e-05,Heun
0,3.0706,0.4101,-0.95,0.045833,0.0046897,0.0045022,0.00018745,0.90422,16.4666,0.037243,0.0076609,467.018,7.2892,3.2217,5.0331e-05,Heun
0,3.1943,0.41818,-0.95,0.045833,0.0046919,0.0045031,0.00018883,0.90585,16.7911,0.037984,0.0076609,467.018,7.4194,3.2226,4.0583e-05,Heun
0,3.2494,0.42626,-0.95,0.045833,0.0046952,0.0045056,0.00018956,0.90742,17.1155,0.03874,0.0076609,467.018,7.5497,3.2235,2.5889e-05,Heun
0,3.2399,0.43434,-0.95,0.045833,0.0046943,0.0045032,0.00019108,0.90893,17.4399,0.039453,0.0076609,467.018,7.68,3.2244,5.0188e-05,Heun
0,3.0484,0.44242,-0.95,0.045833,0.0046951,0.0045032,0.00019189,0.9104,17.7644,0.040187,0.0076609,467.018,7.8103,3.2253,5.0142e-05,Heun
0,3.0385,0.45051,-0.95,0.045833,0.0046956,0.0045028,0.00019277,0.91182,18.0888,0.040917,0.0076609,467.018,7.9405,3.2262,5.0096e-05,Heun
0,2.9976,0.45859,-0.95,0.045833,0.0046973,0.0045026,0.0001947,0.91319,18.4133,0.041649,0.0076609,467.018,8.0708,3.2271,2.638e-05,Heun
0,3.5265,0.46667,-0.95,0.045833,0.004703,0.0045064,0.00019663,0.91452,18.7376,0.042419,0.0076609,467.018,8.2011,3.2279,5.0006e-05,Heun
0,2.8463,0.47475,-0.95,0.045833,0.0047009,0.0045035,0.00019735,0.91581,19.0621,0.043126,0.0076609,467.018,8.3314,3.2287,5.5084e-05,Heun
0,3.6667,0.48283,-0.95,0.045833,0.0047026,0.0045031,0.00019946,0.91705,19.3866,0.043856,0.0076609,467.018,8.4616,3.2296,4.9918e-05,Heun
0,5.0301,0.49091,-0.95,0.045833,0.0047039,0.0045041,0.00019985,0.91826,19.711,0.0446,0.0076609,467.018,8.5919,3.2304,4.9875e-05,Heun
0,3.3316,0.49899,-0.95,0.045833,0.0047041,0.0045031,0.00020105,0.91944,20.0355,0.045324,0.0076609,467.018,8.7222,3.2312,4.9832e-05,Heun
0,3.3319,0.50707,-0.95,0.045833,0.0047053,0.0045031,0.00020226,0.92058,20.3599,0.046058,0.0076609,467.018,8.8525,3.232,4.979e-05,Heun
0,3.2549,0.51515,-0.95,0.045833,0.0047107,0.0045072,0.00020349,0.92168,20.6842,0.046835,0.0076609,467.018,8.9827,3.2327,5.0553e-05,Heun
0,3.473,0.52323,-0.95,0.045833,0.004708,0.0045031,0.00020494,0.92276,21.0088,0.047526,0.0076609,467.018,9.113,3.2335,4.9706e-05,Heun
0,3.3837,0.53131,-0.95,0.045833,0.0047093,0.0045034,0.00020586,0.9238,21.3332,0.048263,0.0076609,467.018,9.2433,3.2343,4.0085e-05,Heun
0,3.3359,0.53939,-0.95,0.045833,0.0047105,0.0045033,0.00020718,0.92482,21.6576,0.048996,0.0076609,467.018,9.3735,3.235,4.9623e-05,Heun
0,3.3678,0.54747,-0.95,0.045833,0.0047117,0.0045034,0.00020823,0.9258,21.982,0.049732,0.0076609,467.018,9.5038,3.2357,4.9583e-05,Heun
0,3.982,0.55556,-0.95,0.045833,0.0047126,0.0045032,0.00020938,0.92676,22.3065,0.050464,0.0076609,467.018,9.6341,3.2365,4.9542e-05,Heun
0,3.3596,0.56364,-0.95,0.045833,0.0047141,0.0045036,0.00021047,0.9277,22.6309,0.051202,0.0076609,467.018,9.7644,3.2372,8.8901e-05,Heun
0,3.2783,0.57172,-0.95,0.045833,0.0047143,0.0045029,0.00021147,0.92861,22.9554,0.051927,0.0076609,467.018,9.8946,3.2379,3.0248e-05,Heun
0,3.4008,0.5798,-0.95,0.045833,0.0047159,0.0045033,0.00021256,0.92949,23.2798,0.052667,0.0076609,467.018,10.0249,3.2386,8.9428e-05,Heun
0,3.6287,0.58788,-0.95,0.045833,0.0047168,0.0045031,0.00021365,0.93036,23.6042,0.053399,0.0076609,467.018,10.1552,3.2393,3.0181e-05,Heun
0,3.4009,0.59596,-0.95,0.045833,0.0047179,0.0045034,0.00021449,0.9312,23.9286,0.054136,0.0076609,467.018,10.2855,3.2399,6.6935e-05,Heun
0,3.0494,0.60404,-0.95,0.045833,0.0047177,0.0045025,0.00021515,0.93202,24.2531,0.054859,0.0076609,467.018,10.4157,3.2406,7.617e-05,Heun
0,3.4674,0.61212,-0.95,0.045833,0.0047189,0.0045027,0.00021626,0.93282,24.5775,0.055595,0.0076609,467.018,10.546,3.2413,7.0893e-05,Heun
0,3.0055,0.6202,-0.95,0.045833,0.0047198,0.0045033,0.00021655,0.9336,24.902,0.056336,0.0076609,467.018,10.6763,3.2419,7.9496e-05,Heun
0,3.6074,0.62828,-0.95,0.045833,0.004721,0.0045031,0.00021794,0.93437,25.2264,0.057068,0.0076609,467.018,10.8065,3.2426,7.819e-05,Heun
0,4.1258,0.63636,-0.95,0.045833,0.0047214,0.0045027,0.00021876,0.93511,25.5508,0.057797,0.0076609,467.018,10.9368,3.2432,7.8964e-05,Heun
0,3.3493,0.64444,-0.95,0.045833,0.004723,0.0045036,0.00021941,0.93584,25.8753,0.058542,0.0076609,467.018,11.0671,3.2439,8.5591e-05,Heun
0,3.3615,0.65253,-0.95,0.045833,0.0047225,0.0045025,0.00022006,0.93655,26.1997,0.059262,0.0076609,467.018,11.1974,3.2445,8.5565e-05,Heun
0,3.4878,0.66061,-0.95,0.045833,0.00473,0.0045089,0.00022112,0.93724,26.524,0.060081,0.0076609,467.018,11.3276,3.2451,8.6824e-05,Heun
0,3.527,0.66869,-0.95,0.045833,0.0047245,0.0045026,0.00022184,0.93792,26.8486,0.060731,0.0076609,467.018,11.4579,3.2457,8.8037e-05,Heun
0,3.3676,0.67677,-0.95,0.045833,0.0047263,0.0045038,0.0002225,0.93858,27.173,0.061482,0.0076609,467.018,11.5882,3.2463,9.4499e-05,Heun
0,3.352,0.68485,-0.95,0.045833,0.004726,0.0045024,0.00022351,0.93923,27.4974,0.062197,0.0076609,467.018,11.7185,3.2469,2.2385e-05,Heun
0,3.5258,0.69293,-0.95,0.045833,0.0047267,0.0045023,0.00022431,0.93986,27.8219,0.062929,0.0076609,467.018,11.8487,3.2475,2.294e-05,Heun
0,3.5886,0.70101,-0.95,0.045833,0.004727,0.004502,0.00022508,0.94048,28.1463,0.063658,0.0076609,467.018,11.979,3.2481,2.1237e-05,Heun
0,3.3538,0.70909,-0.95,0.045833,0.0047279,0.0045022,0.00022576,0.94109,28.4707,0.064395,0.0076609,467.018,12.1093,3.2487,4.8801e-05,Heun
0,4.0295,0.71717,-0.95,0.045833,0.0047293,0.0045027,0.00022651,0.94168,28.7952,0.065137,0.0076609,467.018,12.2395,3.2493,2.9638e-05,Heun
0,4.0267,0.72525,-0.95,0.045833,0.0047303,0.0045029,0.00022733,0.94226,29.1196,0.065873,0.0076609,467.018,12.3698,3.2498,4.8728e-05,Heun
0,3.587,0.73333,-0.95,0.045833,0.0047305,0.0045025,0.00022807,0.94283,29.444,0.0666,0.0076609,467.018,12.5001,3.2504,2.2085e-05,Heun
0,4.3639,0.74141,-0.95,0.045833,0.0047314,0.0045025,0.00022894,0.94338,29.7685,0.067335,0.0076609,467.018,12.6304,3.251,5.0347e-05,Heun
0,3.4765,0.74949,-0.95,0.045833,0.004732,0.0045023,0.00022967,0.94393,30.0929,0.068066,0.0076609,467.018,12.7606,3.2515,5.0315e-05,Heun
0,3.8887,0.75758,-0.95,0.045833,0.0047325,0.0045021,0.00023038,0.94447,30.4173,0.068796,0.0076609,467.018,12.8909,3.2521,2.4181e-05,Heun
0,4.8013,0.76566,-0.95,0.045833,0.0047344,0.0045032,0.00023113,0.94499,30.7417,0.069548,0.0076609,467.018,13.0212,3.2526,2.4208e-05,Heun
0,3.9015,0.77374,-0.95,0.045833,0.0047343,0.0045025,0.00023186,0.9455,31.0662,0.07027,0.0076609,467.018,13.1515,3.2531,4.8509e-05,Heun
0,3.6624,0.78182,-0.95,0.045833,0.0047348,0.0045022,0.00023256,0.94601,31.3906,0.070999,0.0076609,467.018,13.2817,3.2537,4.8473e-05,Heun
0,3.7836,0.79798,-0.95,0.045833,0.0047361,0.0045019,0.00023422,0.94698,32.0395,0.072463,0.0076609,467.018,13.5423,3.2547,3.1152e-05,Heun
0,3.9205,0.80606,-0.95,0.045833,0.0047378,0.004503,0.00023483,0.94746,32.3639,0.073214,0.0076609,467.018,13.6725,3.2552,3.1132e-05,Heun
0,3.9061,0.81414,-0.95,0.045833,0.0047372,0.004502,0.00023521,0.94792,32.6883,0.073932,0.0076609,467.018,13.8028,3.2557,3.1111e-05,Heun
0,4.0457,0.82222,-0.95,0.045833,0.0047397,0.0045034,0.00023628,0.94838,33.0127,0.074689,0.0076609,467.018,13.9331,3.2562,3.1093e-05,Heun
0,3.45,0.8303,-0.95,0.045833,0.0047394,0.0045026,0.00023683,0.94883,33.3372,0.075409,0.0076609,467.018,14.0634,3.2568,3.1074e-05,Heun
0,3.5202,0.83838,-0.95,0.045833,0.00474,0.0045023,0.00023764,0.94927,33.6616,0.076138,0.0076609,467.018,14.1936,3.2573,4.2484e-05,Heun
0,3.5678,0.84646,-0.95,0.045833,0.0047421,0.0045038,0.00023835,0.9497,33.986,0.076898,0.0076609,467.018,14.3239,3.2577,4.2456e-05,Heun
0,3.3991,0.85455,-0.95,0.045833,0.004741,0.004502,0.00023895,0.95013,34.3105,0.077601,0.0076609,467.018,14.4542,3.2582,3.0208e-05,Heun
0,3.6114,0.86263,-0.95,0.045833,0.0047421,0.0045024,0.00023975,0.95054,34.6349,0.078341,0.0076609,467.018,14.5844,3.2587,4.2402e-05,Heun
0,22.2879,0.87071,-0.95,0.045833,0.0047432,0.0045029,0.00024033,0.95095,34.9593,0.079083,0.0076609,467.018,14.7147,3.2592,2.2589e-05,Heun
0,3.6702,0.87879,-0.95,0.045833,0.0047434,0.0045024,0.00024104,0.95136,35.2837,0.079809,0.0076609,467.018,14.845,3.2597,4.8045e-05,Heun
0,4.3719,0.88687,-0.95,0.045833,0.0047434,0.0045018,0.00024164,0.95175,35.6082,0.080532,0.0076609,467.018,14.9753,3.2602,4.801e-05,Heun
0,3.5651,0.89495,-0.95,0.045833,0.0047449,0.0045025,0.0002424,0.95214,35.9326,0.081279,0.0076609,467.018,15.1055,3.2606,2.6195e-05,Heun
0,3.5794,0.90303,-0.95,0.045833,0.0047453,0.0045023,0.00024308,0.95252,36.257,0.082009,0.0076609,467.018,15.2358,3.2611,2.6242e-05,Heun
0,3.7222,0.91111,-0.95,0.045833,0.0047461,0.0045023,0.00024386,0.9529,36.5814,0.082743,0.0076609,467.018,15.3661,3.2616,2.2925e-05,Heun
0,3.6942,0.91919,-0.95,0.045833,0.0047465,0.0045021,0.00024446,0.95327,36.9058,0.083473,0.0076609,467.018,15.4963,3.262,2.135e-05,Heun
0,4.038,0.92727,-0.95,0.045833,0.0047475,0.0045022,0.00024538,0.95363,37.2302,0.084208,0.0076609,467.018,15.6266,3.2625,4.7837e-05,Heun
0,3.6152,0.93535,-0.95,0.045833,0.0047598,0.0045139,0.00024588,0.95399,37.5542,0.085164,0.0076609,467.018,15.7567,3.2629,2.1747e-05,Heun
0,3.9223,0.94343,-0.95,0.045833,0.0047489,0.0045022,0.00024668,0.95434,37.8791,0.085676,0.0076609,467.018,15.8872,3.2634,2.2511e-05,Heun
0,4.2233,0.95152,-0.95,0.045833,0.0047488,0.0045018,0.00024703,0.95468,38.2035,0.086402,0.0076609,467.018,16.0174,3.2638,2.1546e-05,Heun
0,4.242,0.9596,-0.95,0.045833,0.00475,0.004502,0.00024801,0.95502,38.5279,0.08714,0.0076609,467.018,16.1477,3.2643,2.2309e-05,Heun
0,4.2933,0.96768,-0.95,0.045833,0.0047508,0.0045021,0.00024873,0.95536,38.8524,0.087876,0.0076609,467.018,16.278,3.2647,4.7664e-05,Heun
0,4.7974,0.97576,-0.95,0.045833,0.0047512,0.0045019,0.00024932,0.95569,39.1768,0.088605,0.0076609,467.018,16.4082,3.2651,2.3206e-05,Heun
0,3.8069,0.98384,-0.95,0.045833,0.0047521,0.0045022,0.00024986,0.95601,39.5012,0.089346,0.0076609,467.018,16.5385,3.2656,2.1157e-05,Heun
0,3.953,0.99192,-0.95,0.045833,0.0047537,0.0045031,0.00025053,0.95633,39.8256,0.090098,0.0076609,467.018,16.6688,3.266,3.8427e-05,Heun
0,3.5297,1,-0.95,0.045833,0.0047529,0.0045018,0.00025106,0.95664,40.1501,0.090805,0.0076609,467.018,16.7991,3.2664,3.84e-05,Heun
