Error,time,CO2share,E_appl,v,X_tot,X_het,X_hom,FE,CO2_out,CO_out,H2_out,delP,CD,Vcell,maxRes,Solver
0,3.9274,0.6,-0.95,0.0083333,0.025647,0.024505,0.0011424,0.91816,23.5843,0.29657,0.042135,467.018,10.2814,3.2399,5.0197e-05,Heun
0,3.4713,0.6,-0.95,0.0090909,0.023535,0.022486,0.0010488,0.91952,23.6354,0.27214,0.038624,467.018,10.2885,3.24,4.2907e-05,Heun
0,3.2413,0.6,-0.95,0.0098485,0.021744,0.020776,0.00096836,0.92068,23.6788,0.25144,0.035653,467.018,10.2944,3.24,4.5293e-05,Heun
0,3.2737,0.6,-0.95,0.010606,0.020207,0.019308,0.00089926,0.92167,23.716,0.23367,0.033106,467.018,10.2995,3.24,4.8233e-05,Heun
0,3.2227,0.6,-0.95,0.011364,0.018873,0.018033,0.00084019,0.92253,23.7483,0.21824,0.030899,467.018,10.3039,3.24,5.1824e-05,Heun
0,3.2107,0.6,-0.95,0.012121,0.017703,0.016914,0.00078883,0.92328,23.7766,0.20471,0.028968,467.018,10.3077,3.2401,5.5986e-05,Heun
0,3.1633,0.6,-0.95,0.012879,0.016672,0.015929,0.00074292,0.92394,23.8015,0.19278,0.027264,467.018,10.3112,3.2401,6.0672e-05,Heun
0,3.2136,0.6,-0.95,0.013636,0.015752,0.015051,0.0007015,0.92454,23.8238,0.18215,0.025749,467.018,10.3142,3.2401,6.5895e-05,Heun
0,3.0245,0.6,-0.95,0.014394,0.014929,0.014264,0.00066492,0.92507,23.8437,0.17263,0.024394,467.018,10.3169,3.2401,7.1666e-05,Heun
0,3.1719,0.6,-0.95,0.015152,0.014189,0.013556,0.00063267,0.92554,23.8616,0.16406,0.023174,467.018,10.3194,3.2401,7.8008e-05,Heun
0,3.0854,0.6,-0.95,0.015909,0.013517,0.012915,0.00060238,0.92597,23.8779,0.1563,0.022071,467.018,10.3216,3.2401,8.4997e-05,Heun
0,3.1551,0.6,-0.95,0.016667,0.012907,0.012332,0.00057528,0.92636,23.8927,0.14924,0.021068,467.018,10.3236,3.2401,9.2684e-05,Heun
0,3.3045,0.6,-0.95,0.017424,0.01235,0.011798,0.00055146,0.92672,23.9061,0.14279,0.020152,467.018,10.3254,3.2402,3.9827e-05,Heun
0,3.2004,0.6,-0.95,0.018182,0.011839,0.011311,0.00052856,0.92705,23.9185,0.13689,0.019312,467.018,10.3271,3.2402,3.9826e-05,Heun
0,3.1751,0.6,-0.95,0.018939,0.011368,0.01086,0.00050749,0.92735,23.9299,0.13144,0.018539,467.018,10.3287,3.2402,3.9825e-05,Heun
0,3.1858,0.6,-0.95,0.019697,0.010934,0.010445,0.00048843,0.92763,23.9404,0.12642,0.017826,467.018,10.3301,3.2402,3.9824e-05,Heun
0,3.2012,0.6,-0.95,0.020455,0.010531,0.010061,0.00047054,0.92789,23.9502,0.12176,0.017166,467.018,10.3314,3.2402,3.9823e-05,Heun
0,3.2194,0.6,-0.95,0.021212,0.010156,0.0097024,0.00045389,0.92813,23.9592,0.11742,0.016553,467.018,10.3327,3.2402,3.9822e-05,Heun
0,3.7429,0.6,-0.95,0.02197,0.0098115,0.0093705,0.00044103,0.92835,23.9676,0.11341,0.015982,467.018,10.3338,3.2402,3.9821e-05,Heun
0,3.7713,0.6,-0.95,0.022727,0.0094861,0.0090597,0.00042636,0.92856,23.9755,0.10965,0.01545,467.018,10.3349,3.2402,3.9821e-05,Heun
0,3.7286,0.6,-0.95,0.023485,0.0091815,0.0087688,0.00041266,0.92876,23.9828,0.10612,0.014951,467.018,10.3359,3.2402,3.982e-05,Heun
0,3.8469,0.6,-0.95,0.024242,0.0088963,0.0084961,0.00040017,0.92894,23.9897,0.10282,0.014484,467.018,10.3368,3.2402,3.9819e-05,Heun
0,3.8586,0.6,-0.95,0.025,0.0086279,0.0082396,0.00038829,0.92911,23.9962,0.099721,0.014045,467.018,10.3377,3.2402,3.9819e-05,Heun
0,3.7819,0.6,-0.95,0.025758,0.0083744,0.0079979,0.00037653,0.92927,24.0024,0.096795,0.013632,467.018,10.3385,3.2402,3.9818e-05,Heun
0,3.7775,0.6,-0.95,0.026515,0.008137,0.0077708,0.00036618,0.92942,24.0081,0.094047,0.013242,467.018,10.3393,3.2402,5.1575e-05,Heun
0,3.5199,0.6,-0.95,0.027273,0.0079116,0.0075555,0.00035616,0.92957,24.0136,0.09144,0.012875,467.018,10.3401,3.2402,3.9817e-05,Heun
0,3.7284,0.6,-0.95,0.02803,0.0076993,0.0073522,0.0003471,0.92971,24.0187,0.08898,0.012527,467.018,10.3408,3.2402,3.9816e-05,Heun
0,3.5416,0.6,-0.95,0.028788,0.0074972,0.0071595,0.00033769,0.92983,24.0236,0.086649,0.012197,467.018,10.3414,3.2402,3.9816e-05,Heun
0,3.5142,0.6,-0.95,0.029545,0.0073058,0.0069766,0.00032916,0.92996,24.0282,0.084435,0.011884,467.018,10.3421,3.2402,3.9815e-05,Heun
0,3.518,0.6,-0.95,0.030303,0.0071239,0.0068028,0.00032113,0.93007,24.0326,0.082331,0.011587,467.018,10.3427,3.2402,3.9815e-05,Heun
0,3.4923,0.6,-0.95,0.031061,0.0069507,0.0066374,0.00031329,0.93018,24.0368,0.08033,0.011305,467.018,10.3432,3.2402,3.9815e-05,Heun
0,3.4896,0.6,-0.95,0.031818,0.006786,0.00648,0.00030603,0.93029,24.0408,0.078424,0.011035,467.018,10.3438,3.2402,3.9814e-05,Heun
0,3.4629,0.6,-0.95,0.032576,0.0066289,0.0063298,0.00029912,0.93039,24.0446,0.076606,0.010779,467.018,10.3443,3.2402,3.9814e-05,Heun
0,3.3583,0.6,-0.95,0.033333,0.0064787,0.0061866,0.00029217,0.93049,24.0483,0.074873,0.010534,467.018,10.3448,3.2403,3.9814e-05,Heun
0,3.4572,0.6,-0.95,0.034091,0.0063355,0.0060496,0.00028596,0.93058,24.0517,0.073215,0.0103,467.018,10.3453,3.2403,3.9813e-05,Heun
0,3.3274,0.6,-0.95,0.034848,0.0061981,0.0059181,0.00027999,0.93067,24.055,0.071624,0.010076,467.018,10.3457,3.2403,3.9813e-05,Heun
0,3.3061,0.6,-0.95,0.035606,0.0060668,0.0057926,0.00027422,0.93075,24.0582,0.070105,0.0098614,467.018,10.3462,3.2403,3.9813e-05,Heun
0,3.2703,0.6,-0.95,0.036364,0.0059409,0.0056722,0.0002687,0.93083,24.0613,0.068648,0.009656,467.018,10.3466,3.2403,3.9812e-05,Heun
0,3.2868,0.6,-0.95,0.037121,0.0058202,0.0055568,0.00026339,0.93091,24.0642,0.067251,0.0094589,467.018,10.347,3.2403,3.9812e-05,Heun
0,3.2845,0.6,-0.95,0.037879,0.0057042,0.0054459,0.00025836,0.93098,24.067,0.065909,0.0092697,467.018,10.3473,3.2403,3.9812e-05,Heun
0,3.2221,0.6,-0.95,0.038636,0.0055932,0.0053395,0.00025362,0.93105,24.0697,0.064622,0.009088,467.018,10.3477,3.2403,3.9811e-05,Heun
0,3.227,0.6,-0.95,0.039394,0.0054861,0.0052371,0.00024897,0.93112,24.0723,0.063383,0.0089132,467.018,10.3481,3.2403,3.9811e-05,Heun
0,3.1497,0.6,-0.95,0.040152,0.0053828,0.0051385,0.00024426,0.93119,24.0748,0.062189,0.008745,467.018,10.3484,3.2403,3.9811e-05,Heun
0,3.3733,0.6,-0.95,0.040909,0.0052844,0.0050441,0.00024031,0.93125,24.0772,0.061046,0.0085831,467.018,10.3487,3.2403,3.9811e-05,Heun
0,3.1925,0.6,-0.95,0.041667,0.0051881,0.0049522,0.00023582,0.93131,24.0795,0.059935,0.008427,467.018,10.349,3.2403,3.9811e-05,Heun
0,3.3028,0.6,-0.95,0.042424,0.0050959,0.004864,0.00023194,0.93137,24.0817,0.058866,0.0082765,467.018,10.3494,3.2403,3.981e-05,Heun
0,3.3342,0.6,-0.95,0.043182,0.0050069,0.0047789,0.00022802,0.93143,24.0839,0.057836,0.0081313,467.018,10.3496,3.2403,3.981e-05,Heun
0,3.2718,0.6,-0.95,0.043939,0.0049208,0.0046967,0.00022413,0.93148,24.086,0.056842,0.0079911,467.018,10.3499,3.2403,3.981e-05,Heun
0,3.273,0.6,-0.95,0.044697,0.0048375,0.0046172,0.00022034,0.93154,24.088,0.05588,0.0078557,467.018,10.3502,3.2403,5.9245e-05,Heun
0,3.2127,0.6,-0.95,0.045455,0.0047571,0.0045404,0.00021666,0.93159,24.0899,0.054951,0.0077248,467.018,10.3505,3.2403,5.9345e-05,Heun
0,3.1047,0.6,-0.95,0.046212,0.0046794,0.0044663,0.0002131,0.93164,24.0918,0.054053,0.0075981,467.018,10.3507,3.2403,7.042e-05,Heun
0,3.1166,0.6,-0.95,0.04697,0.004604,0.0043944,0.00020967,0.93169,24.0936,0.053183,0.0074756,467.018,10.351,3.2403,7.2251e-05,Heun
0,3.1164,0.6,-0.95,0.047727,0.0045311,0.0043247,0.00020633,0.93173,24.0954,0.05234,0.0073569,467.018,10.3512,3.2403,7.236e-05,Heun
0,3.1253,0.6,-0.95,0.048485,0.0044604,0.0042573,0.00020311,0.93178,24.0971,0.051524,0.007242,467.018,10.3514,3.2403,7.2465e-05,Heun
0,3.1224,0.6,-0.95,0.049242,0.0043918,0.0041919,0.00019998,0.93182,24.0988,0.050732,0.0071306,467.018,10.3517,3.2403,7.2566e-05,Heun
0,3.1336,0.6,-0.95,0.05,0.0043254,0.0041284,0.00019694,0.93186,24.1004,0.049965,0.0070225,467.018,10.3519,3.2403,7.2665e-05,Heun
0,3.1287,0.6,-0.95,0.050758,0.0042609,0.0040669,0.000194,0.93191,24.1019,0.04922,0.0069177,467.018,10.3521,3.2403,7.2761e-05,Heun
0,3.1146,0.6,-0.95,0.051515,0.0041982,0.0040071,0.00019111,0.93195,24.1035,0.048496,0.006816,467.018,10.3523,3.2403,8.8504e-05,Heun
0,3.1827,0.6,-0.95,0.052273,0.0041374,0.0039491,0.0001883,0.93198,24.1049,0.047794,0.0067172,467.018,10.3525,3.2403,3.9808e-05,Heun
0,3.1688,0.6,-0.95,0.05303,0.0040783,0.0038927,0.00018559,0.93202,24.1064,0.047111,0.0066212,467.018,10.3527,3.2403,3.9808e-05,Heun
0,3.1764,0.6,-0.95,0.053788,0.004021,0.003838,0.000183,0.93206,24.1077,0.046449,0.006528,467.018,10.3529,3.2403,3.9808e-05,Heun
0,3.1735,0.6,-0.95,0.054545,0.0039652,0.0037847,0.00018045,0.93209,24.1091,0.045805,0.0064373,467.018,10.3531,3.2403,3.9808e-05,Heun
0,3.2306,0.6,-0.95,0.055303,0.003911,0.003733,0.000178,0.93213,24.1104,0.045179,0.0063491,467.018,10.3533,3.2403,3.9808e-05,Heun
0,3.2449,0.6,-0.95,0.056061,0.0038582,0.0036826,0.0001756,0.93216,24.1117,0.044569,0.0062633,467.018,10.3534,3.2403,3.9807e-05,Heun
0,3.2693,0.6,-0.95,0.056818,0.0038068,0.0036336,0.00017325,0.9322,24.1129,0.043976,0.0061798,467.018,10.3536,3.2403,3.9807e-05,Heun
0,3.2735,0.6,-0.95,0.057576,0.0037568,0.0035859,0.00017098,0.93223,24.1141,0.043398,0.0060985,467.018,10.3538,3.2403,3.9807e-05,Heun
0,3.2973,0.6,-0.95,0.058333,0.0037081,0.0035394,0.00016876,0.93226,24.1153,0.042835,0.0060193,467.018,10.3539,3.2403,3.9805e-05,Heun
0,3.3105,0.6,-0.95,0.059091,0.0036607,0.0034941,0.0001666,0.93229,24.1165,0.042287,0.0059421,467.018,10.3541,3.2403,3.9805e-05,Heun
0,3.3292,0.6,-0.95,0.059848,0.0036144,0.0034499,0.0001645,0.93232,24.1176,0.041753,0.0058669,467.018,10.3542,3.2403,3.9804e-05,Heun
0,3.3466,0.6,-0.95,0.060606,0.0035693,0.0034069,0.00016245,0.93235,24.1187,0.041232,0.0057936,467.018,10.3544,3.2403,3.9804e-05,Heun
0,3.3777,0.6,-0.95,0.061364,0.0035253,0.0033649,0.00016045,0.93238,24.1197,0.040724,0.0057221,467.018,10.3545,3.2403,3.9804e-05,Heun
0,3.4151,0.6,-0.95,0.062121,0.0034824,0.0033239,0.0001585,0.9324,24.1208,0.040228,0.0056523,467.018,10.3547,3.2403,3.9804e-05,Heun
0,3.4403,0.6,-0.95,0.062879,0.0034405,0.003284,0.00015659,0.93243,24.1218,0.039744,0.0055842,467.018,10.3548,3.2403,3.9804e-05,Heun
0,3.4099,0.6,-0.95,0.063636,0.0033997,0.0032449,0.00015473,0.93246,24.1228,0.039272,0.0055177,467.018,10.3549,3.2403,3.9804e-05,Heun
0,3.431,0.6,-0.95,0.064394,0.0033597,0.0032068,0.00015291,0.93248,24.1238,0.038811,0.0054528,467.018,10.3551,3.2403,3.9804e-05,Heun
0,3.46,0.6,-0.95,0.065152,0.0033207,0.0031696,0.00015114,0.93251,24.1247,0.03836,0.0053894,467.018,10.3552,3.2403,3.9804e-05,Heun
0,3.4758,0.6,-0.95,0.065909,0.0032826,0.0031332,0.00014941,0.93253,24.1256,0.03792,0.0053274,467.018,10.3553,3.2403,3.9804e-05,Heun
0,3.4656,0.6,-0.95,0.066667,0.0032454,0.0030977,0.00014771,0.93256,24.1265,0.03749,0.0052669,467.018,10.3554,3.2403,3.9804e-05,Heun
0,3.4552,0.6,-0.95,0.067424,0.003209,0.0030629,0.00014606,0.93258,24.1274,0.037069,0.0052077,467.018,10.3556,3.2403,3.9804e-05,Heun
0,3.4551,0.6,-0.95,0.068182,0.0031734,0.0030289,0.00014444,0.9326,24.1283,0.036658,0.0051498,467.018,10.3557,3.2403,3.9803e-05,Heun
0,3.4337,0.6,-0.95,0.068939,0.0031386,0.0029957,0.00014285,0.93262,24.1291,0.036256,0.0050933,467.018,10.3558,3.2403,3.9803e-05,Heun
0,3.4805,0.6,-0.95,0.069697,0.0031045,0.0029632,0.0001413,0.93265,24.1299,0.035862,0.0050379,467.018,10.3559,3.2403,3.9803e-05,Heun
0,3.5081,0.6,-0.95,0.070455,0.0030712,0.0029314,0.00013979,0.93267,24.1307,0.035477,0.0049837,467.018,10.356,3.2403,3.9803e-05,Heun
0,3.4631,0.6,-0.95,0.071212,0.0030385,0.0029002,0.0001383,0.93269,24.1315,0.0351,0.0049307,467.018,10.3561,3.2403,3.9803e-05,Heun
0,3.399,0.6,-0.95,0.07197,0.0030066,0.0028698,0.00013685,0.93271,24.1323,0.034731,0.0048788,467.018,10.3562,3.2403,3.9803e-05,Heun
0,3.3941,0.6,-0.95,0.072727,0.0029753,0.0028399,0.00013543,0.93273,24.1331,0.03437,0.004828,467.018,10.3563,3.2403,3.9803e-05,Heun
0,3.3757,0.6,-0.95,0.073485,0.0029447,0.0028107,0.00013404,0.93275,24.1338,0.034016,0.0047782,467.018,10.3564,3.2403,3.9803e-05,Heun
0,3.3706,0.6,-0.95,0.074242,0.0029147,0.002782,0.00013267,0.93277,24.1345,0.03367,0.0047294,467.018,10.3565,3.2403,3.9803e-05,Heun
0,3.3875,0.6,-0.95,0.075,0.0028853,0.002754,0.00013133,0.93279,24.1352,0.03333,0.0046817,467.018,10.3566,3.2403,3.9803e-05,Heun
0,3.3716,0.6,-0.95,0.075758,0.0028565,0.0027265,0.00013002,0.9328,24.1359,0.032997,0.0046349,467.018,10.3567,3.2403,3.9803e-05,Heun
0,3.3736,0.6,-0.95,0.076515,0.0028283,0.0026995,0.00012874,0.93282,24.1366,0.032671,0.004589,467.018,10.3568,3.2403,3.9803e-05,Heun
0,3.3708,0.6,-0.95,0.077273,0.0028006,0.0026731,0.00012748,0.93284,24.1373,0.032351,0.004544,467.018,10.3569,3.2403,3.9803e-05,Heun
0,3.4033,0.6,-0.95,0.07803,0.0027734,0.0026472,0.00012624,0.93286,24.1379,0.032038,0.0044999,467.018,10.357,3.2403,3.9802e-05,Heun
0,3.4257,0.6,-0.95,0.078788,0.0027468,0.0026218,0.00012503,0.93287,24.1386,0.03173,0.0044566,467.018,10.3571,3.2403,3.9802e-05,Heun
0,3.4235,0.6,-0.95,0.079545,0.0027207,0.0025968,0.00012384,0.93289,24.1392,0.031428,0.0044142,467.018,10.3572,3.2403,3.9802e-05,Heun
0,3.3718,0.6,-0.95,0.080303,0.002695,0.0025724,0.00012268,0.93291,24.1398,0.031132,0.0043725,467.018,10.3572,3.2403,3.9802e-05,Heun
0,3.3741,0.6,-0.95,0.081061,0.0026699,0.0025483,0.00012153,0.93292,24.1404,0.030841,0.0043316,467.018,10.3573,3.2403,3.9802e-05,Heun
0,3.372,0.6,-0.95,0.081818,0.0026452,0.0025248,0.00012041,0.93294,24.141,0.030556,0.0042915,467.018,10.3574,3.2403,3.9802e-05,Heun
0,3.375,0.6,-0.95,0.082576,0.002621,0.0025017,0.00011931,0.93295,24.1416,0.030276,0.0042522,467.018,10.3575,3.2403,3.9802e-05,Heun
0,3.3774,0.6,-0.95,0.083333,0.0025972,0.0024789,0.00011822,0.93297,24.1422,0.030001,0.0042135,467.018,10.3576,3.2403,3.9802e-05,Heun
