Error,time,CO2share,H2share,E_appl,v,X_tot,X_het,X_hom,FE,CO2_out,CO_out,H2_out,delP,CD,Vcell,maxRes,Solver
3,47.6959,0.8,0,-1.4,0.045833,0.50834,0.45827,0.050062,0.57254,15.8677,7.395,2.4564,467.018,3592.1703,4.6864,0.28165,Euler
3,47.846,0.8,0.0020202,-1.4,0.045833,0.50834,0.45827,0.050062,0.57254,15.8677,7.395,2.4564,467.018,3592.1703,4.6864,0.28165,Euler
3,47.8793,0.8,0.0040404,-1.4,0.045833,0.50834,0.45827,0.050062,0.57254,15.8677,7.395,2.4564,467.018,3592.1703,4.6864,0.28165,Euler
3,47.8735,0.8,0.0060606,-1.4,0.045833,0.50834,0.45827,0.050062,0.57254,15.8677,7.395,2.4564,467.018,3592.1703,4.6864,0.28165,Euler
3,52.4437,0.8,0.0080808,-1.4,0.045833,0.50834,0.45827,0.050062,0.57254,15.8677,7.395,2.4564,467.018,3592.1703,4.6864,0.28165,Euler
3,49.7912,0.8,0.010101,-1.4,0.045833,0.50834,0.45827,0.050062,0.57254,15.8677,7.395,2.4564,467.018,3592.1703,4.6864,0.28165,Euler
3,49.5211,0.8,0.012121,-1.4,0.045833,0.50834,0.45827,0.050062,0.57254,15.8677,7.395,2.4564,467.018,3592.1703,4.6864,0.28165,Euler
3,47.985,0.8,0.014141,-1.4,0.045833,0.50834,0.45827,0.050062,0.57254,15.8677,7.395,2.4564,467.018,3592.1703,4.6864,0.28165,Euler
3,48.0427,0.8,0.016162,-1.4,0.045833,0.50834,0.45827,0.050062,0.57254,15.8677,7.395,2.4564,467.018,3592.1703,4.6864,0.28165,Euler
3,48.4415,0.8,0.018182,-1.4,0.045833,0.50834,0.45827,0.050062,0.57254,15.8677,7.395,2.4564,467.018,3592.1703,4.6864,0.28165,Euler
3,48.7519,0.8,0.020202,-1.4,0.045833,0.50834,0.45827,0.050062,0.57254,15.8677,7.395,2.4564,467.018,3592.1703,4.6864,0.28165,Euler
3,47.2848,0.8,0.022222,-1.4,0.045833,0.50834,0.45827,0.050062,0.57254,15.8677,7.395,2.4564,467.018,3592.1703,4.6864,0.28165,Euler
3,50.2318,0.8,0.024242,-1.4,0.045833,0.50834,0.45827,0.050062,0.57254,15.8677,7.395,2.4564,467.018,3592.1703,4.6864,0.28165,Euler
3,47.9043,0.8,0.026263,-1.4,0.045833,0.50834,0.45827,0.050062,0.57254,15.8677,7.395,2.4564,467.018,3592.1703,4.6864,0.28165,Euler
3,47.3181,0.8,0.028283,-1.4,0.045833,0.50834,0.45827,0.050062,0.57254,15.8677,7.395,2.4564,467.018,3592.1703,4.6864,0.28165,Euler
3,47.1104,0.8,0.030303,-1.4,0.045833,0.50834,0.45827,0.050062,0.57254,15.8677,7.395,2.4564,467.018,3592.1703,4.6864,0.28165,Euler
3,47.1448,0.8,0.032323,-1.4,0.045833,0.50834,0.45827,0.050062,0.57254,15.8677,7.395,2.4564,467.018,3592.1703,4.6864,0.28165,Euler
3,48.208,0.8,0.034343,-1.4,0.045833,0.50834,0.45827,0.050062,0.57254,15.8677,7.395,2.4564,467.018,3592.1703,4.6864,0.28165,Euler
3,48.1554,0.8,0.036364,-1.4,0.045833,0.50834,0.45827,0.050062,0.57254,15.8677,7.395,2.4564,467.018,3592.1703,4.6864,0.28165,Euler
3,48.5602,0.8,0.038384,-1.4,0.045833,0.50834,0.45827,0.050062,0.57254,15.8677,7.395,2.4564,467.018,3592.1703,4.6864,0.28165,Euler
3,48.3047,0.8,0.040404,-1.4,0.045833,0.50834,0.45827,0.050062,0.57254,15.8677,7.395,2.4564,467.018,3592.1703,4.6864,0.28165,Euler
3,47.6616,0.8,0.042424,-1.4,0.045833,0.50834,0.45827,0.050062,0.57254,15.8677,7.395,2.4564,467.018,3592.1703,4.6864,0.28165,Euler
3,47.6709,0.8,0.044444,-1.4,0.045833,0.50834,0.45827,0.050062,0.57254,15.8677,7.395,2.4564,467.018,3592.1703,4.6864,0.28165,Euler
3,48.4453,0.8,0.046465,-1.4,0.045833,0.50834,0.45827,0.050062,0.57254,15.8677,7.395,2.4564,467.018,3592.1703,4.6864,0.28165,Euler
3,47.2668,0.8,0.048485,-1.4,0.045833,0.50834,0.45827,0.050062,0.57254,15.8677,7.395,2.4564,467.018,3592.1703,4.6864,0.28165,Euler
3,47.5961,0.8,0.050505,-1.4,0.045833,0.50834,0.45827,0.050062,0.57254,15.8677,7.395,2.4564,467.018,3592.1703,4.6864,0.28165,Euler
3,48.6409,0.8,0.052525,-1.4,0.045833,0.50834,0.45827,0.050062,0.57254,15.8677,7.395,2.4564,467.018,3592.1703,4.6864,0.28165,Euler
3,48.206,0.8,0.054545,-1.4,0.045833,0.50834,0.45827,0.050062,0.57254,15.8677,7.395,2.4564,467.018,3592.1703,4.6864,0.28165,Euler
3,48.1223,0.8,0.056566,-1.4,0.045833,0.50834,0.45827,0.050062,0.57254,15.8677,7.395,2.4564,467.018,3592.1703,4.6864,0.28165,Euler
3,48.1726,0.8,0.058586,-1.4,0.045833,0.50834,0.45827,0.050062,0.57254,15.8677,7.395,2.4564,467.018,3592.1703,4.6864,0.28165,Euler
3,47.9767,0.8,0.060606,-1.4,0.045833,0.50834,0.45827,0.050062,0.57254,15.8677,7.395,2.4564,467.018,3592.1703,4.6864,0.28165,Euler
3,48.3781,0.8,0.062626,-1.4,0.045833,0.50834,0.45827,0.050062,0.57254,15.8677,7.395,2.4564,467.018,3592.1703,4.6864,0.28165,Euler
3,48.269,0.8,0.064646,-1.4,0.045833,0.50834,0.45827,0.050062,0.57254,15.8677,7.395,2.4564,467.018,3592.1703,4.6864,0.28165,Euler
3,47.9987,0.8,0.066667,-1.4,0.045833,0.50834,0.45827,0.050062,0.57254,15.8677,7.395,2.4564,467.018,3592.1703,4.6864,0.28165,Euler
3,47.9199,0.8,0.068687,-1.4,0.045833,0.50834,0.45827,0.050062,0.57254,15.8677,7.395,2.4564,467.018,3592.1703,4.6864,0.28165,Euler
3,48.4507,0.8,0.070707,-1.4,0.045833,0.50834,0.45827,0.050062,0.57254,15.8677,7.395,2.4564,467.018,3592.1703,4.6864,0.28165,Euler
3,47.878,0.8,0.072727,-1.4,0.045833,0.50834,0.45827,0.050062,0.57254,15.8677,7.395,2.4564,467.018,3592.1703,4.6864,0.28165,Euler
3,48.5347,0.8,0.074747,-1.4,0.045833,0.50834,0.45827,0.050062,0.57254,15.8677,7.395,2.4564,467.018,3592.1703,4.6864,0.28165,Euler
3,48.8709,0.8,0.076768,-1.4,0.045833,0.50834,0.45827,0.050062,0.57254,15.8677,7.395,2.4564,467.018,3592.1703,4.6864,0.28165,Euler
3,48.5835,0.8,0.078788,-1.4,0.045833,0.50834,0.45827,0.050062,0.57254,15.8677,7.395,2.4564,467.018,3592.1703,4.6864,0.28165,Euler
3,48.8724,0.8,0.080808,-1.4,0.045833,0.50834,0.45827,0.050062,0.57254,15.8677,7.395,2.4564,467.018,3592.1703,4.6864,0.28165,Euler
3,48.9308,0.8,0.082828,-1.4,0.045833,0.50834,0.45827,0.050062,0.57254,15.8677,7.395,2.4564,467.018,3592.1703,4.6864,0.28165,Euler
3,48.8315,0.8,0.084848,-1.4,0.045833,0.50834,0.45827,0.050062,0.57254,15.8677,7.395,2.4564,467.018,3592.1703,4.6864,0.28165,Euler
3,47.9265,0.8,0.086869,-1.4,0.045833,0.50834,0.45827,0.050062,0.57254,15.8677,7.395,2.4564,467.018,3592.1703,4.6864,0.28165,Euler
3,48.4346,0.8,0.088889,-1.4,0.045833,0.50834,0.45827,0.050062,0.57254,15.8677,7.395,2.4564,467.018,3592.1703,4.6864,0.28165,Euler
3,48.0598,0.8,0.090909,-1.4,0.045833,0.50834,0.45827,0.050062,0.57254,15.8677,7.395,2.4564,467.018,3592.1703,4.6864,0.28165,Euler
3,48.8247,0.8,0.092929,-1.4,0.045833,0.50834,0.45827,0.050062,0.57254,15.8677,7.395,2.4564,467.018,3592.1703,4.6864,0.28165,Euler
3,48.0218,0.8,0.094949,-1.4,0.045833,0.50834,0.45827,0.050062,0.57254,15.8677,7.395,2.4564,467.018,3592.1703,4.6864,0.28165,Euler
3,47.1553,0.8,0.09697,-1.4,0.045833,0.50834,0.45827,0.050062,0.57254,15.8677,7.395,2.4564,467.018,3592.1703,4.6864,0.28165,Euler
3,48.7151,0.8,0.09899,-1.4,0.045833,0.50834,0.45827,0.050062,0.57254,15.8677,7.395,2.4564,467.018,3592.1703,4.6864,0.28165,Euler
3,47.0218,0.8,0.10101,-1.4,0.045833,0.50834,0.45827,0.050062,0.57254,15.8677,7.395,2.4564,467.018,3592.1703,4.6864,0.28165,Euler
3,47.2279,0.8,0.10303,-1.4,0.045833,0.50834,0.45827,0.050062,0.57254,15.8677,7.395,2.4564,467.018,3592.1703,4.6864,0.28165,Euler
3,47.1548,0.8,0.10505,-1.4,0.045833,0.50834,0.45827,0.050062,0.57254,15.8677,7.395,2.4564,467.018,3592.1703,4.6864,0.28165,Euler
3,47.4818,0.8,0.10707,-1.4,0.045833,0.50834,0.45827,0.050062,0.57254,15.8677,7.395,2.4564,467.018,3592.1703,4.6864,0.28165,Euler
3,47.3367,0.8,0.10909,-1.4,0.045833,0.50834,0.45827,0.050062,0.57254,15.8677,7.395,2.4564,467.018,3592.1703,4.6864,0.28165,Euler
3,47.6055,0.8,0.11111,-1.4,0.045833,0.50834,0.45827,0.050062,0.57254,15.8677,7.395,2.4564,467.018,3592.1703,4.6864,0.28165,Euler
3,48.484,0.8,0.11313,-1.4,0.045833,0.50834,0.45827,0.050062,0.57254,15.8677,7.395,2.4564,467.018,3592.1703,4.6864,0.28165,Euler
3,47.6601,0.8,0.11515,-1.4,0.045833,0.50834,0.45827,0.050062,0.57254,15.8677,7.395,2.4564,467.018,3592.1703,4.6864,0.28165,Euler
3,47.6946,0.8,0.11717,-1.4,0.045833,0.50834,0.45827,0.050062,0.57254,15.8677,7.395,2.4564,467.018,3592.1703,4.6864,0.28165,Euler
3,47.5516,0.8,0.11919,-1.4,0.045833,0.50834,0.45827,0.050062,0.57254,15.8677,7.395,2.4564,467.018,3592.1703,4.6864,0.28165,Euler
3,47.7797,0.8,0.12121,-1.4,0.045833,0.50834,0.45827,0.050062,0.57254,15.8677,7.395,2.4564,467.018,3592.1703,4.6864,0.28165,Euler
3,47.868,0.8,0.12323,-1.4,0.045833,0.50834,0.45827,0.050062,0.57254,15.8677,7.395,2.4564,467.018,3592.1703,4.6864,0.28165,Euler
3,47.8363,0.8,0.12525,-1.4,0.045833,0.50834,0.45827,0.050062,0.57254,15.8677,7.395,2.4564,467.018,3592.1703,4.6864,0.28165,Euler
3,48.0444,0.8,0.12727,-1.4,0.045833,0.50834,0.45827,0.050062,0.57254,15.8677,7.395,2.4564,467.018,3592.1703,4.6864,0.28165,Euler
3,47.8274,0.8,0.12929,-1.4,0.045833,0.50834,0.45827,0.050062,0.57254,15.8677,7.395,2.4564,467.018,3592.1703,4.6864,0.28165,Euler
3,48.1133,0.8,0.13131,-1.4,0.045833,0.50834,0.45827,0.050062,0.57254,15.8677,7.395,2.4564,467.018,3592.1703,4.6864,0.28165,Euler
3,48.9804,0.8,0.13333,-1.4,0.045833,0.50834,0.45827,0.050062,0.57254,15.8677,7.395,2.4564,467.018,3592.1703,4.6864,0.28165,Euler
3,47.5753,0.8,0.13535,-1.4,0.045833,0.50834,0.45827,0.050062,0.57254,15.8677,7.395,2.4564,467.018,3592.1703,4.6864,0.28165,Euler
3,47.5948,0.8,0.13737,-1.4,0.045833,0.50834,0.45827,0.050062,0.57254,15.8677,7.395,2.4564,467.018,3592.1703,4.6864,0.28165,Euler
3,47.9837,0.8,0.13939,-1.4,0.045833,0.50834,0.45827,0.050062,0.57254,15.8677,7.395,2.4564,467.018,3592.1703,4.6864,0.28165,Euler
3,48.1694,0.8,0.14141,-1.4,0.045833,0.50834,0.45827,0.050062,0.57254,15.8677,7.395,2.4564,467.018,3592.1703,4.6864,0.28165,Euler
3,47.9226,0.8,0.14343,-1.4,0.045833,0.50834,0.45827,0.050062,0.57254,15.8677,7.395,2.4564,467.018,3592.1703,4.6864,0.28165,Euler
3,47.9043,0.8,0.14545,-1.4,0.045833,0.50834,0.45827,0.050062,0.57254,15.8677,7.395,2.4564,467.018,3592.1703,4.6864,0.28165,Euler
3,47.2358,0.8,0.14747,-1.4,0.045833,0.50834,0.45827,0.050062,0.57254,15.8677,7.395,2.4564,467.018,3592.1703,4.6864,0.28165,Euler
3,47.9379,0.8,0.14949,-1.4,0.045833,0.50834,0.45827,0.050062,0.57254,15.8677,7.395,2.4564,467.018,3592.1703,4.6864,0.28165,Euler
3,47.542,0.8,0.15152,-1.4,0.045833,0.50834,0.45827,0.050062,0.57254,15.8677,7.395,2.4564,467.018,3592.1703,4.6864,0.28165,Euler
3,48.2748,0.8,0.15354,-1.4,0.045833,0.50834,0.45827,0.050062,0.57254,15.8677,7.395,2.4564,467.018,3592.1703,4.6864,0.28165,Euler
3,47.6302,0.8,0.15556,-1.4,0.045833,0.50834,0.45827,0.050062,0.57254,15.8677,7.395,2.4564,467.018,3592.1703,4.6864,0.28165,Euler
3,47.6232,0.8,0.15758,-1.4,0.045833,0.50834,0.45827,0.050062,0.57254,15.8677,7.395,2.4564,467.018,3592.1703,4.6864,0.28165,Euler
3,47.1977,0.8,0.1596,-1.4,0.045833,0.50834,0.45827,0.050062,0.57254,15.8677,7.395,2.4564,467.018,3592.1703,4.6864,0.28165,Euler
3,47.3322,0.8,0.16162,-1.4,0.045833,0.50834,0.45827,0.050062,0.57254,15.8677,7.395,2.4564,467.018,3592.1703,4.6864,0.28165,Euler
3,47.3762,0.8,0.16364,-1.4,0.045833,0.50834,0.45827,0.050062,0.57254,15.8677,7.395,2.4564,467.018,3592.1703,4.6864,0.28165,Euler
3,47.8341,0.8,0.16566,-1.4,0.045833,0.50834,0.45827,0.050062,0.57254,15.8677,7.395,2.4564,467.018,3592.1703,4.6864,0.28165,Euler
3,48.6573,0.8,0.16768,-1.4,0.045833,0.50834,0.45827,0.050062,0.57254,15.8677,7.395,2.4564,467.018,3592.1703,4.6864,0.28165,Euler
3,47.737,0.8,0.1697,-1.4,0.045833,0.50834,0.45827,0.050062,0.57254,15.8677,7.395,2.4564,467.018,3592.1703,4.6864,0.28165,Euler
3,47.3413,0.8,0.17172,-1.4,0.045833,0.50834,0.45827,0.050062,0.57254,15.8677,7.395,2.4564,467.018,3592.1703,4.6864,0.28165,Euler
3,48.1021,0.8,0.17374,-1.4,0.045833,0.50834,0.45827,0.050062,0.57254,15.8677,7.395,2.4564,467.018,3592.1703,4.6864,0.28165,Euler
3,47.0562,0.8,0.17576,-1.4,0.045833,0.50834,0.45827,0.050062,0.57254,15.8677,7.395,2.4564,467.018,3592.1703,4.6864,0.28165,Euler
3,46.6802,0.8,0.17778,-1.4,0.045833,0.50834,0.45827,0.050062,0.57254,15.8677,7.395,2.4564,467.018,3592.1703,4.6864,0.28165,Euler
3,47.1144,0.8,0.1798,-1.4,0.045833,0.50834,0.45827,0.050062,0.57254,15.8677,7.395,2.4564,467.018,3592.1703,4.6864,0.28165,Euler
3,46.632,0.8,0.18182,-1.4,0.045833,0.50834,0.45827,0.050062,0.57254,15.8677,7.395,2.4564,467.018,3592.1703,4.6864,0.28165,Euler
3,46.5512,0.8,0.18384,-1.4,0.045833,0.50834,0.45827,0.050062,0.57254,15.8677,7.395,2.4564,467.018,3592.1703,4.6864,0.28165,Euler
3,46.6004,0.8,0.18586,-1.4,0.045833,0.50834,0.45827,0.050062,0.57254,15.8677,7.395,2.4564,467.018,3592.1703,4.6864,0.28165,Euler
3,46.6309,0.8,0.18788,-1.4,0.045833,0.50834,0.45827,0.050062,0.57254,15.8677,7.395,2.4564,467.018,3592.1703,4.6864,0.28165,Euler
3,47.0646,0.8,0.1899,-1.4,0.045833,0.50834,0.45827,0.050062,0.57254,15.8677,7.395,2.4564,467.018,3592.1703,4.6864,0.28165,Euler
3,46.9745,0.8,0.19192,-1.4,0.045833,0.50834,0.45827,0.050062,0.57254,15.8677,7.395,2.4564,467.018,3592.1703,4.6864,0.28165,Euler
3,46.8467,0.8,0.19394,-1.4,0.045833,0.50834,0.45827,0.050062,0.57254,15.8677,7.395,2.4564,467.018,3592.1703,4.6864,0.28165,Euler
3,46.7398,0.8,0.19596,-1.4,0.045833,0.50834,0.45827,0.050062,0.57254,15.8677,7.395,2.4564,467.018,3592.1703,4.6864,0.28165,Euler
3,46.8596,0.8,0.19798,-1.4,0.045833,0.50834,0.45827,0.050062,0.57254,15.8677,7.395,2.4564,467.018,3592.1703,4.6864,0.28165,Euler
3,46.9185,0.8,0.2,-1.4,0.045833,0.50834,0.45827,0.050062,0.57254,15.8677,7.395,2.4564,467.018,3592.1703,4.6864,0.28165,Euler
