Error,time,CO2share,E_appl,v,X_tot,X_het,X_hom,FE,CO2_out,CO_out,H2_out,delP,CD,Vcell
0,41.56318,0.6,-1.25,0.008333333,0.1085524,0.09729465,0.01125777,0.8627638,21.57755,1.177512,0.1987129,0.1440707,472.0548,3.82622
0,42.32278,0.6,-1.25,0.008501684,0.1063943,0.09534452,0.01104982,0.8642617,21.62979,1.153911,0.194778,0.1440707,472.3775,3.826318
0,43.9407,0.6,-1.25,0.008670034,0.1050904,0.09412199,0.01096843,0.8651061,21.66135,1.139115,0.1909959,0.1440707,472.605,3.826387
0,42.54206,0.6,-1.25,0.008838384,0.1029302,0.09219096,0.01073922,0.8666208,21.71364,1.115745,0.1873579,0.1440707,472.9178,3.826481
0,35.01675,0.6,-1.25,0.009006734,0.1017081,0.09099934,0.01070873,0.867323,21.74322,1.101323,0.1838559,0.1440707,473.1787,3.82656
0,39.87867,0.6,-1.25,0.009175084,0.09917991,0.08875721,0.01042269,0.8690799,21.80442,1.074187,0.1804824,0.1440707,473.5512,3.826673
0,34.84919,0.6,-1.25,0.009343434,0.09806065,0.08770444,0.01035621,0.8697921,21.83151,1.061446,0.1772304,0.1440707,473.7514,3.826734
0,37.90286,0.6,-1.25,0.009511785,0.09735322,0.08698755,0.01036567,0.8701179,21.84863,1.05277,0.1740936,0.1440707,473.9454,3.826792
0,42.97029,0.6,-1.25,0.009680135,0.0952919,0.0851433,0.0101486,0.8715433,21.89853,1.03045,0.1710659,0.1440707,474.2508,3.826885
0,33.13398,0.6,-1.25,0.009848485,0.09406362,0.08399436,0.01006926,0.8723236,21.92826,1.016545,0.1681417,0.1440707,474.4699,3.826951
0,42.66635,0.6,-1.25,0.01001684,0.09212313,0.08225447,0.009868662,0.8736787,21.97523,0.9954878,0.1653158,0.1440707,474.7487,3.827035
0,37.57597,0.6,-1.25,0.01018519,0.09063282,0.0808989,0.009733919,0.8746761,22.0113,0.979082,0.1625833,0.1440707,474.9858,3.827107
0,47.1723,0.6,-1.25,0.01035354,0.08842843,0.07900565,0.009422784,0.8763536,22.06466,0.9561687,0.1599397,0.1440707,475.2258,3.82718
0,40.41766,0.6,-1.25,0.01052189,0.08743152,0.07810277,0.009328744,0.8770286,22.08879,0.9452417,0.1573806,0.1440707,475.3793,3.827226
0,38.56913,0.6,-1.25,0.01069024,0.08617873,0.07694737,0.009231364,0.8778205,22.11911,0.9312583,0.1549022,0.1440707,475.6025,3.827293
0,40.52784,0.6,-1.25,0.01085859,0.08473555,0.0756769,0.009058653,0.8788602,22.15404,0.9158825,0.1525006,0.1440707,475.7901,3.82735
0,43.63853,0.6,-1.25,0.01102694,0.08329175,0.07438999,0.008901753,0.8798415,22.18899,0.9003076,0.1501724,0.1440707,476.0091,3.827416
0,53.19802,0.6,-1.25,0.01119529,0.08218235,0.07338523,0.008797117,0.8806076,22.21584,0.8881475,0.1479141,0.1440707,476.1706,3.827465
0,47.51853,0.6,-1.25,0.01136364,0.08129405,0.07255586,0.008738192,0.8811726,22.23735,0.87811,0.1457228,0.1440707,476.3258,3.827512
0,42.7663,0.6,-1.25,0.01153199,0.079757,0.07119802,0.008558978,0.8822117,22.27455,0.8616767,0.1435955,0.1440707,476.5608,3.827583
0,37.48092,0.6,-1.25,0.01170034,0.07971805,0.07102834,0.00868971,0.8820221,22.27549,0.8596232,0.1415293,0.1440707,476.6834,3.82762
0,41.90595,0.6,-1.25,0.01186869,0.07754523,0.06919661,0.008348619,0.8836748,22.32809,0.8374545,0.1395218,0.1440707,476.9153,3.82769
0,43.83541,0.6,-1.25,0.01203704,0.0765662,0.06831117,0.008255027,0.8843319,22.35178,0.8267385,0.1375705,0.1440707,477.0666,3.827736
0,44.51195,0.6,-1.25,0.01220539,0.07548568,0.06733248,0.008153195,0.8850513,22.37794,0.8148938,0.135673,0.1440707,477.2367,3.827787
0,41.70644,0.6,-1.25,0.01237374,0.07445348,0.06640872,0.008044764,0.8857446,22.40292,0.803714,0.1338271,0.1440707,477.3955,3.827835
0,48.3972,0.6,-1.25,0.01254209,0.07361931,0.06563872,0.007980584,0.8862848,22.42311,0.7943951,0.1320307,0.1440707,477.5345,3.827877
0,42.2614,0.6,-1.25,0.01271044,0.07295556,0.06502683,0.007928726,0.8867149,22.43918,0.7869897,0.130282,0.1440707,477.6449,3.82791
0,32.15267,0.6,-1.25,0.01287879,0.07264866,0.06466709,0.007981576,0.8867698,22.44661,0.7826358,0.1285789,0.1440707,477.7734,3.827949
0,43.09815,0.6,-1.25,0.01304714,0.07083512,0.06314103,0.007694082,0.8881437,22.4905,0.7641667,0.1269199,0.1440707,477.9672,3.828007
0,45.65126,0.6,-1.25,0.01321549,0.06990776,0.06231452,0.007593239,0.8887879,22.51295,0.7541638,0.125303,0.1440707,478.0975,3.828047
0,45.07086,0.6,-1.25,0.01338384,0.06938369,0.06181743,0.007566259,0.8891205,22.52564,0.7481477,0.1237269,0.1440707,478.1879,3.828074
0,46.21942,0.6,-1.25,0.01355219,0.06853731,0.06105326,0.007484051,0.8896723,22.54612,0.7388994,0.1221899,0.1440707,478.326,3.828116
0,50.63131,0.6,-1.25,0.01372054,0.06819944,0.06070151,0.007497937,0.8898267,22.5543,0.7346422,0.1206907,0.1440707,478.4165,3.828143
0,47.67847,0.6,-1.25,0.01388889,0.06670771,0.05942881,0.007278898,0.8909139,22.59041,0.7192393,0.1192277,0.1440707,478.5976,3.828198
0,49.36256,0.6,-1.25,0.01405724,0.06651944,0.05921343,0.007306015,0.8909944,22.59497,0.7166327,0.1177999,0.1440707,478.6509,3.828214
0,44.57915,0.6,-1.25,0.01422559,0.06520037,0.05808174,0.007118631,0.8919271,22.62689,0.7029364,0.1164058,0.1440707,478.826,3.828267
0,47.4801,0.6,-1.25,0.01439394,0.0644659,0.05742374,0.007042165,0.8924222,22.64467,0.6949729,0.1150443,0.1440707,478.9364,3.8283
0,48.00413,0.6,-1.25,0.01456229,0.06377994,0.05680603,0.006973907,0.892878,22.66128,0.6874971,0.1137143,0.1440707,479.0429,3.828332
0,53.42533,0.6,-1.25,0.01473064,0.063087,0.0561786,0.006908404,0.8933357,22.67805,0.6799036,0.1124147,0.1440707,479.1518,3.828365
0,54.54084,0.6,-1.25,0.01489899,0.06249931,0.0556388,0.006860516,0.8937028,22.69227,0.6733706,0.1111445,0.1440707,479.2555,3.828396
0,44.85245,0.6,-1.25,0.01506734,0.06171811,0.05494662,0.006771492,0.8942303,22.71118,0.6649935,0.1099027,0.1440707,479.3718,3.828431
0,49.1759,0.6,-1.25,0.01523569,0.06104884,0.05434723,0.006701612,0.8946885,22.72738,0.6577394,0.1086883,0.1440707,479.4681,3.82846
0,41.22902,0.6,-1.25,0.01540404,0.06099292,0.05424018,0.006752741,0.8946531,22.72874,0.6564438,0.1075004,0.1440707,479.5156,3.828474
0,53.33397,0.6,-1.25,0.01557239,0.05982962,0.05324903,0.006580591,0.8954911,22.75689,0.6444483,0.1063383,0.1440707,479.6604,3.828518
0,53.18432,0.6,-1.25,0.01574074,0.05907631,0.05257848,0.006497827,0.8959971,22.77513,0.636333,0.105201,0.1440707,479.7736,3.828552
0,40.81387,0.6,-1.25,0.01590909,0.05884921,0.05234483,0.00650438,0.8961213,22.78062,0.6335052,0.1040877,0.1440707,479.823,3.828567
0,49.35745,0.6,-1.25,0.01607744,0.05806249,0.05164861,0.006413888,0.8966324,22.79967,0.6250792,0.1029978,0.1440707,479.9503,3.828605
0,44.73865,0.6,-1.25,0.01624579,0.05734247,0.0510191,0.006323373,0.8971385,22.8171,0.6174606,0.1019305,0.1440707,480.0462,3.828634
0,48.26644,0.6,-1.25,0.01641414,0.05667887,0.05042382,0.006255054,0.8975653,22.83316,0.6102561,0.100885,0.1440707,480.1557,3.828667
0,51.44459,0.6,-1.25,0.01658249,0.05617006,0.04996799,0.006202066,0.8979022,22.84547,0.6047395,0.0998608,0.1440707,480.2344,3.828691
0,51.93817,0.6,-1.25,0.01675084,0.05558962,0.04944532,0.006144305,0.8982897,22.85952,0.5984138,0.09885718,0.1440707,480.3225,3.828717
0,46.42071,0.6,-1.25,0.01691919,0.05564538,0.04943916,0.006206225,0.8981725,22.85817,0.5983392,0.09787352,0.1440707,480.3568,3.828728
0,47.32132,0.6,-1.25,0.01708754,0.0545684,0.04852332,0.006045076,0.8989458,22.88424,0.5872553,0.09690925,0.1440707,480.4909,3.828768
0,47.23783,0.6,-1.25,0.01725589,0.05416236,0.04815421,0.006008143,0.8992144,22.89407,0.5827881,0.0959638,0.1440707,480.5537,3.828787
0,43.25132,0.6,-1.25,0.01742424,0.05384152,0.04785417,0.00598735,0.899426,22.90184,0.5791569,0.09503661,0.1440707,480.6036,3.828802
0,44.90633,0.6,-1.25,0.01759259,0.05372063,0.0476941,0.00602653,0.8994086,22.90476,0.5772196,0.09412717,0.1440707,480.6743,3.828823
0,45.69097,0.6,-1.25,0.01776094,0.05275691,0.04689425,0.00586266,0.9001589,22.92809,0.5675394,0.09323497,0.1440707,480.7628,3.82885
0,41.72411,0.6,-1.25,0.01792929,0.05269141,0.04679999,0.005891427,0.9001541,22.92967,0.5663986,0.09235952,0.1440707,480.7986,3.828861
0,51.32269,0.6,-1.25,0.01809764,0.05156502,0.04584705,0.005717973,0.9009667,22.95694,0.5548656,0.09150036,0.1440707,480.9361,3.828902
0,49.43609,0.6,-1.25,0.01826599,0.05115733,0.04547942,0.005677914,0.9012323,22.96681,0.5504163,0.09065704,0.1440707,481.0011,3.828922
0,49.12411,0.6,-1.25,0.01843434,0.05075829,0.04511758,0.00564071,0.9014926,22.97647,0.5460371,0.08982912,0.1440707,481.0644,3.828941
0,51.81642,0.6,-1.25,0.01860269,0.05035052,0.04475199,0.005598529,0.9017649,22.98634,0.5416126,0.08901619,0.1440707,481.1257,3.828959
0,49.0576,0.6,-1.25,0.01877104,0.04988175,0.04433687,0.005544884,0.9020789,22.99768,0.5365886,0.08821784,0.1440707,481.1957,3.82898
0,54.05832,0.6,-1.25,0.01893939,0.04956727,0.04404682,0.005520453,0.9022731,23.00529,0.5330783,0.08743368,0.1440707,481.2513,3.828997
0,42.15403,0.6,-1.25,0.01910774,0.04917121,0.04368321,0.005487994,0.9025231,23.01488,0.5286777,0.08666334,0.1440707,481.3185,3.829017
0,48.2131,0.6,-1.25,0.01927609,0.04870068,0.04326816,0.005432523,0.902843,23.02627,0.5236545,0.08590646,0.1440707,481.3861,3.829038
0,47.87171,0.6,-1.25,0.01944444,0.04829586,0.04290722,0.005388648,0.9031144,23.03607,0.5192862,0.08516268,0.1440707,481.4462,3.829056
0,55.09004,0.6,-1.25,0.01961279,0.04785592,0.04251908,0.005336837,0.9034082,23.04672,0.5145887,0.08443167,0.1440707,481.5121,3.829076
0,45.32735,0.6,-1.25,0.01978114,0.04736758,0.04208561,0.005281974,0.9037342,23.05854,0.5093426,0.0837131,0.1440707,481.5853,3.829098
0,48.09262,0.6,-1.25,0.01994949,0.04703059,0.04177835,0.005252235,0.903948,23.0667,0.5056241,0.08300666,0.1440707,481.6417,3.829115
0,51.71981,0.6,-1.25,0.02011785,0.04672144,0.04149391,0.005227526,0.9041402,23.07418,0.5021816,0.08231204,0.1440707,481.6956,3.829131
0,46.45178,0.6,-1.25,0.0202862,0.04624432,0.04107961,0.005164715,0.9044722,23.08573,0.4971675,0.08162896,0.1440707,481.7598,3.82915
0,46.70284,0.6,-1.25,0.02045455,0.04582236,0.04069909,0.005123267,0.9047323,23.09594,0.4925623,0.08095711,0.1440707,481.8343,3.829172
0,46.30792,0.6,-1.25,0.0206229,0.04542628,0.04035093,0.005075346,0.9050064,23.10553,0.4883486,0.08029624,0.1440707,481.8884,3.829189
0,44.57769,0.6,-1.25,0.02079125,0.04506367,0.04002692,0.005036755,0.905245,23.1143,0.4844272,0.07964607,0.1440707,481.9443,3.829206
0,44.92401,0.6,-1.25,0.0209596,0.04473457,0.03972899,0.00500558,0.9054552,23.12227,0.4808216,0.07900634,0.1440707,481.9985,3.829222
0,46.7862,0.6,-1.25,0.02112795,0.04446328,0.03948439,0.004978888,0.9056363,23.12884,0.4778613,0.07837681,0.1440707,482.0389,3.829234
0,46.41818,0.6,-1.25,0.0212963,0.04408678,0.03915015,0.004936633,0.9058906,23.13795,0.4738161,0.07775723,0.1440707,482.0935,3.82925
0,48.19316,0.6,-1.25,0.02146465,0.04376925,0.03886494,0.004904308,0.9060965,23.14564,0.4703644,0.07714737,0.1440707,482.1441,3.829266
0,43.90332,0.6,-1.25,0.021633,0.04340326,0.038535,0.004868263,0.9063267,23.15449,0.4663713,0.076547,0.1440707,482.2061,3.829284
0,49.19488,0.6,-1.25,0.02180135,0.04313883,0.038298,0.004840827,0.9065051,23.1609,0.463503,0.0759559,0.1440707,482.2445,3.829296
0,47.292,0.6,-1.25,0.0219697,0.04282116,0.03801348,0.004807682,0.9067174,23.16858,0.4600595,0.07537386,0.1440707,482.2917,3.82931
0,42.59498,0.6,-1.25,0.02213805,0.04245269,0.03769257,0.004760114,0.90697,23.1775,0.4561758,0.07480068,0.1440707,482.3429,3.829325
0,42.74548,0.6,-1.25,0.0223064,0.04220595,0.03746441,0.004741539,0.9071229,23.18348,0.4534144,0.07423614,0.1440707,482.3859,3.829338
0,39.49061,0.6,-1.25,0.02247475,0.04181584,0.0371183,0.004697547,0.9073759,23.19292,0.4492256,0.07368007,0.1440707,482.4478,3.829357
0,42.15637,0.6,-1.25,0.0226431,0.04158849,0.03691068,0.004677807,0.9075213,23.19842,0.4467129,0.07313226,0.1440707,482.4849,3.829368
0,40.22773,0.6,-1.25,0.02281145,0.04118741,0.03656111,0.004626298,0.9077965,23.20813,0.4424822,0.07259254,0.1440707,482.5405,3.829385
0,46.45001,0.6,-1.25,0.0229798,0.04098744,0.03637466,0.004612778,0.9079202,23.21297,0.4402257,0.07206073,0.1440707,482.5754,3.829395
0,47.12122,0.6,-1.25,0.02314815,0.04069443,0.03611995,0.004574485,0.908126,23.22006,0.437143,0.07153665,0.1440707,482.6135,3.829407
0,48.47352,0.6,-1.25,0.0233165,0.04045455,0.03589857,0.004555988,0.9082738,23.22587,0.4344637,0.07102014,0.1440707,482.6556,3.829419
0,48.08281,0.6,-1.25,0.02348485,0.04015551,0.03563196,0.004523554,0.9084742,23.23311,0.4312371,0.07051103,0.1440707,482.6995,3.829433
0,40.89989,0.6,-1.25,0.0236532,0.03981406,0.03532975,0.004484315,0.9086937,23.24137,0.4275796,0.07000918,0.1440707,482.7546,3.829449
0,47.43322,0.6,-1.25,0.02382155,0.0396236,0.03515267,0.004470927,0.9088129,23.24598,0.4254365,0.06951441,0.1440707,482.787,3.829459
0,45.86512,0.6,-1.25,0.0239899,0.03940022,0.03495439,0.004445828,0.9089622,23.25139,0.4230368,0.06902659,0.1440707,482.82,3.829469
0,42.1664,0.6,-1.25,0.02415825,0.03907654,0.0346687,0.004407849,0.909177,23.25922,0.4195792,0.06854557,0.1440707,482.8686,3.829483
0,42.2551,0.6,-1.25,0.0243266,0.03872369,0.03436225,0.004361437,0.9094196,23.26776,0.4158704,0.06807121,0.1440707,482.917,3.829498
0,40.00803,0.6,-1.25,0.02449495,0.03842831,0.03409606,0.004332253,0.9096047,23.27491,0.4126488,0.06760336,0.1440707,482.9671,3.829513
0,37.7241,0.6,-1.25,0.0246633,0.0382147,0.0339068,0.004307896,0.9097546,23.28008,0.4103583,0.06714191,0.1440707,482.9948,3.829521
0,40.52713,0.6,-1.25,0.02483165,0.03806984,0.03377603,0.004293813,0.9098566,23.28359,0.4087757,0.06668671,0.1440707,483.0134,3.829527
0,45.69183,0.6,-1.25,0.025,0.03772031,0.03346644,0.004253869,0.9100799,23.29205,0.4050288,0.06623764,0.1440707,483.0703,3.829544
