Error,time,CO2share,E_appl,v,X_tot,X_het,X_hom,FE,CO2_out,CO_out,H2_out,delP,CD,Vcell
0,41.60434,0.2,-1.25,0.01666667,0.05251462,0.0515773,0.0009373133,0.7948433,7.644651,0.2080721,0.09935646,0.1440707,181.5341,3.720702
0,56.33952,0.2080808,-1.25,0.01666667,0.05240798,0.05142647,0.0009815051,0.8003823,7.954421,0.215846,0.09935646,0.1440707,187.5829,3.72356
0,47.5193,0.2161616,-1.25,0.01666667,0.05227823,0.05125154,0.001026685,0.8055888,8.264462,0.2234656,0.09935646,0.1440707,193.6348,3.726367
0,36.68092,0.2242424,-1.25,0.01666667,0.05234419,0.05126223,0.001081961,0.8103673,8.572817,0.2318678,0.09935646,0.1440707,199.6751,3.729118
0,35.23477,0.2323232,-1.25,0.01666667,0.05216827,0.05103955,0.001128717,0.8150469,8.883397,0.2391799,0.09935646,0.1440707,205.721,3.731825
0,0.33527,0.240404,-1.25,0.0166667,0,0,0,6.04944,9.69833,0,0,0.144071,30.2597,3.59927
0,42.49387,0.2484848,-1.25,0.01666667,0.05180641,0.0505893,0.001217114,0.8236145,9.504999,0.2535617,0.09935646,0.1440707,217.8263,3.737114
0,45.46858,0.2565657,-1.25,0.01666667,0.05200902,0.05072959,0.001279437,0.8273021,9.812008,0.2625337,0.09935646,0.1440707,223.8597,3.739689
0,40.95934,0.2646465,-1.25,0.01666667,0.05258933,0.05122942,0.001359912,0.830502,10.11485,0.2734707,0.09935646,0.1440707,229.8799,3.742222
0,37.0841,0.2727273,-1.25,0.01666667,0.05239264,0.05098118,0.001411464,0.8340901,10.42587,0.2804553,0.09935646,0.1440707,235.929,3.744731
0,37.51589,0.2808081,-1.25,0.01666667,0.0521435,0.05067468,0.001468821,0.8374826,10.7376,0.287029,0.09935646,0.1440707,241.9991,3.747215
0,33.71488,0.2888889,-1.25,0.01666667,0.05250011,0.05095495,0.001545161,0.8403653,11.04244,0.296922,0.09935646,0.1440707,248.0157,3.749645
0,37.5608,0.2969697,-1.25,0.01666667,0.0525031,0.05088944,0.001613666,0.8433068,11.35129,0.3048351,0.09935646,0.1440707,254.0632,3.752057
0,34.0953,0.3050505,-1.25,0.01666667,0.0527347,0.05104155,0.001693159,0.845966,11.65732,0.3140659,0.09935646,0.1440707,260.0925,3.754433
0,37.56571,0.3131313,-1.25,0.01666667,0.05280899,0.05103722,0.001771768,0.8485852,11.96518,0.3223581,0.09935646,0.1440707,266.1374,3.756788
0,34.58862,0.3212121,-1.25,0.01666667,0.05278652,0.0509407,0.001845823,0.8511638,12.27425,0.3300517,0.09935646,0.1440707,272.1849,3.759116
0,40.83097,0.3292929,-1.25,0.01666667,0.05309307,0.05115581,0.001937255,0.8534235,12.57896,0.3397837,0.09935646,0.1440707,278.2034,3.761409
0,53.5974,0.3373737,-1.25,0.01666667,0.05281055,0.05080699,0.002003561,0.855976,12.8915,0.3457482,0.09935646,0.1440707,284.2653,3.763694
0,53.41946,0.3454545,-1.25,0.01666667,0.05297634,0.05088097,0.002095375,0.8581192,13.19796,0.3545451,0.09935646,0.1440707,290.2963,3.765943
0,54.17016,0.3535354,-1.25,0.01666667,0.05275093,0.05058292,0.002168005,0.8604453,13.5099,0.3607131,0.09935646,0.1440707,296.3542,3.768181
0,42.33831,0.3616162,-1.25,0.01666667,0.05275517,0.0505027,0.002252463,0.8625409,13.81864,0.3683729,0.09935646,0.1440707,302.3902,3.770389
0,36.32668,0.369697,-1.25,0.01666667,0.05280264,0.05045875,0.002343895,0.8645051,14.12673,0.3762769,0.09935646,0.1440707,308.4297,3.772578
0,37.89352,0.3777778,-1.25,0.01666667,0.05327403,0.05079754,0.002476484,0.8660489,14.42832,0.3870832,0.09935646,0.1440707,314.4529,3.774741
0,39.58714,0.3858586,-1.25,0.01666667,0.05343396,0.05085045,0.002583517,0.8677904,14.73446,0.3957748,0.09935646,0.1440707,320.4805,3.776887
0,39.86046,0.3939394,-1.25,0.01666667,0.05366923,0.05096974,0.002699487,0.8694049,15.0393,0.4050112,0.09935646,0.1440707,326.5033,3.779014
0,39.88829,0.4020202,-1.25,0.01666667,0.05355542,0.05075973,0.002795688,0.8711953,15.34964,0.4116161,0.09935646,0.1440707,332.5561,3.781133
0,43.85449,0.410101,-1.25,0.01666667,0.05376431,0.05084597,0.002918336,0.8727008,15.65472,0.4206032,0.09935646,0.1440707,338.5806,3.783225
0,34.16824,0.4181818,-1.25,0.01666667,0.05368946,0.0506663,0.003023165,0.8743331,15.96445,0.4273754,0.09935646,0.1440707,344.6349,3.785312
0,41.9517,0.4262626,-1.25,0.01666667,0.0539546,0.050797,0.003157591,0.8756836,16.26838,0.4367577,0.09935646,0.1440707,350.6545,3.78737
0,42.6499,0.4343434,-1.25,0.01666667,0.05406226,0.05078034,0.003281918,0.8770919,16.5749,0.4448915,0.09935646,0.1440707,356.6876,3.789418
0,39.09954,0.4424242,-1.25,0.01666667,0.05431292,0.05089531,0.003417603,0.8783671,16.8788,0.4541945,0.09935646,0.1440707,362.7001,3.791445
0,41.58194,0.4505051,-1.25,0.01666667,0.05449829,0.05094408,0.00355421,0.8796283,17.18372,0.4629334,0.09935646,0.1440707,368.7229,3.79346
0,32.17559,0.4585859,-1.25,0.01666667,0.05461343,0.05092194,0.003691488,0.8808751,17.48982,0.4710324,0.09935646,0.1440707,374.7599,3.795467
0,33.3402,0.4666667,-1.25,0.01666667,0.05468513,0.05086479,0.00382034,0.8821343,17.79666,0.4787945,0.09935646,0.1440707,380.7903,3.797458
0,34.16431,0.4747475,-1.25,0.01666667,0.05459542,0.05064928,0.003946143,0.8834383,18.10654,0.4850216,0.09935646,0.1440707,386.849,3.799446
0,38.17469,0.4828283,-1.25,0.01666667,0.05496776,0.05086071,0.004107044,0.8844116,18.40749,0.4953365,0.09935646,0.1440707,392.8459,3.801401
0,38.55337,0.4909091,-1.25,0.01666667,0.05497912,0.05073607,0.004243043,0.8855858,18.71534,0.5023924,0.09935646,0.1440707,398.8863,3.803358
0,36.48567,0.4989899,-1.25,0.01666667,0.05521198,0.05081076,0.004401223,0.8865729,19.01872,0.511414,0.09935646,0.1440707,404.9011,3.805295
0,37.16336,0.5070707,-1.25,0.01666667,0.05534132,0.05079002,0.004551306,0.8875955,19.32407,0.5194839,0.09935646,0.1440707,410.928,3.807224
0,43.18098,0.5151515,-1.25,0.01666667,0.05536568,0.05068525,0.004680428,0.8886852,19.63152,0.5266739,0.09935646,0.1440707,416.9539,3.809143
0,48.06905,0.5232323,-1.25,0.01666667,0.05533163,0.0505229,0.00480873,0.8897761,19.94018,0.5332219,0.09935646,0.1440707,422.9904,3.811053
0,38.3262,0.5313131,-1.25,0.01666667,0.05533753,0.05038836,0.004949171,0.8907843,20.24801,0.5400151,0.09935646,0.1440707,429.0343,3.812956
0,44.30781,0.5393939,-1.25,0.01666667,0.05571168,0.05057631,0.00513537,0.8915063,20.54782,0.5502733,0.09935646,0.1440707,435.0344,3.814835
0,46.6067,0.5474747,-1.25,0.01666667,0.05553895,0.05030608,0.005232863,0.8926495,20.85947,0.5555329,0.09935646,0.1440707,441.0669,3.816714
0,42.40063,0.5555556,-1.25,0.01666667,0.05587646,0.05042654,0.005449918,0.8932678,21.1598,0.5650825,0.09935646,0.1440707,447.1075,3.818586
0,44.02469,0.5636364,-1.25,0.01666667,0.05570797,0.05017334,0.005534631,0.8943738,21.47141,0.5704232,0.09935646,0.1440707,453.1308,3.820443
0,47.39939,0.5717172,-1.25,0.01666667,0.05565456,0.04998837,0.005666196,0.8952958,21.78047,0.5764682,0.09935646,0.1440707,459.18,3.822299
0,40.36617,0.579798,-1.25,0.01666667,0.05605566,0.05018049,0.005875169,0.8958548,22.07894,0.5868631,0.09935646,0.1440707,465.1819,3.824132
0,45.92601,0.5878788,-1.25,0.01666667,0.05575291,0.04980288,0.005950025,0.8969554,22.39384,0.5905647,0.09935646,0.1440707,471.2376,3.825972
0,49.64912,0.5959596,-1.25,0.01666667,0.05592698,0.04981908,0.006107906,0.8976701,22.69748,0.598877,0.09935646,0.1440707,477.2468,3.82779
0,54.09681,0.6040404,-1.25,0.01666667,0.05595992,0.04969943,0.006260489,0.8984303,23.00444,0.6055396,0.09935646,0.1440707,483.2917,3.829611
0,46.83462,0.6121212,-1.25,0.01666667,0.05612845,0.04971191,0.006416534,0.8991124,23.30803,0.6137946,0.09935646,0.1440707,489.2983,3.831412
0,46.6444,0.620202,-1.25,0.01666667,0.05627511,0.04970444,0.006570667,0.899791,23.61205,0.6218041,0.09935646,0.1440707,495.3068,3.833206
0,50.98787,0.6282828,-1.25,0.01666667,0.05632477,0.0496155,0.00670927,0.9005013,23.91844,0.6287785,0.09935646,0.1440707,501.3381,3.834999
0,49.63051,0.6363636,-1.25,0.01666667,0.05634544,0.04949986,0.00684558,0.9012186,24.22555,0.6353814,0.09935646,0.1440707,507.371,3.836785
0,50.12987,0.6444444,-1.25,0.01666667,0.05649462,0.0494932,0.007001421,0.9018344,24.52929,0.6433632,0.09935646,0.1440707,513.3817,3.838557
0,52.41485,0.6525253,-1.25,0.01666667,0.05684871,0.04964502,0.007203688,0.9022816,24.82755,0.6534287,0.09935646,0.1440707,519.3665,3.840315
0,45.64186,0.6606061,-1.25,0.01666667,0.05664088,0.04933841,0.00730247,0.903079,25.14055,0.6574351,0.09935646,0.1440707,525.4498,3.842094
0,53.71838,0.6686869,-1.25,0.01666667,0.05686306,0.0493813,0.00748176,0.9035634,25.44209,0.6660556,0.09935646,0.1440707,531.4669,3.843848
0,48.13136,0.6767677,-1.25,0.01666667,0.05746615,0.04973841,0.00772774,0.9038312,25.73308,0.6789796,0.09935646,0.1440707,537.3863,3.845566
0,47.96887,0.6848485,-1.25,0.01666667,0.05716832,0.04937105,0.007797272,0.9046351,26.04857,0.682012,0.09935646,0.1440707,543.4913,3.847332
0,49.22883,0.6929293,-1.25,0.01666667,0.05734048,0.04938921,0.007951273,0.9051746,26.35111,0.6903132,0.09935646,0.1440707,549.4761,3.849057
0,47.09302,0.7010101,-1.25,0.01666667,0.05743421,0.04933723,0.008096981,0.9057206,26.65576,0.6976285,0.09935646,0.1440707,555.4936,3.850785
0,46.54643,0.7090909,-1.25,0.01666667,0.05766056,0.04939584,0.008264717,0.9061709,26.95656,0.7065086,0.09935646,0.1440707,561.4829,3.852499
0,44.72304,0.7171717,-1.25,0.01666667,0.05780267,0.04937408,0.008428592,0.9066361,27.25964,0.7142452,0.09935646,0.1440707,567.5045,3.854217
0,45.92918,0.7252525,-1.25,0.01666667,0.05796329,0.0493778,0.008585498,0.907108,27.5621,0.7223474,0.09935646,0.1440707,573.5026,3.855922
0,44.63497,0.7333333,-1.25,0.01666667,0.05804257,0.04932457,0.008718001,0.907611,27.86685,0.7296085,0.09935646,0.1440707,579.5225,3.857627
0,45.59832,0.7414141,-1.25,0.01666667,0.05784926,0.04903576,0.008813506,0.9082426,28.1797,0.7333291,0.09935646,0.1440707,585.6211,3.859349
0,43.84866,0.7494949,-1.25,0.01666667,0.05827134,0.04926201,0.009009333,0.9085319,28.47408,0.7447423,0.09935646,0.1440707,591.5503,3.861018
0,48.90737,0.7575758,-1.25,0.01666667,0.0579478,0.04889719,0.009050612,0.9092703,28.79096,0.747197,0.09935646,0.1440707,597.6479,3.862729
0,37.43255,0.7656566,-1.25,0.01666667,0.05927978,0.04978095,0.009498827,0.9088282,29.05693,0.7688159,0.09935646,0.1440707,603.4621,3.864356
0,45.49657,0.7737374,-1.25,0.01666667,0.058593,0.04914178,0.009451216,0.909841,29.38503,0.7669546,0.09935646,0.1440707,609.597,3.866067
0,47.61304,0.7818182,-1.25,0.01666667,0.05848342,0.04895881,0.009524613,0.910415,29.69538,0.7720791,0.09935646,0.1440707,615.6469,3.867749
0,46.62442,0.789899,-1.25,0.01666667,0.05837826,0.04875254,0.009625722,0.9109192,30.00566,0.7767727,0.09935646,0.1440707,621.7353,3.869437
0,38.4817,0.7979798,-1.25,0.01666667,0.05906,0.04916344,0.009896555,0.9109635,30.29068,0.7913331,0.09935646,0.1440707,627.6105,3.871061
0,44.65008,0.8060606,-1.25,0.01666667,0.05904377,0.04903667,0.0100071,0.9114469,30.59795,0.7972855,0.09935646,0.1440707,633.6407,3.872724
0,54.75233,0.8141414,-1.25,0.01666667,0.06090859,0.04904267,0.01186591,0.9116948,30.84345,0.8053769,0.09935646,0.1440707,638.551,3.874074
0,44.08773,0.8222222,-1.25,0.01666667,0.06018495,0.04965109,0.01053386,0.9114721,31.17359,0.8234612,0.09935646,0.1440707,645.5436,3.875991
0,47.00602,0.830303,-1.25,0.01666667,0.05924991,0.04886818,0.01038173,0.9126387,31.51128,0.8184421,0.09935646,0.1440707,651.7024,3.877675
0,43.30394,0.8383838,-1.25,0.01666667,0.05967043,0.04905568,0.01061475,0.9127655,31.80374,0.8295782,0.09935646,0.1440707,657.6595,3.879299
0,44.59752,0.8464646,-1.25,0.01666667,0.05940986,0.04877718,0.01063269,0.9134092,32.11918,0.8328191,0.09935646,0.1440707,663.7143,3.880946
0,56.95578,0.8545455,-1.25,0.01666667,0.05914171,0.04847409,0.01066762,0.9139689,32.43505,0.8355453,0.09935646,0.1440707,669.8311,3.882605
0,54.90705,0.8626263,-1.25,0.01666667,0.0594642,0.04860515,0.01085905,0.9141718,32.73054,0.8457269,0.09935646,0.1440707,675.7834,3.884215
0,57.12976,0.8707071,-1.25,0.01666667,0.05930622,0.04838504,0.01092118,0.9146721,33.0427,0.8497836,0.09935646,0.1440707,681.8554,3.885854
0,47.61747,0.8787879,-1.25,0.01666667,0.05964033,0.04854124,0.01109909,0.914877,33.33751,0.8604389,0.09935646,0.1440707,687.785,3.887451
0,42.88439,0.8868687,-1.25,0.01666667,0.05994238,0.04866021,0.01128217,0.91506,33.63326,0.8704794,0.09935646,0.1440707,693.7477,3.889052
0,41.86035,0.8949495,-1.25,0.01666667,0.06015303,0.04870908,0.01144395,0.9152961,33.93211,0.879293,0.09935646,0.1440707,699.7314,3.890655
0,54.97986,0.9030303,-1.25,0.01666667,0.05951079,0.04815097,0.01135983,0.9160719,34.26189,0.8770665,0.09935646,0.1440707,705.9337,3.892313
0,53.86147,0.9111111,-1.25,0.01666667,0.05966515,0.04817381,0.01149134,0.9163404,34.56281,0.8853348,0.09935646,0.1440707,711.9252,3.893911
0,51.82819,0.9191919,-1.25,0.01666667,0.05979439,0.04817743,0.01161696,0.9166362,34.86456,0.893254,0.09935646,0.1440707,717.909,3.895503
0,51.56316,0.9272727,-1.25,0.01666667,0.05984183,0.04811975,0.01172207,0.9169525,35.16929,0.9000281,0.09935646,0.1440707,723.9339,3.897102
0,76.10122,0.9353535,-1.25,0.01666667,0.0600343,0.04815857,0.01187573,0.9171772,35.46851,0.9086038,0.09935646,0.1440707,729.9143,3.898686
0,52.43641,0.9434343,-1.25,0.01666667,0.06015549,0.0481617,0.0119938,0.9174508,35.77032,0.916513,0.09935646,0.1440707,735.9058,3.90027
0,112.8511,0.9515152,-1.25,0.01666667,0.06029581,0.04816837,0.01212744,0.9177006,36.07132,0.9244914,0.09935646,0.1440707,741.8963,3.901849
0,51.25019,0.959596,-1.25,0.01666667,0.06047834,0.04820809,0.01227025,0.9179158,36.37059,0.9331114,0.09935646,0.1440707,747.8762,3.903423
0,47.81517,0.9676768,-1.25,0.01666667,0.0609069,0.04841443,0.01249247,0.9179578,36.66014,0.9449968,0.09935646,0.1440707,753.7956,3.904978
0,84.15343,0.9757576,-1.25,0.01666667,0.06026683,0.04789513,0.0123717,0.9186867,36.99148,0.9426674,0.09935646,0.1440707,760.0049,3.906605
0,114.1176,0.9838384,-1.25,0.01666667,0.06044248,0.04793165,0.01251083,0.918892,37.29085,0.9511989,0.09935646,0.1440707,765.9845,3.908169
1,113.7584,0.9919192,-1.25,0.01666667,,,,,,,,,,
0,63.99172,1,-1.25,0.01666667,0.06061668,0.04788894,0.01272774,0.9194156,37.8964,0.9659628,0.09935646,0.1440707,777.9798,3.911296
