Error,time,CO2share,E_appl,v,X_tot,X_het,X_hom,FE,CO2_out,CO_out,H2_out,delP,CD,Vcell
1,0.29385,0.6,-2,0.016667,,,,,,,,,,
1,0.40157,0.6,-1.9848,0.016667,,,,,,,,,,
0,0.5125312,0.6,-1.96969696969697,0.01666666666666667,0,0,0,-6.276268704595932e-56,24.20507410161557,0,0,0.1440706666666666,-7.531432743811432e+61,-1.462482027916071e+58
1,0.26992,0.6,-1.9545,0.016667,,,,,,,,,,
2,0.8080999,0.6,-1.9393939394,0.016666666667,-0.024720605343,-0.024720695116,8.9772424838e-08,-2.8478328589,24.803438186,-0.29918312856,0,0.14407066667,-1152461.1418,-222.05521303
1,0.34341,0.6,-1.9242,0.016667,,,,,,,,,,
0,0.5000316,0.6,-1.909090909,0.01666666667,0,0,0,13.37568276,24.2050741,0,0,0.1440706667,162246.5782,36.19936034
2,0.7823086,0.6,-1.893939394,0.01666666667,0.005578803428,-0.008855057524,0.01443386095,-5.840242508,24.07003875,-0.1071686618,0,0.1440706667,-304164.8971,-57.30685615
0,20.4116262,0.6,-1.878787879,0.01666666667,0.6795683813,0.4719832244,0.207585157,0.7213068857,7.756071074,5.712194461,0,0.1440706667,653225.2734,131.5807187
0,24.4407095,0.6,-1.863636364,0.01666666667,0.9927933234,0.7038251362,0.2889681872,0.01506255185,0.1744381399,8.518069789,0,0.1440706667,579111.5983,117.1677062
1,0.26373,0.6,-1.8485,0.016667,,,,,,,,,,
0,14.967121,0.6,-1.833333333,0.01666666667,0.7177631433,0.3115648415,0.4061983018,0.6186149316,6.831564032,3.770725037,0,0.1440706667,374175.4619,77.31968864
0,1.0978443,0.6,-1.81818182,0.0166666667,0.0643002753,0.0378744081,0.0264258672,9.98046468,22.6486812,0.458376427,0,0.144070667,63291.5612,16.844623
0,32.0423781,0.6,-1.803030303,0.01666666667,0.9965375355,0.7137035473,0.2828339881,0.006439659844,0.0838092109,8.637623625,0,0.1440706667,298786.2242,62.6384581
0,11.2119964,0.6,-1.787878788,0.01666666667,0.02262178023,0.0158724561,0.00674932413,3.692844285,23.65751223,0.1920969881,0,0.1440706667,121064.8081,28.06627238
1,0.26351,0.6,-1.7727,0.016667,,,,,,,,,,
0,29.6804199,0.6,-1.757575758,0.01666666667,0.8959969968,0.6295325667,0.2664644301,0.1925029339,2.5174004,7.618941213,0,0.1440706667,167448.3882,37.0595738
0,16.9609453,0.6,-1.742424242,0.01666666667,0.3316277915,0.2082342542,0.1233935373,-0.3597033928,16.17799883,2.520162777,0,0.1440706667,-474050.2577,-90.47015226
0,21.0947955,0.6,-1.7272727273,0.016666666667,0.59549267462,0.45599018349,0.13950249112,-0.025460086394,9.7911297856,5.5186380905,0,0.14407066667,-3336530.8874,-646.43285961
0,29.2894883,0.6,-1.71212121,0.0166666667,0.907908887,0.661668612,0.246240275,0.17326853,2.22907222,8.00786889,0,0.144070667,91876.5664,22.3084565
2,36.5786989,0.6,-1.6969697,0.0166666667,0.94261779,-0.203554506,1.1461723,0.0884412759,1.38894064,-2.46352595,0,0.144070667,92322.4006,22.3801275
2,31.3292195,0.6,-1.68181818,0.0166666667,0.595378909,-1.45434555,2.04972446,-0.538792018,9.79388349,-17.6012709,0,0.144070667,-87961.024,-15.4719445
0,7.8135122,0.6,-1.66666667,0.0166666667,0.354777662,0.14329388,0.211483782,2.64981653,15.6176545,1.73421949,0,0.144070667,23476.5673,8.91072357
0,20.1056072,0.6,-1.651515152,0.01666666667,0.9351018208,0.7966324371,0.1384693837,-0.04036266226,1.570865236,9.641273586,0,0.1440706667,-127606.2097,-23.21981638
0,10.1334143,0.6,-1.63636364,0.0166666667,0.0951369147,0.0322587176,0.0628781971,2.90679114,21.902278,0.390412325,0,0.144070667,20336.033,8.26320077
2,8.922306,0.6,-1.6212121,0.016666667,0.038978017,-0.061184546,0.10016256,5.9530255,23.261608,-0.74048823,0,0.14407067,8681.0222,5.9410957
2,13.6788161,0.6,-1.6060606061,0.016666666667,0.78111952152,-0.0050892650492,0.78620878657,-0.0069267881891,5.298018201,-0.061593018819,0,0.14407066667,-1398712.6541,-270.21654452
0,14.8235289,0.6,-1.59090909,0.0166666667,0.258743131,0.0204781637,0.238264968,1.69016664,17.9421774,0.247837735,0,0.144070667,15979.7758,7.35944496
2,32.7246391,0.6,-1.57575758,0.0166666667,0.198272853,-0.176424157,0.37469701,1.59051696,19.405865,-2.1351799,0,0.144070667,15118.1223,7.17412621
2,40.9446546,0.6,-1.56060606,0.0166666667,0.249280205,-1.16531471,1.41459492,1.56280972,18.1712283,-14.1032645,0,0.144070667,11859.3102,6.51369157
0,1.3050246,0.6,-1.545454545455,0.01666666666667,0.9022742238125,0.02170993855157,0.8805642852609,-7.246030668705e-06,2.365459654257,0.2627453356911,0,0.1440706666667,-274078341.8463,-53220.50761588
0,24.671053,0.6,-1.530303,0.016666667,0.07713487,0.063524126,0.013610744,2.0090176,22.338019,0.76880309,0,0.14407067,7684.1945,5.6503515
2,13.1839009,0.6,-1.515151515,0.01666666667,0.2174302363,-0.03005195899,0.2474821953,-0.01149371311,18.94215912,-0.3637049471,0,0.1440706667,-937528.8834,-180.7324928
0,15.865287,0.6,-1.5,0.016666667,0.02811212,0.022449238,0.0056628826,4.2224485,23.524618,0.27169273,0,0.14407067,2608.8664,4.5789962
0,3.8778398,0.6,-1.4848484848,0.016666666667,0.068523026388,0.031513789494,0.037009236894,-0.0022884872559,22.54646917,0.38139680497,0,0.14407066667,-3797534.7616,-736.20140556
0,2.5683337,0.6,-1.469697,0.016666667,0.40735055,0.016464187,0.39088637,-1.6307901,14.345124,0.19925843,0,0.14407067,-2790.9756,1.031871
0,7.5400216,0.6,-1.4545454545,0.016666666667,0.58280836652,0.0075235060425,0.57528486048,-0.0019461233367,10.098154403,0.091053510632,0,0.14407066667,-1355188.0089,-261.91465554
0,13.169085,0.6,-1.4393939,0.016666667,0.80310622,0.028790748,0.77431547,-0.14989264,4.7658286,0.3484411,0,0.14407067,-6835.4029,0.17018132
0,12.8576035,0.6,-1.42424242424,0.0166666666667,0.0291441490674,0.00146602224791,0.0276781268195,-0.00011949141797,23.4996378138,0.0177425885727,0,0.144070666667,-34802348.0083,-6757.007465
2,9.7094149,0.6,-1.4090909,0.016666667,0.059718041,-0.0050684296,0.06478647,3.1438761,22.759594,-0.061340857,0,0.14407067,1054.5357,4.1397183
0,39.768088,0.6,-1.3939394,0.016666667,0.20747109,0.20746887,2.2218165e-06,0.7946092,19.183221,2.5108997,0.63118141,0.14407067,2894.7311,4.5337885
0,37.580832,0.6,-1.3787879,0.016666667,0.20897683,0.14264632,0.066330516,0.79313394,19.146774,1.7263824,0.51955592,0.14407067,2382.6895,4.4092046
0,45.830594,0.6,-1.3636364,0.016666667,0.17236576,0.12095093,0.05141483,0.82003324,20.032948,1.4638131,0.42767158,0.14407067,1984.7686,4.3073943
0,34.407235,0.6,-1.3484848,0.016666667,0.15715344,0.11277626,0.044377177,0.82892367,20.401164,1.3648788,0.35203714,0.14407067,1645.9436,4.2168302
0,33.459401,0.6,-1.3333333,0.016666667,0.13041855,0.096750741,0.033667805,0.84792665,21.048284,1.1709294,0.28977878,0.14407067,1366.5045,4.137856
0,35.833217,0.6,-1.3181818,0.016666667,0.11340041,0.086809172,0.02659124,0.85965392,21.460209,1.0506112,0.23853091,0.14407067,1131.2043,4.0673031
0,54.52567,0.6,-1.30303,0.01666667,0.09978763,0.07892285,0.02086477,0.8689312,21.78971,0.9551668,0.1963463,0.1440707,935.3514,4.004352
1,240.0423,0.6,-1.287879,0.01666667,,,,,,,,,,
0,56.94752,0.6,-1.272727,0.01666667,0.07284904,0.06171801,0.01113103,0.8868263,22.44176,0.7469445,0.133039,0.1440707,639.563,3.897079
0,50.58262,0.6,-1.257576,0.01666667,0.06134404,0.05373178,0.007612254,0.8944544,22.72024,0.6502909,0.1095108,0.1440707,528.4425,3.850543
0,43.40538,0.6,-1.242424,0.01666667,0.05133506,0.04626983,0.005065238,0.9010901,22.96251,0.5599823,0.09014365,0.1440707,436.3874,3.807681
0,38.74738,0.6,-1.227273,0.01666667,0.04257069,0.03921962,0.003351068,0.9068769,23.17465,0.4746569,0.07420159,0.1440707,360.2169,3.767882
0,46.8524,0.6,-1.212121,0.01666667,0.03503345,0.0327665,0.002266947,0.9118779,23.35709,0.3965578,0.06107892,0.1440707,297.2072,3.730616
0,52.43008,0.6,-1.19697,0.01666667,0.02905424,0.02743438,0.001619857,0.9158102,23.50181,0.3320256,0.05027701,0.1440707,245.1046,3.695443
0,44.86282,0.6,-1.181818,0.01666667,0.024033,0.02283535,0.001197642,0.9190965,23.62335,0.2763657,0.04138543,0.1440707,202.0757,3.662017
0,24.56248,0.6,-1.166667,0.01666667,0.01994145,0.01902535,0.0009160964,0.9217589,23.72239,0.2302551,0.03406635,0.1440707,166.5531,3.630034
0,11.19232,0.6,-1.151515,0.01666667,0.01655328,0.01583555,0.0007177375,0.9239568,23.8044,0.1916503,0.02804166,0.1440707,137.2446,3.599246
0,11.98993,0.6,-1.136364,0.01666667,0.01372641,0.0131535,0.0005729078,0.9257863,23.87283,0.1591908,0.02308244,0.1440707,113.0735,3.569447
0,16.9743,0.6,-1.12121,0.0166667,0.0113613,0.010898,0.000463323,0.927315,23.9301,0.131894,0.0190003,0.144071,93.1457,3.54046
0,22.7652,0.6,-1.10606,0.0166667,0.00940239,0.00902256,0.000379827,0.92858,23.9775,0.109196,0.01564,0.144071,76.72,3.51215
0,36.8862,0.6,-1.09091,0.0166667,0.00777552,0.00746035,0.000315171,0.929628,24.0169,0.0902891,0.0128741,0.144071,63.1843,3.4844
0,41.0474,0.6,-1.07576,0.0166667,0.00642946,0.0061652,0.00026426,0.930495,24.0494,0.0746146,0.0105973,0.144071,52.0321,3.45711
0,34.044,0.6,-1.06061,0.0166667,0.00531005,0.00508717,0.000222883,0.931216,24.0765,0.0615676,0.00872313,0.144071,42.8452,3.43019
0,23.4954,0.6,-1.04545,0.0166667,0.00438543,0.00419579,0.000189647,0.931811,24.0989,0.0507797,0.00718043,0.144071,35.2782,3.40358
0,13.4526,0.6,-1.0303,0.0166667,0.00362265,0.00345963,0.000163019,0.932302,24.1174,0.0418703,0.00591056,0.144071,29.0461,3.37723
0,11.7561,0.6,-1.01515,0.0166667,0.00299344,0.00285189,0.00014155,0.932706,24.1326,0.0345151,0.00486527,0.144071,23.914,3.35109
0,7.39369,0.6,-1,0.0166667,0.00247329,0.00234953,0.000123757,0.933041,24.1452,0.0284353,0.00400484,0.144071,19.688,3.32513
0,7.24471,0.6,-0.984848,0.0166667,0.00204619,0.00193635,0.000109834,0.933315,24.1555,0.0234348,0.00329657,0.144071,16.2083,3.29931
0,7.20705,0.6,-0.969697,0.0166667,0.00169362,0.00159538,9.82325e-05,0.933541,24.1641,0.0193082,0.00271357,0.144071,13.3433,3.27361
0,6.89233,0.6,-0.954545,0.0166667,0.00140297,0.00131423,8.874e-05,0.933728,24.1711,0.0159055,0.00223367,0.144071,10.9845,3.248
0,6.83216,0.6,-0.939394,0.0166667,0.00116361,0.00108252,8.1097e-05,0.933882,24.1769,0.0131012,0.00183864,0.144071,9.04257,3.22248
0,6.42074,0.6,-0.924242,0.0166667,0.000966384,0.000891559,7.48248e-05,0.934009,24.1817,0.0107901,0.00151347,0.144071,7.44384,3.19702
0,6.60719,0.6,-0.909091,0.0166667,0.000803949,0.000734201,6.97489e-05,0.934113,24.1856,0.00888569,0.00124581,0.144071,6.12769,3.17162
0,6.47446,0.6,-0.893939,0.0166667,0.00067011,0.000604561,6.55491e-05,0.934199,24.1889,0.00731673,0.00102549,0.144071,5.04421,3.14626
0,6.47072,0.6,-0.878788,0.0166667,0.000559945,0.000497802,6.21435e-05,0.934269,24.1915,0.00602466,0.00084413,0.144071,4.15228,3.12093
0,6.33174,0.6,-0.863636,0.0166667,0.000469176,0.000409865,5.93109e-05,0.934328,24.1937,0.00496041,0.000694844,0.144071,3.41804,3.09564
0,6.57396,0.6,-0.848485,0.0166667,0.00039448,0.00033745,5.70299e-05,0.934376,24.1955,0.004084,0.00057196,0.144071,2.81362,3.07037
0,6.50235,0.6,-0.833333,0.0166667,0.000332891,0.000277816,5.50756e-05,0.934415,24.197,0.00336227,0.000470808,0.144071,2.31607,3.04513
0,6.55794,0.6,-0.818182,0.0166667,0.000282241,0.000228716,5.35249e-05,0.934448,24.1982,0.00276804,0.000387545,0.144071,1.9065,3.0199
0,6.49332,0.6,-0.80303,0.0166667,0.00024051,0.000188289,5.2221e-05,0.934475,24.1993,0.00227878,0.000319007,0.144071,1.56935,2.99468
0,6.34508,0.6,-0.787879,0.0166667,0.000206179,0.000155005,5.11745e-05,0.934497,24.2001,0.00187595,0.00026259,0.144071,1.29182,2.96947
0,6.28267,0.6,-0.772727,0.0166667,0.000177907,0.000127602,5.03049e-05,0.934515,24.2008,0.00154431,0.00021615,0.144071,1.06337,2.94428
0,6.51005,0.6,-0.757576,0.0166667,0.000154689,0.000105042,4.96464e-05,0.93453,24.2013,0.00127128,0.000177924,0.144071,0.875319,2.91909
0,6.39788,0.6,-0.742424,0.0166667,0.000135479,8.64703e-05,4.90091e-05,0.934542,24.2018,0.00104651,0.000146458,0.144071,0.720522,2.89391
0,6.49482,0.6,-0.727273,0.0166667,0.000119712,7.1181e-05,4.85307e-05,0.934552,24.2022,0.000861471,0.000120556,0.144071,0.593099,2.86873
0,5.55098,0.6,-0.712121,0.0166667,0.000106745,5.85947e-05,4.81498e-05,0.93456,24.2025,0.000709145,9.92358e-05,0.144071,0.488211,2.84356
0,5.50392,0.6,-0.69697,0.0166667,9.60619e-05,4.82337e-05,4.78282e-05,0.934567,24.2027,0.00058375,8.16858e-05,0.144071,0.401871,2.81839
0,5.46584,0.6,-0.681818,0.0166667,8.72689e-05,3.97045e-05,4.75645e-05,0.934573,24.203,0.000480525,6.72395e-05,0.144071,0.3308,2.79323
0,65.1065,0.6,-0.666667,0.0166667,8.02609e-05,3.26854e-05,4.75755e-05,0.934577,24.2031,0.000395576,5.53481e-05,0.144071,0.272298,2.76807
0,6.10145,0.6,-0.651515,0.0166667,7.42416e-05,2.69038e-05,4.73378e-05,0.934581,24.2033,0.000325604,4.55597e-05,0.144071,0.224142,2.74291
0,5.81881,0.6,-0.636364,0.0166667,6.91488e-05,2.21461e-05,4.70027e-05,0.934584,24.2034,0.000268024,3.75024e-05,0.144071,0.184503,2.71775
0,5.54861,0.6,-0.621212,0.0166667,6.51196e-05,1.82297e-05,4.68899e-05,0.934587,24.2035,0.000220626,3.087e-05,0.144071,0.151873,2.69259
0,5.34529,0.6,-0.606061,0.0166667,6.17925e-05,1.50059e-05,4.67866e-05,0.934589,24.2036,0.00018161,2.54106e-05,0.144071,0.125014,2.66743
0,5.21561,0.6,-0.590909,0.0166667,5.90694e-05,1.23522e-05,4.67172e-05,0.934591,24.2036,0.000149493,2.09167e-05,0.144071,0.102905,2.64228
0,5.14852,0.6,-0.575758,0.0166667,5.67948e-05,1.01678e-05,4.6627e-05,0.934592,24.2037,0.000123056,1.72175e-05,0.144071,0.0847065,2.61712
0,5.17464,0.6,-0.560606,0.0166667,5.49309e-05,8.36963e-06,4.65612e-05,0.934594,24.2037,0.000101294,1.41726e-05,0.144071,0.0697261,2.59197
0,5.11787,0.6,-0.545455,0.0166667,5.34135e-05,6.88948e-06,4.65241e-05,0.934595,24.2038,8.33802e-05,1.16661e-05,0.144071,0.0573949,2.56681
0,4.96592,0.6,-0.530303,0.0166667,5.22669e-05,5.67109e-06,4.65958e-05,0.934595,24.2038,6.86345e-05,9.60297e-06,0.144071,0.0472446,2.54166
0,5.00513,0.6,-0.515152,0.0166667,5.11207e-05,4.66816e-06,4.64525e-05,0.934596,24.2038,5.64966e-05,7.90467e-06,0.144071,0.0388893,2.51651
0,4.96627,0.6,-0.5,0.0166667,5.02593e-05,3.8426e-06,4.64167e-05,0.934597,24.2039,4.65052e-05,6.50671e-06,0.144071,0.0320117,2.49135
