Error,time,CO2share,E_appl,v,X_tot,X_het,X_hom,FE,CO2_out,CO_out,H2_out,delP,CD,Vcell,maxRes,Solver
0,51.9562,0.2,-1.25,0.045833,0.17721,0.1765,0.00070998,0.71676,6.6386,0.71203,0.36126,467.018,174.8165,3.7175,3.6674e-05,Heun
0,37.1333,0.20808,-1.25,0.045833,0.17669,0.17596,0.0007312,0.72231,6.9111,0.73853,0.36126,467.018,180.5972,3.7203,1.8159e-05,Heun
0,42.5337,0.21616,-1.25,0.045833,0.17726,0.1765,0.00076039,0.72675,7.1746,0.76957,0.36126,467.018,186.3335,3.723,3.0625e-05,Heun
0,42.5903,0.22424,-1.25,0.045833,0.17745,0.17667,0.0007857,0.73121,7.441,0.7991,0.36126,467.018,192.0749,3.7256,2.9421e-05,Heun
0,41.6729,0.23232,-1.25,0.045833,0.17637,0.17556,0.00080406,0.73624,7.7193,0.82273,0.36126,467.018,197.8995,3.7283,1.2454e-05,Heun
0,47.9392,0.2404,-1.25,0.045833,0.17634,0.17552,0.00082867,0.74023,7.9881,0.85111,0.36126,467.018,203.6855,3.7309,2.6715e-05,Heun
0,46.5666,0.24848,-1.25,0.045833,0.17657,0.17571,0.00085506,0.74393,8.2543,0.88071,0.36126,467.018,209.428,3.7335,8.433e-05,Heun
0,46.8996,0.25657,-1.25,0.045833,0.17697,0.17609,0.00088144,0.74731,8.5186,0.9113,0.36126,467.018,215.1552,3.736,1.8102e-05,Heun
0,49.0874,0.26465,-1.25,0.045833,0.17664,0.17574,0.00090554,0.75081,8.7904,0.93812,0.36126,467.018,220.9829,3.7385,1.8179e-05,Heun
0,52.6208,0.27273,-1.25,0.045833,0.1761,0.17518,0.00092732,0.75439,9.0648,0.96368,0.36126,467.018,226.7999,3.7409,1.159e-05,Heun
0,55.0064,0.28081,-1.25,0.045833,0.17582,0.17487,0.00095028,0.7577,9.3365,0.9905,0.36126,467.018,232.5794,3.7433,8.2755e-06,Heun
0,59.099,0.28889,-1.25,0.045833,0.17641,0.17543,0.00097979,0.76023,9.5983,1.0223,0.36126,467.018,238.3053,3.7457,4.2031e-06,Heun
0,59.893,0.29697,-1.25,0.045833,0.17603,0.17503,0.0010016,0.76336,9.8714,1.0484,0.36126,467.018,244.0806,3.7481,1.2015e-05,Heun
0,57.0551,0.30505,-1.25,0.045833,0.17598,0.17495,0.0010269,0.76598,10.1406,1.0765,0.36126,467.018,249.88,3.7504,1.0802e-05,Heun
0,61.4526,0.31313,-1.25,0.045833,0.17577,0.17472,0.0010499,0.76879,10.4119,1.1035,0.36126,467.018,255.6248,3.7527,2.0776e-05,Heun
0,60.0983,0.32121,-1.25,0.045833,0.1763,0.17522,0.0010798,0.77083,10.6738,1.1353,0.36126,467.018,261.3615,3.7549,3.4336e-06,Heun
0,58.508,0.32929,-1.25,0.045833,0.17597,0.17487,0.0011028,0.77335,10.9466,1.1615,0.36126,467.018,267.1693,3.7572,9.7004e-06,Heun
0,59.2866,0.33737,-1.25,0.045833,0.1761,0.17497,0.0011286,0.77551,11.2135,1.1907,0.36126,467.018,272.9203,3.7594,1.5901e-05,Heun
0,71.6793,0.34545,-1.25,0.045833,0.1762,0.17505,0.0011556,0.77758,11.4806,1.2198,0.36126,467.018,278.6769,3.7616,9.4371e-06,Heun
0,61.3371,0.35354,-1.25,0.045833,0.17544,0.17426,0.0011762,0.7801,11.7601,1.2427,0.36126,467.018,284.5403,3.7638,1.7161e-05,Heun
0,83.0213,0.36162,-1.25,0.045833,0.17595,0.17474,0.0012064,0.78176,12.0215,1.2746,0.36126,467.018,290.2463,3.7659,1.1354e-05,Heun
0,66.5525,0.3697,-1.25,0.045833,0.17537,0.17414,0.0012276,0.784,12.2988,1.2986,0.36126,467.018,296.0914,3.7681,6.8866e-06,Heun
0,65.6721,0.37778,-1.25,0.045833,0.17558,0.17432,0.0012561,0.78564,12.5644,1.3283,0.36126,467.018,301.8581,3.7702,5.7355e-06,Heun
0,75.1258,0.38586,-1.25,0.045833,0.17548,0.1742,0.0012822,0.78745,12.8346,1.3558,0.36126,467.018,307.6387,3.7723,5.6881e-06,Heun
0,80.5483,0.39394,-1.25,0.045833,0.249,0.15869,0.090305,0.78064,11.9351,1.261,0.36126,467.018,288.5757,3.7653,1.2393e-06,Heun
0,64.7452,0.40202,-1.25,0.045833,0.17601,0.17467,0.0013391,0.79039,13.3636,1.4165,0.36126,467.018,319.1261,3.7764,8.2253e-07,Heun
0,88.187,0.4101,-1.25,0.045833,0.17575,0.17438,0.0013649,0.79212,13.6366,1.4425,0.36126,467.018,324.935,3.7785,9.8731e-07,Heun
0,95.6949,0.41818,-1.25,0.045833,0.17592,0.17453,0.0013921,0.79355,13.9023,1.4722,0.36126,467.018,330.6699,3.7805,9.8179e-07,Heun
0,73.9693,0.42626,-1.25,0.045833,0.17562,0.1742,0.0014178,0.79516,14.1762,1.4978,0.36126,467.018,336.5014,3.7825,1.9339e-06,Heun
0,82.3587,0.43434,-1.25,0.045833,0.17576,0.17431,0.001447,0.79647,14.4425,1.5272,0.36126,467.018,342.2564,3.7845,2.9925e-06,Heun
0,63.089,0.44242,-1.25,0.045833,0.17637,0.17489,0.0014789,0.79743,14.7002,1.5608,0.36126,467.018,347.9496,3.7864,2.5049e-06,Heun
0,83.2725,0.45051,-1.25,0.045833,0.17589,0.17438,0.0015042,0.79904,14.9776,1.5846,0.36126,467.018,353.7994,3.7884,3.9172e-07,Heun
0,88.0958,0.45859,-1.25,0.045833,0.176,0.17446,0.0015336,0.80022,15.2442,1.6138,0.36126,467.018,359.5647,3.7904,3.0117e-07,Heun
0,90.2715,0.46667,-1.25,0.045833,0.17617,0.17461,0.0015629,0.80137,15.5096,1.6436,0.36126,467.018,365.3003,3.7923,8.8484e-07,Heun
0,92.026,0.47475,-1.25,0.045833,0.17638,0.17478,0.0015941,0.8024,15.7742,1.6737,0.36126,467.018,371.0546,3.7942,2.6459e-07,Heun
0,88.8156,0.48283,-1.25,0.045833,0.1765,0.17488,0.0016252,0.80342,16.0402,1.7032,0.36126,467.018,376.8319,3.7962,6.101e-07,Heun
0,116.2486,0.49091,-1.25,0.045833,0.17627,0.17462,0.0016514,0.80475,16.3132,1.7291,0.36126,467.018,382.6133,3.7981,1.4072e-07,Heun
0,114.4876,0.49899,-1.25,0.045833,0.17643,0.17475,0.0016818,0.80575,16.5785,1.7589,0.36126,467.018,388.3549,3.7999,3.0213e-07,Heun
0,88.1485,0.50707,-1.25,0.045833,0.17625,0.17454,0.0017087,0.8069,16.8507,1.7852,0.36126,467.018,394.1672,3.8018,1.2637e-06,Heun
0,114.86,0.51515,-1.25,0.045833,0.17642,0.17468,0.0017409,0.80783,17.1157,1.8151,0.36126,467.018,399.9036,3.8037,2.8709e-07,Heun
0,104.7211,0.52323,-1.25,0.045833,0.1766,0.17483,0.0017726,0.8087,17.3804,1.8451,0.36126,467.018,405.652,3.8055,3.6365e-07,Heun
0,105.2461,0.53131,-1.25,0.045833,0.1768,0.17499,0.001804,0.80959,17.6446,1.8754,0.36126,467.018,411.3687,3.8074,4.9531e-07,Heun
0,89.1046,0.53939,-1.25,0.045833,0.17664,0.17481,0.0018337,0.81056,17.9164,1.9019,0.36126,467.018,417.2004,3.8092,2.2315e-06,Heun
0,99.0393,0.54747,-1.25,0.045833,0.17641,0.17455,0.0018603,0.81166,18.19,1.9275,0.36126,467.018,423.0012,3.8111,1.8743e-07,Heun
0,106.9864,0.55556,-1.25,0.045833,0.17647,0.17457,0.0018929,0.8125,18.4571,1.9563,0.36126,467.018,428.7707,3.8129,1.0066e-07,Heun
0,105.6585,0.56364,-1.25,0.045833,0.17698,0.17505,0.00193,0.81301,18.7138,1.9902,0.36126,467.018,434.4611,3.8147,2.4156e-07,Heun
0,96.5669,0.57172,-1.25,0.045833,0.17675,0.17479,0.0019584,0.814,18.9874,2.0157,0.36126,467.018,440.2748,3.8165,5.2696e-07,Heun
0,120.8596,0.5798,-1.25,0.045833,0.17644,0.17445,0.0019878,0.81502,19.2632,2.0402,0.36126,467.018,446.1102,3.8183,1.0278e-07,Heun
0,120.6861,0.58788,-1.25,0.045833,0.1769,0.17488,0.0020254,0.81553,19.5206,2.0737,0.36126,467.018,451.7916,3.82,1.8214e-07,Heun
0,118.6063,0.59596,-1.25,0.045833,0.17668,0.17463,0.002053,0.81645,19.7943,2.0992,0.36126,467.018,457.6089,3.8218,6.3375e-08,Heun
0,72.2872,0.60404,-1.25,0.045833,0.17648,0.1744,0.0020786,0.81737,20.0675,2.1249,0.36126,467.018,463.403,3.8236,1.6806e-06,Heun
0,95.1896,0.61212,-1.25,0.045833,0.17659,0.17448,0.0021131,0.81806,20.3332,2.1543,0.36126,467.018,469.143,3.8253,1.9803e-07,Heun
0,93.021,0.6202,-1.25,0.045833,0.1766,0.17446,0.0021469,0.81874,20.6014,2.1824,0.36126,467.018,474.9332,3.8271,3.1191e-06,Heun
0,96.7557,0.62828,-1.25,0.045833,0.17668,0.1745,0.0021817,0.81939,20.8679,2.2115,0.36126,467.018,480.6947,3.8288,5.5176e-07,Heun
0,103.0703,0.63636,-1.25,0.045833,0.17699,0.17477,0.0022206,0.81986,21.1283,2.2434,0.36126,467.018,486.412,3.8305,1.5669e-07,Heun
0,110.6768,0.64444,-1.25,0.045833,0.17747,0.17521,0.0022616,0.82021,21.3842,2.2775,0.36126,467.018,492.0965,3.8322,3.0332e-07,Heun
0,87.4909,0.65253,-1.25,0.045833,0.17702,0.17473,0.0022862,0.82118,21.6642,2.2998,0.36126,467.018,497.952,3.834,3.0208e-07,Heun
0,95.1152,0.66061,-1.25,0.045833,0.17633,0.17402,0.0023102,0.82231,21.9509,2.3188,0.36126,467.018,503.8472,3.8357,2.5188e-07,Heun
0,98.6623,0.66869,-1.25,0.045833,0.17683,0.17447,0.0023526,0.82257,22.2059,2.3533,0.36126,467.018,509.5382,3.8374,1.1965e-07,Heun
0,96.2138,0.67677,-1.25,0.045833,0.17674,0.17435,0.0023859,0.82325,22.4767,2.3801,0.36126,467.018,515.3306,3.8391,1.4818e-07,Heun
0,96.0946,0.68485,-1.25,0.045833,0.17654,0.17412,0.0024174,0.824,22.7505,2.4053,0.36126,467.018,521.1336,3.8408,3.5621e-07,Heun
0,100.8882,0.69293,-1.25,0.045833,0.17694,0.17448,0.0024607,0.8243,23.0078,2.4387,0.36126,467.018,526.8334,3.8425,2.7433e-07,Heun
0,99.5181,0.70101,-1.25,0.045833,0.17671,0.17422,0.002491,0.82504,23.2827,2.4634,0.36126,467.018,532.6482,3.8442,2.6417e-07,Heun
0,99.0901,0.70909,-1.25,0.045833,0.17755,0.17501,0.0025364,0.82514,23.527,2.5032,0.36126,467.018,538.1702,3.8458,1.1229e-06,Heun
0,78.4338,0.71717,-1.25,0.045833,0.17611,0.17356,0.0025498,0.82661,23.8368,2.5107,0.36126,467.018,544.2916,3.8476,4.0331e-06,Heun
0,84.4793,0.72525,-1.25,0.045833,0.17694,0.17434,0.0026026,0.82652,24.0811,2.5504,0.36126,467.018,549.9255,3.8492,4.6783e-06,Heun
0,78.5069,0.73333,-1.25,0.045833,0.1769,0.17426,0.002639,0.82708,24.3507,2.5776,0.36126,467.018,555.7064,3.8508,2.4625e-07,Heun
0,88.4474,0.74141,-1.25,0.045833,0.17686,0.17418,0.0026761,0.82762,24.6201,2.6049,0.36126,467.018,561.4866,3.8525,4.5763e-07,Heun
0,87.4454,0.74949,-1.25,0.045833,0.17775,0.17426,0.003494,0.82799,24.8615,2.6344,0.36126,467.018,566.7386,3.854,6.5538e-07,Heun
0,93.9778,0.75758,-1.25,0.045833,0.17686,0.17411,0.0027498,0.82867,25.1568,2.6606,0.36126,467.018,572.9985,3.8558,1.114e-06,Heun
0,73.5555,0.76566,-1.25,0.045833,0.17661,0.17383,0.0027818,0.82929,25.4328,2.6846,0.36126,467.018,578.8557,3.8574,4.6583e-07,Heun
0,72.4347,0.77374,-1.25,0.045833,0.17662,0.1738,0.0028203,0.82977,25.7011,2.7124,0.36126,467.018,584.6255,3.8591,1.398e-06,Heun
0,69.4925,0.78182,-1.25,0.045833,0.17641,0.17355,0.0028542,0.8304,25.9761,2.7369,0.36126,467.018,590.4308,3.8607,2.6841e-07,Heun
0,66.2949,0.7899,-1.25,0.045833,0.17625,0.17337,0.0028884,0.83098,26.2494,2.7622,0.36126,467.018,596.2232,3.8623,1.0077e-06,Heun
0,84.9229,0.79798,-1.25,0.045833,0.17673,0.17379,0.0029413,0.83106,26.5027,2.7973,0.36126,467.018,601.9207,3.8639,4.6065e-06,Heun
0,72.1853,0.80606,-1.25,0.045833,0.17729,0.1743,0.0029917,0.83109,26.7527,2.834,0.36126,467.018,607.579,3.8655,5.817e-07,Heun
0,95.3968,0.81414,-1.25,0.045833,0.39051,0.12858,0.26194,0.81537,20.0179,2.1115,0.36126,467.018,463.3919,3.8236,1.6802e-07,Heun
0,73.2453,0.82222,-1.25,0.045833,0.17731,0.17424,0.003072,0.83194,27.2884,2.8898,0.36126,467.018,619.1118,3.8687,4.7837e-07,Heun
0,72.4378,0.8303,-1.25,0.045833,0.17724,0.17413,0.0031103,0.83241,27.5592,2.9162,0.36126,467.018,624.9017,3.8703,4.0751e-07,Heun
0,79.1403,0.83838,-1.25,0.045833,0.17779,0.17463,0.003163,0.83242,27.8085,2.9532,0.36126,467.018,630.5456,3.8719,1.0492e-06,Heun
0,67.7716,0.84646,-1.25,0.045833,0.17718,0.17399,0.0031901,0.83328,28.0976,2.9707,0.36126,467.018,636.4469,3.8735,2.9253e-07,Heun
0,56.693,0.85455,-1.25,0.045833,0.17694,0.17372,0.0032218,0.83389,28.374,2.9944,0.36126,467.018,642.2381,3.8751,1.2123e-06,Heun
0,67.6427,0.86263,-1.25,0.045833,0.17741,0.17413,0.0032823,0.83387,28.6261,3.0298,0.36126,467.018,647.9582,3.8767,4.1654e-07,Heun
0,60.4191,0.87071,-1.25,0.045833,0.17674,0.17344,0.0033062,0.83477,28.9176,3.0461,0.36126,467.018,653.8471,3.8783,9.0626e-07,Heun
0,69.1253,0.87879,-1.25,0.045833,0.1775,0.17413,0.0033706,0.83454,29.159,3.0867,0.36126,467.018,659.4879,3.8798,8.2764e-07,Heun
0,58.7292,0.88687,-1.25,0.045833,0.17693,0.17351,0.0034183,0.83492,29.4477,3.1039,0.36126,467.018,665.7159,3.8815,2.2505e-06,Heun
0,75.1501,0.89495,-1.25,0.045833,0.17766,0.1742,0.00346,0.83518,29.6896,3.1447,0.36126,467.018,670.975,3.8829,2.7278e-05,Heun
0,61.6442,0.90303,-1.25,0.045833,0.17744,0.17394,0.0035006,0.83565,29.9658,3.1683,0.36126,467.018,676.8335,3.8845,1.0843e-06,Heun
0,58.006,0.91111,-1.25,0.045833,0.17725,0.17371,0.0035383,0.83613,30.2408,3.1925,0.36126,467.018,682.6575,3.8861,5.7978e-07,Heun
0,67.0075,0.91919,-1.25,0.045833,0.17776,0.17416,0.0035985,0.83612,30.4903,3.229,0.36126,467.018,688.2972,3.8876,6.84e-07,Heun
0,65.5916,0.92727,-1.25,0.045833,0.17784,0.17419,0.0036465,0.83639,30.7552,3.2581,0.36126,467.018,694.0508,3.8891,6.1028e-07,Heun
0,59.4087,0.93535,-1.25,0.045833,0.17763,0.17393,0.0036933,0.83676,31.0313,3.2816,0.36126,467.018,699.976,3.8907,2.3687e-06,Heun
0,53.2604,0.94343,-1.25,0.045833,0.17742,0.1737,0.0037206,0.83742,31.3071,3.3055,0.36126,467.018,705.6377,3.8922,1.5453e-06,Heun
0,64.6663,0.95152,-1.25,0.045833,0.17797,0.17418,0.003789,0.83727,31.5545,3.343,0.36126,467.018,711.3365,3.8938,1.5954e-05,Heun
0,63.3588,0.9596,-1.25,0.045833,0.17734,0.17353,0.0038178,0.83804,31.8465,3.3588,0.36126,467.018,717.2664,3.8953,1.3848e-06,Heun
0,85.1514,0.96768,-1.25,0.045833,0.17757,0.17365,0.0039238,0.83821,32.1058,3.3894,0.36126,467.018,722.9603,3.8968,7.6303e-07,Heun
0,60.8431,0.97576,-1.25,0.045833,0.17718,0.17328,0.0039012,0.83887,32.3894,3.4104,0.36126,467.018,728.769,3.8984,2.756e-06,Heun
0,68.5339,0.98384,-1.25,0.045833,0.17743,0.17346,0.0039627,0.83892,32.6478,3.4424,0.36126,467.018,734.5424,3.8999,4.885e-07,Heun
0,66.6796,0.99192,-1.25,0.045833,0.17746,0.17344,0.0040113,0.8392,32.9148,3.4703,0.36126,467.018,740.2987,3.9014,4.3416e-06,Heun
0,57.7152,1,-1.25,0.045833,0.17761,0.17355,0.0040601,0.8394,33.1765,3.5007,0.36126,467.018,746.0054,3.9029,8.0857e-07,Heun
