Error,time,CO2share,E_appl,v,X_tot,X_het,X_hom,FE,CO2_out,CO_out,H2_out,delP,CD,Vcell,maxRes,Solver
0,101.165,0.8,-1.25,0.0083333,0.65929,0.65294,0.0063538,0.43145,10.9957,10.5363,1.9869,467.018,481.0298,3.8289,5.6132e-06,Heun
3,62.5601,0.8,-1.25,0.0090909,0.4859,0.34333,0.14258,0.90609,16.5917,5.5402,0,467.018,345.6226,3.7857,280.3739,Euler
3,31.8681,0.8,-1.25,0.0098485,0.6222,0.0037651,0.61844,1.4394,12.1928,0.060757,0,467.018,159.8855,3.71,4.8529,Euler
0,123.7453,0.8,-1.25,0.010606,0.57246,0.56628,0.0061881,0.51395,13.7981,9.1378,1.5611,467.018,506.7347,3.8366,3.1483e-07,Heun
3,24.1594,0.8,-1.25,0.011364,0.32197,-0.0035596,0.32553,2.8638,21.8824,-0.057441,0,467.018,144.2255,3.7016,0.51395,Euler
3,70.4533,0.8,-1.25,0.012121,0.61517,0.54809,0.067079,0.60288,12.4198,8.8444,0,467.018,388.8347,3.8001,0.40701,Euler
3,31.245,0.8,-1.25,0.012879,0.90822,0.7246,0.18362,0.36754,2.962,11.6927,0,467.018,152.1106,3.7059,0.43242,Euler
3,35.8743,0.8,-1.25,0.013636,0.32757,0.085678,0.24189,1.4142,21.7016,1.3826,0,467.018,289.6485,3.7657,0.65676,Euler
0,108.7138,0.8,-1.25,0.014394,0.46129,0.45563,0.0056515,0.61234,17.3862,7.3524,1.1503,467.018,535.9118,3.8451,3.9208e-07,Heun
0,106.7778,0.8,-1.25,0.015152,0.44529,0.43973,0.0055519,0.626,17.9025,7.0959,1.0928,467.018,539.7817,3.8463,4.3184e-06,Heun
0,101.6247,0.8,-1.25,0.015909,0.42995,0.42449,0.0054597,0.63866,18.3975,6.8499,1.0408,467.018,543.7171,3.8474,3.7465e-06,Heun
0,100.227,0.8,-1.25,0.016667,0.41481,0.40946,0.0053553,0.65104,18.886,6.6073,0.99345,467.018,547.5344,3.8485,3.4103e-06,Heun
0,95.0782,0.8,-1.25,0.017424,0.40085,0.3956,0.0052546,0.66242,19.3366,6.3836,0.95026,467.018,550.9698,3.8495,4.541e-06,Heun
0,109.6574,0.8,-1.25,0.018182,0.38711,0.38197,0.0051431,0.67362,19.7801,6.1637,0.91067,467.018,554.2337,3.8504,2.1024e-06,Heun
0,105.1505,0.8,-1.25,0.018939,0.37499,0.36994,0.0050498,0.6833,20.1713,5.9696,0.87424,467.018,557.1891,3.8513,2.9133e-06,Heun
0,107.1854,0.8,-1.25,0.019697,0.36384,0.35888,0.0049617,0.69214,20.5312,5.7911,0.84061,467.018,559.8924,3.852,2.2184e-06,Heun
0,77.3584,0.8,-1.25,0.020455,0.35193,0.34708,0.0048503,0.70146,20.9153,5.6008,0.80948,467.018,562.7854,3.8529,2.2782e-06,Heun
0,123.4883,0.8,-1.25,0.021212,0.34281,0.33802,0.0047852,0.70856,21.2099,5.4546,0.78057,467.018,564.9976,3.8535,3.5625e-06,Heun
0,126.2281,0.8,-1.25,0.02197,0.33308,0.32838,0.0046984,0.71613,21.5238,5.299,0.75365,467.018,567.2963,3.8542,1.4694e-06,Heun
0,129.3573,0.8,-1.25,0.022727,0.32479,0.32016,0.0046313,0.72235,21.7913,5.1663,0.72853,467.018,569.398,3.8548,4.357e-06,Heun
0,133.0199,0.8,-1.25,0.023485,0.31572,0.31117,0.004542,0.72944,22.0842,5.0213,0.70503,467.018,571.4439,3.8553,1.9417e-06,Heun
0,135.3347,0.8,-1.25,0.024242,0.30748,0.30301,0.0044638,0.73573,22.3501,4.8896,0.683,467.018,573.3846,3.8559,6.5878e-06,Heun
0,106.1543,0.8,-1.25,0.025,0.29969,0.2953,0.004389,0.74151,22.6014,4.7652,0.6623,467.018,575.31,3.8564,2.694e-05,Heun
0,143.7173,0.8,-1.25,0.025758,0.29231,0.28799,0.0043167,0.74716,22.8397,4.6472,0.64282,467.018,576.9805,3.8569,9.2973e-06,Heun
0,145.4984,0.8,-1.25,0.026515,0.28545,0.2812,0.00425,0.75226,23.0609,4.5377,0.62446,467.018,578.612,3.8574,9.2419e-06,Heun
0,125.6402,0.8,-1.25,0.027273,0.27892,0.27474,0.004184,0.7571,23.2717,4.4333,0.60711,467.018,580.1719,3.8578,9.3469e-07,Heun
0,151.3601,0.8,-1.25,0.02803,0.27272,0.2686,0.0041216,0.76168,23.4717,4.3344,0.5907,467.018,581.6387,3.8582,1.5974e-06,Heun
0,124.706,0.8,-1.25,0.028788,0.26694,0.26287,0.004063,0.76593,23.6585,4.2419,0.57516,467.018,583.0169,3.8586,4.4468e-06,Heun
0,127.7369,0.8,-1.25,0.029545,0.26106,0.25706,0.0039986,0.7703,23.8481,4.1481,0.56041,467.018,584.3574,3.859,5.9284e-07,Heun
0,150.5311,0.8,-1.25,0.030303,0.25535,0.25142,0.0039336,0.77453,24.0323,4.0571,0.5464,467.018,585.6484,3.8594,4.7323e-07,Heun
0,159.3888,0.8,-1.25,0.031061,0.24996,0.24609,0.0038724,0.7785,24.2062,3.9711,0.53307,467.018,586.8801,3.8597,9.6894e-07,Heun
0,160.9766,0.8,-1.25,0.031818,0.24491,0.2411,0.003816,0.7822,24.3693,3.8905,0.52038,467.018,588.0433,3.86,4.2106e-06,Heun
0,135.6014,0.8,-1.25,0.032576,0.23948,0.23573,0.0037519,0.78612,24.5447,3.8038,0.50828,467.018,589.3161,3.8604,6.415e-07,Heun
0,155.6854,0.8,-1.25,0.033333,0.23507,0.23137,0.0037017,0.78936,24.6869,3.7335,0.49673,467.018,590.2995,3.8607,4.334e-07,Heun
0,125.4976,0.8,-1.25,0.034091,0.2309,0.22725,0.003653,0.79239,24.8215,3.667,0.48569,467.018,591.2497,3.8609,7.6056e-07,Heun
0,134.7134,0.8,-1.25,0.034848,0.22682,0.22321,0.003609,0.7953,24.9531,3.6019,0.47513,467.018,592.2076,3.8612,1.5925e-06,Heun
0,113.1524,0.8,-1.25,0.035606,0.22259,0.21903,0.0035552,0.79839,25.0897,3.5345,0.46502,467.018,593.1496,3.8615,1.1429e-06,Heun
0,136.0953,0.8,-1.25,0.036364,0.21808,0.21458,0.0034968,0.80167,25.2354,3.4626,0.45533,467.018,594.1522,3.8617,9.3543e-07,Heun
0,100.3178,0.8,-1.25,0.037121,0.21423,0.21079,0.0034446,0.80444,25.3594,3.4014,0.44604,467.018,595.0105,3.862,2.2685e-06,Heun
0,95.748,0.8,-1.25,0.037879,0.20949,0.20611,0.0033804,0.80785,25.5126,3.3259,0.43712,467.018,596.0809,3.8623,1.0941e-06,Heun
0,106.7858,0.8,-1.25,0.038636,0.20613,0.20279,0.0033423,0.81024,25.621,3.2723,0.42855,467.018,596.8494,3.8625,1.1234e-06,Heun
0,122.8916,0.8,-1.25,0.039394,0.2026,0.19931,0.0032977,0.81277,25.7347,3.2162,0.42031,467.018,597.6335,3.8627,2.6977e-07,Heun
0,77.9051,0.8,-1.25,0.040152,0.1992,0.19595,0.0032444,0.81528,25.8447,3.162,0.41238,467.018,598.3396,3.8629,5.8473e-07,Heun
0,93.5968,0.8,-1.25,0.040909,0.19606,0.19286,0.003208,0.81747,25.9458,3.1121,0.40474,467.018,599.0677,3.8631,4.6253e-07,Heun
0,94.4092,0.8,-1.25,0.041667,0.19278,0.18962,0.0031642,0.81982,26.0517,3.0598,0.39738,467.018,599.7952,3.8633,8.4762e-07,Heun
0,86.9419,0.8,-1.25,0.042424,0.19002,0.18689,0.0031326,0.82174,26.1409,3.0157,0.39029,467.018,600.4391,3.8635,2.8171e-06,Heun
0,61.6863,0.8,-1.25,0.043182,0.18605,0.18298,0.0030642,0.82467,26.269,2.9528,0.38344,467.018,601.2333,3.8637,1.24e-06,Heun
0,64.9944,0.8,-1.25,0.043939,0.18296,0.17994,0.0030255,0.82683,26.3686,2.9036,0.37683,467.018,601.9426,3.8639,6.5187e-06,Heun
0,94.2902,0.8,-1.25,0.044697,0.18082,0.17781,0.0030071,0.82828,26.4379,2.8692,0.37044,467.018,602.467,3.8641,1.3867e-06,Heun
0,93.923,0.8,-1.25,0.045455,0.17812,0.17515,0.0029714,0.83017,26.5249,2.8263,0.36427,467.018,603.0698,3.8642,2.438e-05,Heun
0,75.1086,0.8,-1.25,0.046212,0.176,0.17306,0.0029444,0.83168,26.5933,2.7925,0.35829,467.018,603.5324,3.8644,1.9302e-06,Heun
0,71.3726,0.8,-1.25,0.04697,0.17316,0.17025,0.0029033,0.83369,26.6851,2.7473,0.35252,467.018,604.153,3.8645,2.3616e-06,Heun
0,78.9422,0.8,-1.25,0.047727,0.17068,0.16781,0.0028697,0.83543,26.7651,2.7078,0.34692,467.018,604.702,3.8647,2.6536e-06,Heun
0,78.3866,0.8,-1.25,0.048485,0.16841,0.16557,0.0028402,0.83701,26.8381,2.6718,0.3415,467.018,605.2076,3.8648,3.0581e-06,Heun
0,72.8877,0.8,-1.25,0.049242,0.1659,0.1631,0.0028032,0.83878,26.9193,2.6318,0.33625,467.018,605.7524,3.865,3.8718e-06,Heun
0,80.6337,0.8,-1.25,0.05,0.16365,0.16087,0.0027728,0.84035,26.992,2.596,0.33115,467.018,606.2562,3.8651,2.4054e-07,Heun
0,79.6298,0.8,-1.25,0.050758,0.16161,0.15887,0.0027441,0.84178,27.0577,2.5636,0.32621,467.018,606.7014,3.8653,4.6524e-07,Heun
0,79.108,0.8,-1.25,0.051515,0.15932,0.15661,0.0027108,0.84339,27.1317,2.5271,0.32141,467.018,607.201,3.8654,7.0725e-07,Heun
0,78.1111,0.8,-1.25,0.052273,0.15727,0.15459,0.0026828,0.8448,27.1978,2.4945,0.31675,467.018,607.6577,3.8655,1.4515e-06,Heun
0,76.7436,0.8,-1.25,0.05303,0.15525,0.15259,0.0026543,0.84621,27.2631,2.4623,0.31223,467.018,608.1044,3.8657,1.4492e-05,Heun
0,76.3055,0.8,-1.25,0.053788,0.15321,0.15058,0.0026248,0.84763,27.329,2.4299,0.30783,467.018,608.5523,3.8658,1.1647e-06,Heun
0,57.5416,0.8,-1.25,0.054545,0.15063,0.14805,0.002577,0.84953,27.4121,2.3891,0.30356,467.018,609.0375,3.8659,3.0463e-06,Heun
0,76.9998,0.8,-1.25,0.055303,0.14928,0.14671,0.002567,0.85037,27.4557,2.3674,0.2994,467.018,609.4059,3.866,4.1216e-07,Heun
0,59.4108,0.8,-1.25,0.056061,0.14691,0.14439,0.0025257,0.85205,27.532,2.33,0.29535,467.018,609.8945,3.8661,1.183e-06,Heun
0,67.5392,0.8,-1.25,0.056818,0.14531,0.14281,0.0025065,0.85312,27.5836,2.3044,0.29141,467.018,610.2722,3.8663,5.1915e-07,Heun
0,66.7727,0.8,-1.25,0.057576,0.14358,0.1411,0.0024822,0.85431,27.6397,2.2768,0.28758,467.018,610.6624,3.8664,5.3124e-07,Heun
0,66.7228,0.8,-1.25,0.058333,0.14174,0.13928,0.0024539,0.85559,27.6991,2.2476,0.28384,467.018,611.0554,3.8665,5.4181e-07,Heun
0,60.4307,0.8,-1.25,0.059091,0.13984,0.13742,0.0024201,0.85697,27.7604,2.2175,0.2802,467.018,611.4259,3.8666,7.4225e-07,Heun
0,65.6835,0.8,-1.25,0.059848,0.13884,0.13643,0.0024133,0.85758,27.7925,2.2015,0.27666,467.018,611.6935,3.8667,2.9161e-07,Heun
0,58.1638,0.8,-1.25,0.060606,0.13711,0.13473,0.0023848,0.85881,27.8484,2.174,0.2732,467.018,612.0502,3.8667,4.7046e-07,Heun
0,64.3233,0.8,-1.25,0.061364,0.13571,0.13334,0.0023672,0.85974,27.8937,2.1517,0.26983,467.018,612.3808,3.8668,2.3886e-07,Heun
0,61.0967,0.8,-1.25,0.062121,0.13394,0.1316,0.0023401,0.86096,27.9508,2.1236,0.26654,467.018,612.7643,3.8669,2.3159e-06,Heun
0,66.0638,0.8,-1.25,0.062879,0.13227,0.12995,0.0023138,0.86212,28.0047,2.097,0.26333,467.018,613.1204,3.867,3.3454e-07,Heun
0,61.9388,0.8,-1.25,0.063636,0.13077,0.12848,0.002291,0.86315,28.053,2.0733,0.26019,467.018,613.4469,3.8671,6.2965e-07,Heun
0,60.5689,0.8,-1.25,0.064394,0.12942,0.12715,0.0022711,0.86407,28.0966,2.0518,0.25713,467.018,613.7447,3.8672,1.8885e-06,Heun
0,58.3045,0.8,-1.25,0.065152,0.12807,0.12582,0.0022503,0.865,28.1401,2.0304,0.25414,467.018,614.0305,3.8673,1.0494e-06,Heun
0,56.3072,0.8,-1.25,0.065909,0.12652,0.1243,0.0022225,0.86608,28.1902,2.0057,0.25122,467.018,614.3596,3.8674,1.6437e-06,Heun
0,53.9179,0.8,-1.25,0.066667,0.12516,0.12296,0.0022013,0.86702,28.2341,1.9841,0.24836,467.018,614.6501,3.8675,5.491e-07,Heun
0,52.2596,0.8,-1.25,0.067424,0.12365,0.12148,0.0021764,0.86809,28.2828,1.9602,0.24557,467.018,614.9495,3.8676,1.784e-06,Heun
0,56.5467,0.8,-1.25,0.068182,0.12249,0.12033,0.0021601,0.86885,28.3203,1.9417,0.24284,467.018,615.2271,3.8676,3.5255e-07,Heun
0,59.3969,0.8,-1.25,0.068939,0.12149,0.11934,0.0021497,0.86951,28.3524,1.9258,0.24018,467.018,615.4595,3.8677,4.4727e-07,Heun
0,53.1837,0.8,-1.25,0.069697,0.12001,0.11789,0.0021214,0.87056,28.4004,1.9023,0.23757,467.018,615.7578,3.8678,2.8949e-06,Heun
0,56.0161,0.8,-1.25,0.070455,0.11885,0.11675,0.0021038,0.87135,28.4377,1.8839,0.23501,467.018,616.005,3.8678,1.3157e-06,Heun
0,55.9293,0.8,-1.25,0.071212,0.11768,0.11559,0.0020858,0.87215,28.4755,1.8653,0.23251,467.018,616.2581,3.8679,1.2789e-06,Heun
0,55.0304,0.8,-1.25,0.07197,0.11666,0.11458,0.0020722,0.87286,28.5085,1.849,0.23006,467.018,616.4736,3.868,6.8173e-07,Heun
0,54.3385,0.8,-1.25,0.072727,0.11537,0.11332,0.0020497,0.87372,28.5499,1.8287,0.22767,467.018,616.7564,3.8681,2.9559e-07,Heun
0,53.3592,0.8,-1.25,0.073485,0.11423,0.1122,0.0020313,0.87451,28.5868,1.8105,0.22532,467.018,617.001,3.8681,3.0525e-07,Heun
0,52.5302,0.8,-1.25,0.074242,0.11309,0.11108,0.0020141,0.87527,28.6236,1.7924,0.22302,467.018,617.2552,3.8682,3.1755e-07,Heun
0,53.3807,0.8,-1.25,0.075,0.11192,0.10992,0.0019947,0.87607,28.6615,1.7738,0.22077,467.018,617.5033,3.8683,3.2855e-07,Heun
0,55.0024,0.8,-1.25,0.075758,0.11095,0.10897,0.0019804,0.87673,28.6928,1.7584,0.21856,467.018,617.7161,3.8683,1.1094e-06,Heun
0,57.0553,0.8,-1.25,0.076515,0.10998,0.10801,0.0019654,0.87739,28.7241,1.743,0.2164,467.018,617.9242,3.8684,3.4774e-07,Heun
0,54.2476,0.8,-1.25,0.077273,0.10901,0.10706,0.0019507,0.87804,28.7553,1.7276,0.21427,467.018,618.1365,3.8684,3.6158e-07,Heun
0,52.7511,0.8,-1.25,0.07803,0.10801,0.10607,0.0019361,0.8787,28.7876,1.7117,0.21219,467.018,618.3672,3.8685,1.5659e-06,Heun
0,54.8849,0.8,-1.25,0.078788,0.10697,0.10505,0.0019178,0.87946,28.8212,1.6952,0.21015,467.018,618.5536,3.8686,1.3662e-06,Heun
0,50.9225,0.8,-1.25,0.079545,0.10608,0.10417,0.0019045,0.88004,28.85,1.681,0.20815,467.018,618.7634,3.8686,1.7335e-06,Heun
0,61.166,0.8,-1.25,0.080303,0.1052,0.10331,0.0018925,0.88062,28.8782,1.6671,0.20619,467.018,618.9592,3.8687,1.0073e-06,Heun
0,55.5347,0.8,-1.25,0.081061,0.10449,0.10261,0.0018833,0.88108,28.9012,1.6557,0.20426,467.018,619.1346,3.8687,1.0223e-06,Heun
0,54.9487,0.8,-1.25,0.081818,0.10324,0.10138,0.0018581,0.88197,28.9416,1.6359,0.20237,467.018,619.3707,3.8688,4.4978e-07,Heun
0,54.8683,0.8,-1.25,0.082576,0.10239,0.10054,0.0018449,0.88255,28.9691,1.6224,0.20051,467.018,619.556,3.8688,4.6674e-07,Heun
0,53.6151,0.8,-1.25,0.083333,0.10155,0.099716,0.0018314,0.88312,28.9961,1.6091,0.19869,467.018,619.7338,3.8689,6.1826e-07,Heun
