Error,time,CO2share,E_appl,v,X_tot,X_het,X_hom,FE,CO2_out,CO_out,H2_out,delP,CD,Vcell,maxRes,Solver
0,3.0822,0.23334,-0.51534,0.051206,0.00013363,1.5235e-05,0.0001184,0.84748,9.4119,7.1705e-05,2.5787e-05,467.018,0.016717,2.4733,6.5013e-05,Heun
0,4.8826,0.98286,-0.92961,0.070143,0.0024207,0.0022678,0.00015293,0.95748,39.5543,0.04496,0.0038522,467.018,12.7247,3.231,2.5109e-05,Heun
0,3.2472,0.22105,-0.67779,0.072559,0.00016811,8.6614e-05,8.1493e-05,0.84034,8.916,0.00038619,0.00014664,467.018,0.12869,2.7406,5.1195e-05,Heun
0,3.2013,0.389,-0.84474,0.059567,0.0010272,0.0008997,0.0001275,0.90198,15.677,0.0070595,0.0015249,467.018,1.7997,3.0435,4.6445e-05,Heun
0,52.0582,0.42628,-1.224,0.029609,0.19852,0.19695,0.0015749,0.77927,13.7829,1.6934,0.40042,467.018,239.0462,3.72,7.5355e-06,Heun
0,111.4633,0.39463,-1.3542,0.011631,0.91715,0.91427,0.0028808,0.12076,1.319,7.2776,5.3727,467.018,785.8224,4.0175,7.0575e-08,Euler
0,130.928,0.86329,-1.2367,0.028021,0.23908,0.23515,0.0039354,0.78958,26.5002,4.0947,0.49795,467.018,533.8348,3.8312,1.9314e-06,Heun
0,66.2264,0.6439,-1.2111,0.051345,0.10407,0.10275,0.0013239,0.8705,23.2727,1.3345,0.19575,467.018,306.3105,3.7329,8.4582e-07,Heun
0,3.9206,0.76475,-0.82546,0.054854,0.00091949,0.00076286,0.00015664,0.94739,30.8229,0.011768,0.0012928,467.018,2.6301,3.0438,4.8244e-05,Heun
0,38.4274,0.20665,-1.2065,0.032547,0.15019,0.14952,0.00067673,0.73854,7.0845,0.62323,0.29088,467.018,103.5248,3.6332,4.4709e-05,Heun
0,2.3332,0.72168,-0.59825,0.028939,0.00035658,7.8171e-05,0.0002784,0.94482,29.1035,0.0011379,0.00013236,467.018,0.1345,2.6634,9.5983e-05,Heun
0,4.6345,0.91644,-0.82258,0.028618,0.0017164,0.0014091,0.00030729,0.9551,36.9076,0.026048,0.0023878,467.018,3.0101,3.048,2.5648e-05,Heun
0,10.1287,0.51303,-1.0322,0.010754,0.054684,0.05357,0.0011134,0.88923,19.5648,0.55436,0.09389,467.018,25.3236,3.3714,4.2473e-05,Heun
0,3.1595,0.20574,-0.59725,0.055992,0.00014136,3.9899e-05,0.00010146,0.8305,8.2989,0.00016558,6.7533e-05,467.018,0.043073,2.6039,6.5657e-05,Heun
0,3.5494,0.41076,-0.87585,0.032674,0.0026841,0.0024431,0.00024099,0.90562,16.5263,0.020242,0.0041457,467.018,2.8179,3.0978,2.5184e-05,Heun
0,24.988,0.92061,-1.1329,0.027351,0.076099,0.074671,0.0014278,0.90627,34.3128,1.3866,0.13452,467.018,158.8,3.5923,9.1283e-06,Heun
0,2.4139,0.32808,-0.64085,0.025306,0.00042874,0.00015454,0.0002742,0.88633,13.2295,0.0010227,0.00026163,467.018,0.11265,2.6969,6.5656e-05,Heun
0,3.4907,0.54803,-0.89937,0.040175,0.0029077,0.0026918,0.0002159,0.92702,22.0444,0.029756,0.0045614,467.018,4.9676,3.1509,7.9022e-05,Heun
3,84.8657,0.27022,-1.3812,0.011506,0.95903,0.95721,0.0018197,0.059324,0.44663,5.2174,7.6843,467.018,766.3579,4.0395,0.0049189,Euler
0,3.514,0.44446,-0.84131,0.049535,0.0011936,0.0010354,0.00015813,0.91297,17.909,0.009283,0.0017548,467.018,1.9438,3.044,2.5595e-05,Heun
0,3.3746,0.66237,-0.81384,0.054665,0.000812,0.00065945,0.00015255,0.9399,26.6996,0.0088107,0.0011173,467.018,1.9778,3.0175,2.5951e-05,Heun
0,6.3292,0.65903,-0.99736,0.031881,0.012201,0.011829,0.00037163,0.9323,26.262,0.15725,0.020235,467.018,20.7156,3.3253,1.6935e-05,Heun
0,24.001,0.32635,-1.1451,0.057488,0.042498,0.042144,0.00035344,0.85947,12.6059,0.27742,0.074894,467.018,71.9869,3.547,4.5193e-05,Heun
0,3.6575,0.84288,-0.96546,0.076179,0.0034548,0.0033036,0.0001512,0.95034,33.886,0.056167,0.0056215,467.018,17.4066,3.2838,2.9911e-05,Heun
0,70.765,0.82944,-1.2729,0.068585,0.15497,0.15176,0.0032136,0.84798,28.2758,2.539,0.32378,467.018,844.0952,3.9512,8.2985e-07,Heun
0,5.1553,0.76515,-0.51097,0.019213,0.00045845,3.8374e-05,0.00042007,0.94771,30.8533,0.00059226,6.4975e-05,467.018,0.046329,2.5213,6.2868e-05,Heun
0,2.776,0.94282,-0.65509,0.0646,0.00020136,7.2672e-05,0.00012868,0.95726,38.0273,0.001382,0.00012305,467.018,0.35996,2.7708,6.3384e-05,Heun
0,34.1521,0.37475,-1.187,0.031096,0.12649,0.12551,0.00098376,0.81788,13.2059,0.94873,0.23711,467.018,135.7107,3.6339,2.1321e-05,Heun
0,60.6426,0.60705,-1.3612,0.024029,0.67678,0.67003,0.0067563,0.4088,7.9155,8.2043,2.8745,467.018,1524.6012,4.202,3.1216e-05,Heun
0,34.0429,0.21484,-1.1834,0.065605,0.05919,0.05888,0.00031064,0.80067,8.154,0.25516,0.10734,467.018,81.7505,3.5938,4.2534e-05,Heun
0,62.7394,0.88406,-1.1047,0.014,0.1027,0.10075,0.0019464,0.88663,32.0018,1.7966,0.18287,467.018,105.3347,3.5326,2.0241e-05,Heun
0,52.1539,0.58963,-1.2026,0.063732,0.076673,0.075764,0.00090937,0.88373,21.9629,0.90109,0.14125,467.018,255.0269,3.705,8.1148e-07,Heun
0,4.7206,0.31145,-1.0403,0.051012,0.012981,0.012782,0.00019852,0.87321,12.4013,0.080302,0.021943,467.018,18.1217,3.3608,8.575e-05,Heun
0,52.2651,0.86745,-1.3577,0.03774,0.4904,0.46888,0.021517,0.59454,17.8334,8.2041,1.75,467.018,2258.2863,4.3612,2.2593e-05,Heun
0,33.8526,0.34095,-1.1919,0.029913,0.13866,0.13768,0.00097989,0.8014,11.8473,0.94685,0.26252,467.018,132.3374,3.6368,5.1793e-05,Heun
0,2.6149,0.78741,-0.50971,0.020391,0.00043358,3.5573e-05,0.00039801,0.94912,31.7519,0.000565,6.0236e-05,467.018,0.046843,2.5206,6.0575e-05,Heun
0,3.9175,0.33959,-0.94316,0.048647,0.0040544,0.0038901,0.0001643,0.88749,13.6439,0.026646,0.0066105,467.018,5.6358,3.2013,4.696e-05,Heun
0,2.3102,0.70947,-0.75547,0.077198,0.00032712,0.00022076,0.00010636,0.94394,28.612,0.0031592,0.00037386,467.018,0.99724,2.9237,2.3449e-05,Heun
0,3.1449,0.43711,-0.91108,0.0254,0.0052571,0.0049325,0.00032466,0.90909,17.541,0.043489,0.0083847,467.018,4.6845,3.1595,4.1842e-05,Heun
0,4.0815,0.64154,-0.87872,0.054415,0.0016843,0.0015231,0.00016123,0.93752,25.8371,0.01971,0.0025831,467.018,4.4158,3.1241,2.4536e-05,Heun
0,3.9063,0.73994,-0.97072,0.07592,0.0036941,0.0035461,0.00014803,0.94395,29.7403,0.052927,0.0060354,467.018,16.4568,3.286,2.1074e-05,Heun
0,6.6197,0.83924,-0.96247,0.011828,0.021248,0.020306,0.00094129,0.9386,33.1372,0.34375,0.034845,467.018,16.587,3.2782,5.9835e-05,Heun
0,116.0946,0.37026,-1.3883,0.07727,0.3555,0.35159,0.0039056,0.65678,9.6269,2.6259,1.2668,467.018,1635.5964,4.2544,1.1348e-05,Heun
0,15.58,0.36521,-1.1068,0.034125,0.044287,0.043818,0.00046966,0.86902,14.0806,0.32279,0.077125,467.018,48.6122,3.484,3.0217e-05,Heun
0,6.7404,0.93612,-1.0004,0.027888,0.014535,0.014034,0.00050111,0.94766,37.2159,0.26499,0.024041,467.018,30.0135,3.3492,2.5149e-05,Heun
0,3.569,0.36084,-0.93619,0.062794,0.0028857,0.0027563,0.00012937,0.89402,14.5149,0.020062,0.0046831,467.018,5.4425,3.1925,7.8704e-05,Heun
0,4.7792,0.54308,-1.0098,0.069536,0.0065468,0.0063794,0.00016743,0.9241,21.7656,0.069883,0.010891,467.018,20.3337,3.3368,1.5908e-05,Heun
0,2.702,0.30847,-0.61511,0.056123,0.00017118,5.0074e-05,0.00012111,0.88014,12.4423,0.00031157,8.4754e-05,467.018,0.076654,2.6513,6.5406e-05,Heun
0,2.2801,0.7944,-0.68206,0.061959,0.00023948,0.00010713,0.00013235,0.94967,32.0398,0.0017166,0.0001814,467.018,0.43227,2.8072,2.3344e-05,Heun
0,4.417,0.77571,-1.011,0.071368,0.0064988,0.0063069,0.00019181,0.94449,31.0903,0.098684,0.010774,467.018,28.8534,3.3576,2.7417e-05,Heun
0,9.1517,0.41496,-1.0362,0.06594,0.009578,0.0094021,0.00017592,0.90212,16.5798,0.078696,0.016103,467.018,22.2459,3.3681,1.8617e-05,Heun
0,5.2495,0.2561,-0.99292,0.016501,0.021944,0.021484,0.00046008,0.84578,10.1047,0.11098,0.036929,467.018,8.2992,3.2715,2.3071e-05,Heun
0,50.0944,0.82801,-1.214,0.039226,0.13851,0.13626,0.0022414,0.85937,28.7767,2.2758,0.26584,467.018,398.0431,3.7671,1.9134e-06,Heun
0,29.9373,0.90097,-1.0963,0.040295,0.033349,0.032663,0.00068624,0.93377,35.1347,0.5936,0.057063,467.018,98.6267,3.5196,5.6247e-05,Heun
0,3.5925,0.48185,-0.93378,0.034378,0.0051297,0.0048755,0.0002542,0.91663,19.339,0.047387,0.0082931,467.018,6.8568,3.2022,4.0787e-05,Heun
0,44.2539,0.21568,-1.2211,0.069775,0.086879,0.086467,0.00041168,0.78405,7.9448,0.37617,0.16376,467.018,131.9834,3.6658,2.264e-05,Heun
0,4.1234,0.65391,-0.8301,0.050882,0.001038,0.00087281,0.00016515,0.93903,26.3523,0.011512,0.0014792,467.018,2.4078,3.0439,2.8203e-05,Heun
0,4.0149,0.89935,-0.86918,0.017165,0.0048017,0.0042644,0.00053728,0.95231,36.1072,0.077359,0.0072435,467.018,5.374,3.1248,7.2082e-05,Heun
0,82.1176,0.34231,-1.2589,0.064015,0.14275,0.1418,0.00095348,0.79912,11.838,0.97908,0.29004,467.018,313.5375,3.7833,4.5712e-07,Heun
0,26.3354,0.31043,-1.1485,0.054942,0.046295,0.045929,0.0003657,0.85202,11.9435,0.28759,0.081873,467.018,71.8807,3.5504,4.5225e-05,Heun
0,117.6937,0.67511,-1.2703,0.024084,0.37127,0.36694,0.0043301,0.67912,17.1235,4.9968,0.89182,467.018,617.3599,3.8885,5.0635e-06,Heun
0,13.5233,0.77438,-1.0449,0.081652,0.0086952,0.0084893,0.00020591,0.94298,30.968,0.1326,0.014558,467.018,44.4998,3.4168,2.9939e-05,Heun
0,3.635,0.38365,-0.86791,0.011179,0.0071134,0.0064352,0.00067822,0.89694,15.3672,0.0498,0.010942,467.018,2.389,3.0813,3.0189e-05,Heun
0,97.1061,0.58242,-1.2748,0.077847,0.14029,0.13853,0.0017686,0.84028,20.1994,1.6274,0.29248,467.018,623.9323,3.8948,1.1367e-06,Heun
0,136.4459,0.31869,-1.3938,0.082592,0.34296,0.33997,0.0029863,0.65355,8.4473,2.1854,1.271,467.018,1546.673,4.2397,1.4762e-05,Heun
0,1.9852,0.29803,-0.7045,0.038509,0.00040347,0.00023,0.00017347,0.87632,12.0184,0.0013827,0.00038941,467.018,0.23444,2.7982,1.7684e-05,Heun
0,18.2425,0.63176,-1.0318,0.031404,0.019026,0.018587,0.00043925,0.92549,25.0013,0.23685,0.031976,467.018,30.9238,3.3823,9.3253e-05,Heun
0,34.207,0.93958,-1.1753,0.062639,0.056731,0.055661,0.0010693,0.92003,35.7541,1.0549,0.10123,467.018,280.9153,3.6877,2.0066e-06,Heun
0,2.3727,0.44677,-0.80285,0.059126,0.00065972,0.00052952,0.0001302,0.91372,18.0117,0.0047719,0.00089701,467.018,1.1918,2.9803,4.8718e-05,Heun
0,175.3107,0.56451,-1.2987,0.063598,0.21293,0.21026,0.0026796,0.78786,17.924,2.3941,0.48634,467.018,802.1563,3.9662,1.1176e-06,Heun
0,11.9599,0.48879,-0.97992,0.045042,0.0069348,0.0067148,0.00021996,0.91653,19.5818,0.066203,0.011449,467.018,12.5598,3.2806,5.0309e-05,Heun
0,3.2771,0.80739,-0.77545,0.06834,0.00044536,0.00032228,0.00012308,0.9503,32.557,0.0052486,0.00054583,467.018,1.4568,2.9633,6.8914e-05,Heun
0,2.774,0.88988,-0.58309,0.081526,0.00012373,2.2843e-05,0.00010089,0.95488,35.8948,0.00041002,3.8672e-05,467.018,0.1351,2.6485,6.2738e-05,Heun
0,3.7285,0.61234,-0.54493,0.013237,0.00068137,8.6136e-05,0.00059523,0.93543,24.6861,0.0010639,0.00014589,467.018,0.058095,2.5669,6.338e-05,Heun
0,3.6737,0.40837,-0.97822,0.039114,0.0077943,0.0075616,0.00023279,0.90191,16.3461,0.062286,0.012899,467.018,10.4239,3.2689,2.3173e-05,Heun
0,2.407,0.35882,-0.74519,0.058024,0.00038106,0.00025739,0.00012367,0.89505,14.4699,0.0018629,0.00043584,467.018,0.46605,2.8742,3.8621e-05,Heun
0,3.156,0.29277,-0.62985,0.059766,0.00016867,5.6816e-05,0.00011186,0.87452,11.8088,0.00033552,9.6174e-05,467.018,0.088478,2.6735,6.5453e-05,Heun
1,1.3523,0.9273,-1.117,0.015741,,,,,,,,,,,0,Heun
0,2.6937,0.27854,-0.5681,0.053859,0.0001502,2.8525e-05,0.00012167,0.86897,11.2352,0.00016027,4.8283e-05,467.018,0.038328,2.5687,6.4885e-05,Heun
0,98.1081,0.39566,-1.2685,0.060298,0.16594,0.16467,0.0012714,0.79587,13.313,1.3142,0.34818,467.018,400.3397,3.8223,1.1263e-06,Heun
0,10.9011,0.34897,-1.0721,0.026489,0.036963,0.036495,0.0004681,0.86946,13.5579,0.25689,0.063636,467.018,29.9636,3.4208,2.9482e-05,Heun
0,3.2807,0.47058,-0.6863,0.049077,0.00029791,0.00014282,0.00015509,0.91793,18.9782,0.0013557,0.00024184,467.018,0.27972,2.7891,4.3891e-05,Heun
0,5.5264,0.99296,-0.99569,0.055194,0.0069575,0.0067022,0.00025528,0.95494,39.7792,0.13424,0.011441,467.018,29.9866,3.3444,4.4065e-05,Heun
0,64.8305,0.6568,-1.2101,0.052283,0.10083,0.099519,0.0013087,0.87379,23.8251,1.3185,0.18962,467.018,308.1397,3.7325,2.0535e-06,Heun
0,2.2336,0.58879,-0.74838,0.064363,0.00036335,0.00024172,0.00012163,0.93323,23.7441,0.0028708,0.00040936,467.018,0.76418,2.9029,2.5118e-05,Heun
0,2.5993,0.85382,-0.61947,0.035857,0.00031168,8.286e-05,0.00022882,0.95295,34.4341,0.001427,0.0001403,467.018,0.20722,2.7068,6.446e-05,Heun
1,1.2006,0.35149,-1.2959,0.056955,,,,,,,,,,,0,Heun
0,11.1034,0.5397,-1.0494,0.076572,0.0097681,0.0095823,0.00018587,0.92162,21.5597,0.10431,0.01644,467.018,33.5688,3.4046,2.4471e-05,Heun
0,9.1376,0.58921,-0.68902,0.012187,0.0012425,0.0005953,0.00064723,0.93272,23.7404,0.0070751,0.0010086,467.018,0.35662,2.8043,4.8421e-05,Heun
0,3.4496,0.30407,-0.84446,0.048323,0.0012505,0.0011052,0.00014531,0.87795,12.2515,0.0067786,0.0018731,467.018,1.4398,3.0317,2.3179e-05,Heun
0,18.9708,0.29101,-1.1192,0.012599,0.13422,0.13312,0.0010975,0.78934,10.1643,0.7814,0.24478,467.018,45.2694,3.492,3.9095e-05,Heun
0,2.4026,0.28609,-0.67196,0.078609,0.00015858,7.4192e-05,8.4385e-05,0.87198,11.5394,0.00042813,0.00012559,467.018,0.14893,2.7423,5.5873e-05,Heun
0,15.545,0.3093,-1.0474,0.079696,0.0091094,0.0089779,0.00013146,0.87489,12.3641,0.056012,0.015393,467.018,19.7624,3.3727,8.2693e-05,Heun
0,29.6466,0.84623,-1.1165,0.049004,0.035211,0.034559,0.00065189,0.92983,32.9364,0.5899,0.060792,467.018,120.2921,3.5541,5.2333e-05,Heun
0,2.368,0.9308,-0.50033,0.033332,0.00026592,1.9296e-05,0.00024662,0.95669,37.5402,0.00036228,3.2668e-05,467.018,0.048707,2.5132,6.2505e-05,Heun
0,66.958,0.99056,-1.3775,0.020624,0.76933,0.73891,0.030417,0.31873,9.2178,14.7637,4.0864,467.018,2806.0255,4.4985,1.0117e-05,Euler
0,98.2661,0.84777,-1.2584,0.04412,0.20028,0.19659,0.0036897,0.81688,27.351,3.3617,0.4178,467.018,703.5703,3.9,7.1819e-07,Heun
0,2.4713,0.25126,-0.5081,0.063522,0.00010999,1.1192e-05,9.8797e-05,0.85681,10.1351,5.6723e-05,1.8942e-05,467.018,0.016225,2.4645,6.4889e-05,Heun
0,2.1942,0.97648,-0.61317,0.052867,0.00020796,5.1241e-05,0.00015672,0.95866,39.3848,0.0010093,8.7762e-05,467.018,0.21729,2.703,6.2706e-05,Heun
0,3.9274,0.50932,-0.95694,0.046911,0.0050099,0.0048081,0.00020178,0.92069,20.444,0.049396,0.0081833,467.018,9.7171,3.2439,4.9504e-05,Heun
0,12.96,0.54377,-1.0659,0.013475,0.066384,0.065278,0.001106,0.88545,20.4805,0.71599,0.11549,467.018,41.0338,3.4329,3.94e-05,Heun
0,60.2274,0.81993,-1.1765,0.036494,0.096662,0.095106,0.0015565,0.8875,29.8802,1.5729,0.17642,467.018,247.0979,3.6757,9.0989e-07,Heun
0,3.404,0.80606,-0.86653,0.073332,0.0010896,0.00096661,0.00012299,0.94981,32.4826,0.015716,0.0016388,467.018,4.6852,3.115,1.242e-05,Heun
0,21.5715,0.59787,-1.0157,0.0091801,0.052153,0.050851,0.0013016,0.9007,22.8614,0.61325,0.088896,467.018,23.6122,3.3509,2.139e-05,Heun
0,2.2158,0.27385,-0.62838,0.047727,0.00020655,6.9822e-05,0.00013673,0.86699,11.0451,0.00038568,0.00011819,467.018,0.08192,2.668,6.5622e-05,Heun
0,2.1115,0.69007,-0.69351,0.034209,0.00046085,0.00022476,0.00023609,0.94238,27.826,0.0031286,0.00038063,467.018,0.43829,2.8194,4.081e-05,Heun
0,2.8186,0.37617,-0.75953,0.040643,0.00062102,0.00044178,0.00017924,0.89925,15.166,0.0033521,0.00074809,467.018,0.58455,2.9002,5.1529e-05,Heun
0,130.3861,0.38247,-1.2705,0.037969,0.2532,0.25147,0.001732,0.73296,11.5227,1.9401,0.56727,467.018,385.9923,3.8196,1.8079e-05,Heun
0,3.1387,0.51901,-0.77037,0.042594,0.0006686,0.00048437,0.00018424,0.92477,20.9236,0.0050708,0.00082051,467.018,0.90141,2.9334,2.4442e-05,Heun
0,22.7103,0.31236,-1.1377,0.066189,0.033794,0.033511,0.00028211,0.86052,12.1752,0.21114,0.059107,467.018,63.0994,3.5311,2.2289e-05,Heun
0,2.1522,0.59234,-0.739,0.052067,0.00041728,0.00026465,0.00015263,0.93357,23.8859,0.003162,0.00044856,467.018,0.68118,2.8876,3.8782e-05,Heun
0,93.849,0.68801,-1.2517,0.051603,0.16167,0.1594,0.0022732,0.83462,23.2683,2.2121,0.32792,467.018,537.7719,3.8474,8.0007e-07,Heun
0,2.7462,0.27332,-0.65229,0.018377,0.00060123,0.00024646,0.00035477,0.86653,11.0196,0.0013588,0.00041727,467.018,0.11116,2.7076,3.2847e-05,Heun
0,3.9869,0.65971,-0.94618,0.04898,0.0042172,0.0040127,0.00020455,0.93749,26.5018,0.053397,0.0068251,467.018,10.7727,3.2386,3.9713e-05,Heun
0,60.7535,0.73727,-1.2427,0.081931,0.095385,0.093875,0.0015105,0.88342,26.9059,1.3961,0.18407,467.018,523.5907,3.8343,4.7818e-07,Heun
3,25.5452,0.51708,-1.2968,0.01763,0.12343,0.072893,0.050539,3.6326,18.2851,0.76027,0,467.018,173.4204,3.7636,1.0306,Euler
0,2.7643,0.89472,-0.59222,0.07359,0.00014013,2.8453e-05,0.00011168,0.95511,36.0897,0.00051351,4.8172e-05,467.018,0.1527,2.6639,6.3436e-05,Heun
0,84.7957,0.90197,-1.3685,0.013925,0.88907,0.87714,0.011924,0.17213,4.0366,15.9583,5.4494,467.018,2028.5962,4.3219,2.8309e-05,Heun
0,2.7686,0.78232,-0.70936,0.034025,0.00051836,0.00027697,0.00024139,0.94875,31.5437,0.0043706,0.00046907,467.018,0.60491,2.8518,3.4098e-05,Heun
0,166.2928,0.37279,-1.3179,0.078079,0.20817,0.20657,0.0016021,0.76222,11.9084,1.5533,0.50705,467.018,705.087,3.96,4.2061e-07,Heun
0,3.3499,0.487,-0.66369,0.080392,0.00016019,6.5229e-05,9.4961e-05,0.92056,19.6435,0.00064076,0.00011043,467.018,0.21595,2.7532,3.4878e-05,Heun
0,31.5436,0.31003,-1.1902,0.025825,0.15516,0.15415,0.0010086,0.78144,10.5666,0.96402,0.2973,467.018,118.3454,3.6266,3.4685e-05,Heun
0,35.5914,0.73074,-1.1681,0.019801,0.15536,0.1532,0.0021613,0.84192,24.8996,2.2581,0.29213,467.018,195.0188,3.6451,4.184e-06,Heun
0,4.7704,0.94754,-0.80126,0.02558,0.0015387,0.0011985,0.00034015,0.95659,38.1667,0.022907,0.0020315,467.018,2.3635,3.0141,2.5899e-05,Heun
0,94.788,0.88181,-1.3592,0.025643,0.66452,0.64658,0.017942,0.43132,11.9342,11.5006,2.6237,467.018,2122.0942,4.333,2.9007e-05,Heun
0,78.1782,0.8135,-1.3375,0.02874,0.54322,0.53234,0.010882,0.54442,14.9906,8.7352,1.7716,467.018,1598.1326,4.195,4.6504e-06,Heun
0,2.2199,0.6086,-0.74579,0.035212,0.00065452,0.0004273,0.00022722,0.93507,24.5359,0.0052455,0.00072379,467.018,0.76234,2.9002,3.0918e-05,Heun
0,3.3981,0.2405,-0.87742,0.057225,0.0015379,0.0014247,0.00011327,0.8505,9.6874,0.0069113,0.0024154,467.018,1.7947,3.076,4.053e-05,Heun
0,3.1256,0.6328,-0.56631,0.02506,0.00037579,5.9891e-05,0.0003159,0.93757,25.5189,0.00076446,0.00010141,467.018,0.078852,2.604,6.3381e-05,Heun
3,80.7709,0.32071,-1.3651,0.021125,0.78541,0.78267,0.0027377,0.26496,2.7764,5.0631,3.4033,467.018,867.3013,4.0493,0.0004712,Euler
0,2.7615,0.22598,-0.79219,0.055007,0.0006067,0.0004964,0.0001103,0.84301,9.1108,0.0022627,0.00084084,467.018,0.56983,2.9316,5.066e-05,Heun
0,3.9645,0.91091,-0.88282,0.066899,0.0014471,0.0013057,0.00014146,0.95502,36.6945,0.02399,0.0022147,467.018,6.4894,3.1484,3.1277e-05,Heun
0,110.1541,0.28659,-1.3972,0.071969,0.38639,0.38384,0.0025454,0.61269,7.0944,2.2189,1.5233,467.018,1447.1268,4.2203,2.378e-05,Heun
0,22.0854,0.33749,-1.144,0.020485,0.11334,0.11241,0.00092943,0.81715,12.0719,0.76522,0.20725,467.018,71.4952,3.5455,1.8961e-05,Heun
0,2.5336,0.75946,-0.59131,0.018241,0.00055695,0.00011342,0.00044353,0.94728,30.6209,0.0017375,0.00019207,467.018,0.1291,2.6543,6.3112e-05,Heun
0,2.7349,0.3662,-0.75382,0.060233,0.00039712,0.000277,0.00012012,0.89694,14.7673,0.0020461,0.00046906,467.018,0.53025,2.8895,3.8106e-05,Heun
0,25.3345,0.71295,-1.1142,0.080982,0.020867,0.020523,0.00034424,0.93095,28.1614,0.29514,0.03573,467.018,99.7796,3.5383,4.4028e-05,Heun
0,30.7801,0.81816,-1.1492,0.01516,0.16027,0.15776,0.0025106,0.84363,27.716,2.6036,0.29911,467.018,169.8218,3.6142,1.3552e-05,Heun
0,47.6732,0.91334,-1.322,0.070509,0.24519,0.23349,0.011701,0.78722,27.8116,4.3015,0.59186,467.018,1680.6549,4.1981,3.1387e-05,Heun
0,100.1137,0.78947,-1.3322,0.036168,0.44463,0.4346,0.010025,0.62702,17.6879,6.9208,1.3151,467.018,1529.5671,4.1741,7.0457e-06,Heun
0,2.6181,0.48049,-0.61373,0.038888,0.00026617,7.0969e-05,0.0001952,0.91951,19.3785,0.00068782,0.00012016,467.018,0.11226,2.6696,6.421e-05,Heun
0,5.5681,0.87152,-1.0287,0.072482,0.007996,0.0077743,0.00022163,0.94889,34.8775,0.13667,0.013309,467.018,40.4205,3.3948,9.6376e-05,Heun
0,51.5908,0.28151,-1.2375,0.070386,0.10413,0.10353,0.00060128,0.8049,10.174,0.5879,0.20037,467.018,203.2122,3.7182,1.5497e-06,Heun
0,2.6563,0.30661,-0.7617,0.013595,0.001861,0.0013579,0.00050315,0.87846,12.3462,0.0083981,0.0022997,467.018,0.50092,2.8945,4.5464e-05,Heun
0,2.5983,0.34832,-0.85024,0.04566,0.0014208,0.0012595,0.0001613,0.89159,14.0317,0.0088492,0.0021353,467.018,1.7491,3.0475,3.0807e-05,Heun
0,3.3198,0.66566,-0.83384,0.013864,0.0039644,0.0033562,0.00060819,0.93815,26.7476,0.045064,0.0056967,467.018,2.5668,3.051,7.8992e-05,Heun
0,3.1286,0.40735,-0.66941,0.077571,0.00016747,7.2739e-05,9.4736e-05,0.9065,16.4307,0.00059767,0.00012317,467.018,0.19741,2.7543,4.1506e-05,Heun
0,2.1227,0.42085,-0.54862,0.01342,0.00062478,7.4713e-05,0.00055007,0.90892,16.9672,0.00063423,0.00015089,467.018,0.04309,2.5553,7.0463e-05,Heun
0,8.259,0.4971,-1.0269,0.060764,0.0092618,0.0090631,0.0001987,0.91627,19.8681,0.090875,0.015512,467.018,23.2984,3.3614,4.6824e-05,Heun
0,1.9967,0.53004,-0.72462,0.076342,0.00025169,0.0001502,0.00010149,0.92647,21.3775,0.0016059,0.00025436,467.018,0.51076,2.8584,3.6379e-05,Heun
0,1.8875,0.8243,-0.53709,0.02122,0.68439,1.8639e-05,0.68438,0.85034,10.4951,0.00030991,8.2281e-05,467.018,0.024565,2.5148,4.1726e-05,Heun
0,4.0953,0.50022,-0.98755,0.027178,0.012607,0.012234,0.00037315,0.91458,19.9253,0.12344,0.020928,467.018,14.1257,3.2945,7.0005e-05,Heun
0,2.3413,0.85291,-0.751,0.039982,0.00061207,0.00040236,0.00020971,0.95271,34.387,0.0069223,0.00068151,467.018,1.1211,2.9253,3.8393e-05,Heun
0,2.2357,0.48403,-0.58474,0.036961,0.00025674,5.1459e-05,0.00020528,0.92005,19.5217,0.00050241,8.7122e-05,467.018,0.077886,2.6218,6.9895e-05,Heun
0,142.2881,0.65233,-1.3238,0.063618,0.26614,0.26104,0.0051016,0.75729,19.3122,3.4348,0.67118,467.018,1241.2866,4.099,1.9296e-06,Heun
0,3.1126,0.71651,-0.88731,0.022293,0.0045479,0.0041444,0.00040347,0.94175,28.7739,0.059897,0.0070404,467.018,5.4665,3.1438,3.2078e-05,Heun
0,72.3864,0.64036,-1.2401,0.045328,0.1611,0.15908,0.0020182,0.83125,21.6716,2.0548,0.32184,467.018,433.5609,3.8045,1.1604e-06,Heun
0,2.6121,0.29165,-0.70769,0.070331,0.00022626,0.00013122,9.504e-05,0.87407,11.7629,0.00077192,0.00022214,467.018,0.23968,2.8025,2.436e-05,Heun
0,3.4389,0.63419,-0.71871,0.068712,0.00027128,0.00015469,0.00011659,0.93776,25.5776,0.0019788,0.00026194,467.018,0.5596,2.8572,3.7028e-05,Heun
0,4.5664,0.77782,-0.85984,0.039794,0.0018574,0.0016339,0.00022354,0.94761,31.3202,0.025634,0.0027714,467.018,4.1552,3.102,3.2688e-05,Heun
0,3.9739,0.8495,-0.94148,0.075121,0.0026075,0.0024655,0.00014199,0.95124,34.1811,0.042247,0.0041899,467.018,12.8926,3.2435,3.0909e-05,Heun
0,2.5541,0.72444,-0.65093,0.066449,0.00018867,6.6981e-05,0.00012169,0.94512,29.2197,0.00097878,0.0001134,467.018,0.26557,2.751,6.3895e-05,Heun
3,21.8092,0.27522,-1.3186,0.017277,0.38421,-0.0023606,0.38657,1.7621,6.8372,-0.013105,0,467.018,176.7127,3.787,0.95759,Euler
0,3.8296,0.98739,-0.79689,0.014157,0.0026613,0.0020462,0.00061512,0.95751,39.7273,0.040754,0.0034702,467.018,2.3235,3.0088,2.5379e-05,Heun
0,2.3438,0.51962,-0.58618,0.079277,0.00012131,2.4436e-05,9.6879e-05,0.92519,20.9598,0.00025612,4.1375e-05,467.018,0.084708,2.6275,7.2669e-05,Heun
0,21.6625,0.32474,-1.1124,0.015092,0.10401,0.10304,0.00096621,0.81954,11.7382,0.67498,0.18746,467.018,46.1909,3.4865,3.8907e-05,Heun
0,2.4901,0.39738,-0.67519,0.020693,0.00064693,0.00029366,0.00035328,0.90408,16.0207,0.0023538,0.00049729,467.018,0.20787,2.7627,4.1234e-05,Heun
0,175.2442,0.5838,-1.3026,0.052152,0.26595,0.26255,0.003394,0.75142,17.288,3.0918,0.62414,467.018,853.6946,3.9834,1.3906e-06,Heun
0,2.6924,0.53244,-0.77699,0.036846,0.00082376,0.00060953,0.00021422,0.92642,21.4621,0.0065463,0.0010326,467.018,1.0048,2.9456,4.8502e-05,Heun
0,88.535,0.43164,-1.3919,0.053583,0.48763,0.48184,0.0057933,0.56417,8.9219,4.1951,1.913,467.018,1847.9241,4.3054,1.7038e-05,Heun
0,2.5549,0.61457,-0.69688,0.021278,0.0007511,0.00037728,0.00037382,0.9356,24.7744,0.0046769,0.00063905,467.018,0.41046,2.8194,3.7344e-05,Heun
0,2.5036,0.25786,-0.64529,0.053064,0.00019783,7.8039e-05,0.00011979,0.85991,10.4006,0.00040591,0.00013209,467.018,0.096642,2.6934,6.1357e-05,Heun
0,2.7135,0.34497,-0.85234,0.065159,0.0010199,0.00090692,0.00011293,0.89091,13.9027,0.0063107,0.0015371,467.018,1.7817,3.0506,2.2755e-05,Heun
0,2.2603,0.47586,-0.50275,0.04246,0.00019336,1.5627e-05,0.00017773,0.91883,19.1932,0.00014999,2.6455e-05,467.018,0.026748,2.4849,6.379e-05,Heun
1,1.1659,0.94863,-1.1081,0.082541,,,,,,,,,,,0,Heun
0,2.877,0.36894,-0.86257,0.045708,0.0016398,0.0014744,0.00016536,0.89684,14.8591,0.010972,0.0024989,467.018,2.1573,3.0707,2.7878e-05,Heun
0,3.0139,0.67204,-0.87907,0.0099734,0.0091837,0.008315,0.00086868,0.93533,26.8621,0.11272,0.014155,467.018,4.622,3.1268,2.4498e-05,Heun
0,3.2102,0.35075,-0.95937,0.077035,0.0031312,0.0030231,0.00010816,0.89119,14.1056,0.021388,0.0051409,467.018,7.1455,3.23,5.5067e-05,Heun
0,1.223,0.32297,-0.95454,0.061351,0,0,0,8.6052,13.0293,0,0,467.018,0.64246,3.1001,6.3778e-05,Heun
0,100.6904,0.3928,-1.2568,0.066375,0.13441,0.13338,0.0010365,0.81658,13.7164,1.0568,0.2721,467.018,345.8263,3.7925,1.0144e-07,Heun
0,2.4595,0.35294,-0.83098,0.050625,0.0010318,0.00088731,0.00014453,0.89309,14.2235,0.0063169,0.0015036,467.018,1.382,3.0161,4.7586e-05,Heun
0,25.3991,0.41622,-1.148,0.063016,0.040331,0.039933,0.00039836,0.88282,16.1138,0.33526,0.070865,467.018,92.9162,3.5671,2.6956e-05,Heun
0,3.2231,0.56354,-0.89759,0.022402,0.0050885,0.0047039,0.0003846,0.92745,22.6185,0.053469,0.0079946,467.018,4.9789,3.1492,4.1689e-05,Heun
0,3.6831,0.68288,-0.85114,0.068648,0.00097311,0.00084756,0.00012555,0.94148,27.5217,0.011675,0.0014367,467.018,3.2866,3.0811,4.7477e-05,Heun
0,4.0293,0.98169,-0.9512,0.040744,0.0054235,0.0051416,0.00028188,0.95549,39.3882,0.10181,0.0087522,467.018,16.7574,3.2675,3.8406e-05,Heun
0,43.8116,0.83188,-1.3191,0.02332,0.54996,0.54115,0.0088132,0.53713,15.1032,9.0803,1.7077,467.018,1289.1519,4.1056,6.2848e-05,Euler
0,6.2204,0.59753,-1.0376,0.082041,0.0078696,0.0076987,0.00017081,0.92934,23.9157,0.092791,0.013183,467.018,31.7266,3.3896,4.3725e-05,Heun
0,2.7548,0.55802,-0.70086,0.026687,0.00061034,0.00031662,0.00029372,0.92967,22.4977,0.0035638,0.00053621,467.018,0.39475,2.8214,2.4954e-05,Heun
0,3.3647,0.30234,-0.87459,0.041262,0.0020775,0.0019045,0.00017304,0.87683,12.1717,0.011615,0.0032304,467.018,2.1092,3.0815,2.7912e-05,Heun
0,2.8921,0.63209,-0.76056,0.025178,0.0010434,0.00072222,0.00032116,0.93707,25.4729,0.0092081,0.0012236,467.018,0.95466,2.9265,2.3445e-05,Heun
0,4.0962,0.6466,-0.73383,0.082183,0.00025505,0.00015704,9.8016e-05,0.93889,26.0784,0.0020481,0.00026594,467.018,0.692,2.8832,5.2441e-05,Heun
1,0.64316,0.98112,-1.1107,0.072337,,,,,,,,,,,0,Heun
0,106.5726,0.98033,-1.2395,0.017517,0.36318,0.357,0.006173,0.6999,25.1853,7.0594,0.82562,467.018,593.2602,3.851,3.3484e-06,Heun
0,5.9368,0.3776,-0.99196,0.017863,0.020133,0.019621,0.00051172,0.88733,14.9265,0.14945,0.033695,467.018,11.542,3.2881,2.2971e-05,Heun
0,6.0943,0.97458,-1.0032,0.068026,0.0062027,0.0059885,0.00021422,0.9547,39.0723,0.11772,0.010223,467.018,32.4464,3.3565,1.8647e-05,Heun
0,27.9682,0.61686,-1.1346,0.074749,0.029059,0.028654,0.00040448,0.9176,24.1622,0.35654,0.050329,467.018,112.9253,3.5676,4.6962e-05,Heun
0,28.0909,0.54237,-1.1412,0.077859,0.0302,0.029827,0.00037358,0.90884,21.2194,0.32631,0.052566,467.018,108.9296,3.5716,4.9072e-05,Heun
0,3.8564,0.72611,-0.84946,0.016247,0.0040336,0.0035,0.00053362,0.94277,29.1744,0.051262,0.0059406,467.018,3.4049,3.0813,4.7278e-05,Heun
0,2.825,0.28997,-0.81578,0.024169,0.0018107,0.0015285,0.00028218,0.87246,11.6766,0.0089403,0.0025909,467.018,0.95537,2.9818,4.924e-05,Heun
3,34.9288,0.96295,-1.3776,0.055709,0.45953,0.40173,0.057791,0.61445,20.9959,7.8031,1.5158,467.018,3321.9831,4.6075,0.0013911,Euler
0,30.7477,0.99189,-1.3414,0.074187,0.25795,0.23711,0.020846,0.78227,29.6927,4.7438,0.72214,467.018,2318.0884,4.3579,2.3499e-05,Heun
0,2.4459,0.21926,-0.59283,0.028812,0.00027729,7.3247e-05,0.00020405,0.83918,8.8428,0.00032394,0.00012401,467.018,0.042918,2.5993,6.5448e-05,Heun
0,3.4721,0.56682,-0.77444,0.01225,0.0024226,0.0017731,0.00064952,0.92952,22.8113,0.020272,0.0030058,467.018,1.0301,2.9443,2.4904e-05,Heun
0,5.4304,0.53175,-0.57062,0.067463,0.00013776,2.3514e-05,0.00011424,0.92676,21.4488,0.00025221,3.9815e-05,467.018,0.070865,2.6028,7.8938e-05,Heun
0,63.4636,0.80976,-1.2129,0.040212,0.13324,0.13112,0.0021146,0.86187,28.3147,2.1417,0.25553,467.018,384.8166,3.7616,2.8847e-07,Heun
0,59.2553,0.41343,-1.2342,0.076968,0.091907,0.091143,0.00076446,0.84887,15.1455,0.76005,0.17558,467.018,274.8668,3.7443,1.4161e-06,Heun
0,3.6879,0.94629,-0.72792,0.048008,0.00042441,0.00024922,0.00017519,0.95726,38.159,0.0047571,0.00042198,467.018,0.92058,2.892,2.899e-05,Heun
0,57.3765,0.89063,-1.3561,0.078995,0.26703,0.24488,0.02215,0.77193,26.3353,4.3992,0.8191,467.018,2516.4109,4.4153,9.6234e-05,Heun
0,60.5665,0.83791,-1.1952,0.01867,0.22052,0.21722,0.0033086,0.80191,26.3484,3.6712,0.43841,467.018,306.5725,3.7171,6.5137e-06,Heun
0,6.3798,0.46368,-1.0297,0.023859,0.024233,0.023745,0.00048796,0.90161,18.2523,0.22208,0.04095,467.018,22.5475,3.3623,2.8134e-05,Heun
0,14.4865,0.7515,-0.9663,0.027631,0.0095811,0.0091826,0.00039847,0.94094,30.0262,0.13919,0.015668,467.018,15.7486,3.2792,4.7781e-05,Heun
0,2.4385,0.68386,-0.69275,0.017409,0.00090089,0.00043726,0.00046363,0.9416,27.5632,0.0060316,0.00074064,467.018,0.43027,2.8177,8.0761e-05,Heun
0,33.6283,0.80058,-1.1654,0.041104,0.075781,0.074566,0.0012153,0.90044,29.8494,1.2041,0.13592,467.018,211.1256,3.6496,3.9608e-07,Heun
0,2.812,0.22826,-0.51298,0.043041,0.00015701,1.7582e-05,0.00013943,0.84461,9.2071,8.0953e-05,2.9764e-05,467.018,0.01592,2.4684,6.5042e-05,Heun
0,3.2189,0.98441,-0.69046,0.025231,0.000625,0.000293,0.00033199,0.95871,39.688,0.005818,0.00049623,467.018,0.59085,2.8317,2.5047e-05,Heun
0,117.7307,0.5686,-1.2869,0.080851,0.15323,0.15128,0.0019569,0.82995,19.4235,1.735,0.32895,467.018,709.5453,3.9302,8.2941e-07,Heun
0,3.1617,0.2607,-0.87319,0.036153,0.0023202,0.0021346,0.00018565,0.85993,10.4926,0.011225,0.003621,467.018,1.8209,3.0725,3.3896e-05,Heun
0,4.1371,0.93729,-0.89523,0.05793,0.0019358,0.0017676,0.00016822,0.95589,37.7389,0.033418,0.0029994,467.018,7.8199,3.1706,5.0273e-05,Heun
0,2.4497,0.54784,-0.73061,0.053006,0.00038119,0.0002336,0.00014759,0.9286,22.0924,0.0025814,0.00039561,467.018,0.56872,2.8699,1.3667e-05,Heun
0,144.1731,0.2094,-1.3857,0.068493,0.38694,0.38544,0.0015022,0.57991,5.1789,1.628,1.382,467.018,963.6135,4.0941,4.3149e-07,Heun
0,34.3514,0.67294,-1.1464,0.025036,0.096919,0.095567,0.0013518,0.87766,24.5166,1.2972,0.17472,467.018,139.2876,3.5953,3.6762e-05,Heun
0,153.79,0.41684,-1.2764,0.05851,0.18543,0.18393,0.0014986,0.78671,13.698,1.5465,0.3972,467.018,461.2845,3.8493,1.5605e-07,Heun
0,2.5678,0.62854,-0.60325,0.030765,0.00033535,7.8411e-05,0.00025694,0.9372,25.348,0.00099411,0.00013276,467.018,0.12593,2.665,6.3589e-05,Heun
0,64.9755,0.56265,-1.2261,0.027462,0.21685,0.21464,0.0022122,0.78498,17.7763,2.436,0.44371,467.018,314.553,3.7509,4.7484e-06,Heun
0,4.0098,0.94947,-0.94935,0.069009,0.0031317,0.0029678,0.00016393,0.95564,38.1835,0.056838,0.005046,467.018,15.8607,3.2626,4.7772e-05,Heun
0,2.5571,0.29551,-0.79077,0.082976,0.00040531,0.00032324,8.2071e-05,0.8754,11.9167,0.0019268,0.00054733,467.018,0.70476,2.9411,3.8599e-05,Heun
0,3.1243,0.45261,-0.84706,0.060908,0.0010362,0.00090646,0.00012972,0.91449,18.2401,0.0082755,0.0015365,467.018,2.1278,3.0545,2.702e-05,Heun
0,2.6544,0.61613,-0.55107,0.079173,0.00011521,1.5589e-05,9.9624e-05,0.93616,24.8529,0.00019374,2.6392e-05,467.018,0.063237,2.5774,6.3384e-05,Heun
0,3.8676,0.5846,-0.85726,0.0095241,0.0074571,0.0065869,0.00087018,0.92826,23.408,0.077673,0.011202,467.018,3.0669,3.0836,2.2409e-05,Heun
0,34.0606,0.74865,-1.1389,0.033487,0.067146,0.06609,0.0010564,0.90303,28.174,0.99802,0.1187,467.018,141.367,3.589,3.5766e-05,Heun
0,3.3747,0.39811,-0.58845,0.057055,0.00016292,3.4962e-05,0.00012795,0.90454,16.0577,0.00028075,5.9192e-05,467.018,0.068343,2.6188,6.438e-05,Heun
0,2.955,0.38689,-0.51207,0.055755,0.0001433,1.3415e-05,0.00012988,0.90205,15.6057,0.00010469,2.2711e-05,467.018,0.024972,2.4907,7.0678e-05,Heun
0,2.6871,0.76372,-0.60381,0.0097827,0.0010766,0.00024825,0.00082839,0.94722,30.7767,0.0038243,0.00042051,467.018,0.15237,2.6753,6.3179e-05,Heun
0,2.3861,0.43547,-0.58415,0.040902,0.00022768,4.6159e-05,0.00018152,0.91196,17.5635,0.00040545,7.8135e-05,467.018,0.070164,2.6158,6.6618e-05,Heun
0,2.0628,0.9084,-0.58066,0.040057,0.00025052,4.5056e-05,0.00020547,0.95568,36.6372,0.00082556,7.6282e-05,467.018,0.13353,2.6454,5.9573e-05,Heun
0,3.9445,0.37916,-0.95762,0.016905,0.013898,0.013401,0.000497,0.89163,15.0835,0.10249,0.022906,467.018,7.4674,3.2306,4.0571e-05,Heun
0,3.3312,0.72686,-0.87013,0.022824,0.0036364,0.0032485,0.0003879,0.94308,29.2163,0.047628,0.0055147,467.018,4.445,3.1158,6.9332e-05,Heun
0,3.3333,0.78585,-0.56503,0.078909,0.00012029,1.8711e-05,0.00010158,0.94923,31.6989,0.0002966,3.168e-05,467.018,0.095164,2.6124,6.4045e-05,Heun
0,4.3153,0.81166,-0.97579,0.062553,0.0047792,0.0045899,0.00018934,0.94775,32.5873,0.075145,0.0078179,467.018,19.168,3.2994,4.6829e-05,Heun
0,6.681,0.62032,-0.68695,0.016856,0.00089062,0.00041922,0.0004714,0.93607,25.0025,0.0052454,0.00071011,467.018,0.36445,2.8033,5.1688e-05,Heun
0,50.3315,0.81365,-1.1782,0.037398,0.096218,0.094681,0.0015373,0.88745,29.6658,1.5539,0.17598,467.018,250.7955,3.6789,3.3133e-06,Heun
0,2.9989,0.28397,-0.64792,0.035481,0.00030637,0.00012073,0.00018564,0.87105,11.4522,0.00069153,0.00020433,467.018,0.10866,2.7021,4.1901e-05,Heun
0,35.154,0.84405,-1.1537,0.079507,0.034579,0.033977,0.00060233,0.93011,32.8732,0.57846,0.060411,467.018,193.5149,3.63,1.5538e-06,Heun
0,3.7752,0.91478,-0.92905,0.069366,0.0024283,0.002277,0.00015134,0.95457,36.8142,0.042015,0.0038676,467.018,11.7946,3.2263,3.9514e-05,Heun
0,2.5389,0.58596,-0.68027,0.03831,0.00037496,0.00016933,0.00020563,0.93293,23.6299,0.0020014,0.00028672,467.018,0.31716,2.7895,4.6932e-05,Heun
0,3.9402,0.44952,-0.62553,0.058659,0.00018257,5.4753e-05,0.00012782,0.9145,18.1311,0.00049646,9.27e-05,467.018,0.1229,2.686,6.4456e-05,Heun
0,20.5723,0.64553,-1.0786,0.075531,0.014304,0.01405,0.00025457,0.92977,25.6693,0.18294,0.024248,467.018,57.6393,3.4663,2.9449e-05,Heun
0,2.8207,0.90982,-0.53041,0.072072,0.00012692,1.3133e-05,0.00011378,0.95583,36.699,0.00024101,2.2234e-05,467.018,0.070137,2.5621,6.2571e-05,Heun
0,24.8128,0.45871,-1.122,0.055411,0.033248,0.03286,0.00038765,0.89502,17.89,0.30404,0.057716,467.018,72.8707,3.5247,2.1746e-05,Heun
0,12.7857,0.227,-1.1014,0.010852,0.12413,0.12317,0.00096245,0.76711,8.0207,0.56397,0.22616,467.018,29.2515,3.4487,2.3576e-05,Heun
