Error,time,CO2share,E_appl,v,X_tot,X_het,X_hom,FE,CO2_out,CO_out,H2_out,delP,CD,Vcell,maxRes,Solver
0,57.2069,0.66297,-1.1912,0.03608,0.11574,0.11424,0.0014992,0.86422,23.6501,1.5276,0.21556,467.018,242.6255,3.6886,1.3749e-06,Heun
0,3.1426,0.26326,-0.51942,0.076071,9.4965e-05,1.0807e-05,8.4158e-05,0.86245,10.6192,5.7388e-05,1.8293e-05,467.018,0.019532,2.4854,6.4837e-05,Heun
0,2.0668,0.49936,-0.54677,0.047406,0.000184,2.4636e-05,0.00015937,0.92236,20.1414,0.00024814,4.171e-05,467.018,0.049221,2.5602,6.379e-05,Heun
0,3.2482,0.23334,-0.51534,0.051206,0.00013363,1.5235e-05,0.0001184,0.84748,9.4119,7.1705e-05,2.5787e-05,467.018,0.016717,2.4733,6.5013e-05,Heun
0,185.1752,0.51461,-1.3309,0.068095,0.27002,0.26656,0.0034622,0.74129,15.1546,2.7669,0.68708,467.018,1090.3489,4.0702,1.7394e-05,Heun
0,81.6516,0.72755,-1.2169,0.036796,0.15155,0.14943,0.002121,0.8444,24.9023,2.193,0.29402,467.018,363.7026,3.7586,3.668e-07,Heun
0,12.8263,0.66079,-1.0181,0.025921,0.019402,0.018898,0.00050396,0.9278,26.1401,0.25189,0.032477,467.018,27.0374,3.3609,9.2515e-05,Heun
0,5.0495,0.98286,-0.92961,0.070143,0.0024207,0.0022678,0.00015293,0.95748,39.5543,0.04496,0.0038522,467.018,12.7247,3.231,2.5109e-05,Heun
0,4.4844,0.54158,-0.98658,0.014515,0.023217,0.022507,0.00071031,0.91324,21.3409,0.24586,0.0387,467.018,14.9643,3.2967,3.5969e-05,Heun
0,3.3825,0.83297,-0.84322,0.014921,0.0041055,0.0035168,0.00058869,0.94939,33.4656,0.059089,0.0059705,467.018,3.5796,3.0776,3.3207e-05,Heun
0,4.1841,0.65282,-0.96157,0.033915,0.0073537,0.007048,0.00030571,0.93488,26.1421,0.092807,0.012011,467.018,12.9852,3.264,2.9458e-05,Heun
0,3.2627,0.22105,-0.67779,0.072559,0.00016811,8.6614e-05,8.1493e-05,0.84034,8.916,0.00038619,0.00014664,467.018,0.12869,2.7406,5.1195e-05,Heun
0,2.8456,0.59938,-0.75621,0.045871,0.00054965,0.00037497,0.00017468,0.93421,24.1666,0.0045333,0.00063512,467.018,0.85911,2.9168,5.0425e-05,Heun
0,3.9576,0.51632,-0.89353,0.035047,0.0031007,0.0028584,0.00024236,0.92286,20.7648,0.029769,0.0048507,467.018,4.3604,3.1382,4.2179e-05,Heun
0,94.2542,0.38137,-1.2534,0.044837,0.1861,0.18476,0.0013341,0.77933,12.5221,1.4213,0.38582,467.018,316.8517,3.779,1.5031e-05,Heun
0,3.4793,0.389,-0.84474,0.059567,0.0010272,0.0008997,0.0001275,0.90198,15.677,0.0070595,0.0015249,467.018,1.7997,3.0435,4.6445e-05,Heun
0,11.1864,0.53864,-0.5602,0.052393,0.00017387,2.6486e-05,0.00014739,0.92761,21.7261,0.00028777,4.4844e-05,467.018,0.062731,2.5861,8.3631e-05,Heun
0,2.5525,0.94045,-0.51508,0.071476,0.00012623,1.0876e-05,0.00011535,0.9572,37.9345,0.00020631,1.8412e-05,467.018,0.059455,2.5382,6.2498e-05,Heun
0,2.8694,0.45646,-0.75182,0.014447,0.0016518,0.0011249,0.0005269,0.91476,18.3842,0.010357,0.0019062,467.018,0.6309,2.8965,5.2757e-05,Heun
0,55.4363,0.42628,-1.224,0.029609,0.19852,0.19695,0.0015749,0.77927,13.7829,1.6934,0.40042,467.018,239.0462,3.72,7.5355e-06,Heun
0,6.6454,0.49397,-0.61707,0.060568,0.00019426,4.7568e-05,0.0001467,0.92158,19.9237,0.00047395,8.0534e-05,467.018,0.12021,2.6764,6.4187e-05,Heun
3,14.5853,0.58704,-1.2795,0.043062,0.29527,0.19664,0.098632,-10.3233,16.6896,2.3285,0,467.018,-44.5953,1.5876,2.1174,Euler
0,2.746,0.8554,-0.72972,0.035006,0.0005878,0.00034971,0.00023809,0.95285,34.4881,0.0060339,0.00059227,467.018,0.85543,2.8901,3.3985e-05,Heun
0,102.9399,0.39463,-1.3542,0.011631,0.91715,0.91427,0.0028808,0.12076,1.319,7.2776,5.3727,467.018,785.8224,4.0175,7.0575e-08,Euler
0,2.3039,0.22264,-0.81667,0.034153,0.001272,0.0010944,0.00017757,0.84063,8.9701,0.0049146,0.0018546,467.018,0.77047,2.9716,3.708e-05,Heun
0,105.6715,0.44021,-1.3389,0.042734,0.40752,0.40411,0.0034042,0.62768,10.5218,3.5883,1.2144,467.018,991.7185,4.0542,3.262e-06,Heun
0,2.2909,0.43787,-0.56265,0.055308,0.00015859,2.5901e-05,0.00013269,0.91244,17.6618,0.00022876,4.3842e-05,467.018,0.053505,2.5804,7.0089e-05,Heun
0,126.035,0.86329,-1.2367,0.028021,0.23908,0.23515,0.0039354,0.78958,26.5002,4.0947,0.49795,467.018,533.8348,3.8312,1.9314e-06,Heun
0,176.9865,0.31561,-1.3057,0.071494,0.20444,0.20319,0.0012506,0.75004,10.1292,1.2935,0.47347,467.018,521.1179,3.8965,7.6584e-08,Heun
0,33.1748,0.85653,-1.1316,0.074802,0.028019,0.027509,0.00051027,0.93508,33.5857,0.47526,0.048362,467.018,148.1185,3.5853,6.7621e-06,Heun
0,4.067,0.89603,-0.79395,0.078803,0.00046355,0.00035442,0.00010913,0.95496,36.1307,0.0064057,0.00060037,467.018,2.0405,2.9992,4.6804e-05,Heun
0,61.1053,0.6439,-1.2111,0.051345,0.10407,0.10275,0.0013239,0.8705,23.2727,1.3345,0.19575,467.018,306.3105,3.7329,8.4582e-07,Heun
0,4.0513,0.21743,-0.52291,0.033115,0.00020258,2.596e-05,0.00017662,0.8381,8.7699,0.00011386,4.3948e-05,467.018,0.01736,2.4828,6.5134e-05,Heun
0,86.0334,0.59508,-1.3619,0.06672,0.35154,0.34258,0.0089562,0.68874,15.5672,4.1121,1.0448,467.018,1796.1551,4.2639,5.2933e-07,Heun
0,4.2787,0.77455,-0.96735,0.047803,0.0056245,0.0053888,0.00023573,0.94498,31.0711,0.084192,0.0091793,467.018,16.447,3.2826,4.7571e-05,Heun
0,3.6796,0.76475,-0.82546,0.054854,0.00091949,0.00076286,0.00015664,0.94739,30.8229,0.011768,0.0012928,467.018,2.6301,3.0438,4.8244e-05,Heun
0,6.8845,0.91881,-1.0354,0.060369,0.010453,0.010166,0.00028654,0.94955,36.6789,0.18842,0.017431,467.018,46.3355,3.4097,2.3333e-05,Heun
0,70.375,0.76672,-1.342,0.015049,0.79843,0.79055,0.0078794,0.28054,6.2349,12.2262,3.5872,467.018,1367.713,4.1468,3.965e-05,Heun
0,4.1394,0.95811,-0.83722,0.061844,0.00093218,0.00078692,0.00014526,0.95743,38.6158,0.015208,0.0013337,467.018,3.7922,3.0746,2.486e-05,Heun
0,35.1145,0.20665,-1.2065,0.032547,0.15019,0.14952,0.00067673,0.73854,7.0845,0.62323,0.29088,467.018,103.5248,3.6332,4.4709e-05,Heun
0,3.7446,0.85931,-0.83831,0.0268,0.0021702,0.0018406,0.00032962,0.95204,34.5911,0.031903,0.0031208,467.018,3.4642,3.071,2.7251e-05,Heun
0,7.8063,0.23448,-1.0469,0.034646,0.020645,0.020392,0.00025293,0.83567,9.264,0.096448,0.035178,467.018,15.4019,3.3586,3.1573e-05,Heun
0,2.1673,0.60324,-0.67188,0.031471,0.00043645,0.00018506,0.00025138,0.93468,24.3251,0.0022518,0.0003134,467.018,0.29261,2.777,6.2533e-05,Heun
0,2.1365,0.72168,-0.59825,0.028939,0.00035658,7.8171e-05,0.0002784,0.94482,29.1035,0.0011379,0.00013236,467.018,0.1345,2.6634,9.5983e-05,Heun
0,2.8295,0.80399,-0.69936,0.018112,0.00091182,0.00045756,0.00045426,0.94981,32.405,0.0074204,0.00077502,467.018,0.54593,2.8366,4.4417e-05,Heun
0,2.5185,0.42317,-0.76246,0.059224,0.00044161,0.00031484,0.00012677,0.9095,17.0638,0.0026873,0.0005331,467.018,0.67525,2.9106,3.8613e-05,Heun
0,10.472,0.6801,-1.0236,0.031264,0.017272,0.016834,0.0004375,0.93076,26.9627,0.23094,0.028914,467.018,29.851,3.3721,5.5315e-05,Heun
0,4.5221,0.91644,-0.82258,0.028618,0.0017164,0.0014091,0.00030729,0.9551,36.9076,0.026048,0.0023878,467.018,3.0101,3.048,2.5648e-05,Heun
0,131.8309,0.71245,-1.3154,0.051901,0.29613,0.29034,0.0057971,0.73925,20.23,4.1723,0.73947,467.018,1197.2773,4.0803,6.1639e-05,Heun
0,14.7784,0.83734,-1.0639,0.012116,0.072104,0.070542,0.0015626,0.90494,31.344,1.1914,0.12511,467.018,59.8528,3.4539,2.2596e-05,Heun
0,10.3073,0.58165,-1.0077,0.070219,0.0063175,0.0061482,0.00016924,0.92867,23.3165,0.072134,0.010495,467.018,21.0933,3.3367,2.2253e-05,Heun
0,9.9842,0.51303,-1.0322,0.010754,0.054684,0.05357,0.0011134,0.88923,19.5648,0.55436,0.09389,467.018,25.3236,3.3714,4.2473e-05,Heun
0,42.7291,0.90725,-1.1639,0.030418,0.099294,0.097534,0.0017607,0.89001,32.9659,1.7849,0.18018,467.018,231.4189,3.6568,1.7882e-07,Heun
0,51.6244,0.76998,-1.1922,0.033033,0.12734,0.12545,0.0018913,0.86374,27.1067,1.9483,0.23862,467.018,281.9917,3.7051,1.1168e-06,Heun
0,8.0824,0.86478,-0.73561,0.058744,0.00036677,0.00022475,0.00014202,0.95348,34.8741,0.0039204,0.00038065,467.018,0.93231,2.9004,5.3177e-05,Heun
0,2.9067,0.20574,-0.59725,0.055992,0.00014136,3.9899e-05,0.00010146,0.8305,8.2989,0.00016558,6.7533e-05,467.018,0.043073,2.6039,6.5657e-05,Heun
0,2.1252,0.28217,-0.70683,0.06159,0.00025528,0.00014819,0.00010709,0.87037,11.3803,0.00084345,0.00025088,467.018,0.23031,2.7996,4.3936e-05,Heun
0,71.6316,0.63531,-1.3648,0.031017,0.59714,0.58846,0.0086868,0.48597,10.325,7.5409,2.3318,467.018,1751.6682,4.2569,9.4908e-05,Heun
0,4.1277,0.89211,-0.91328,0.083194,0.0016721,0.0015516,0.00012047,0.95399,35.9292,0.027921,0.0026334,467.018,9.4058,3.1985,4.9694e-05,Heun
0,3.2327,0.41076,-0.87585,0.032674,0.0026841,0.0024431,0.00024099,0.90562,16.5263,0.020242,0.0041457,467.018,2.8179,3.0978,2.5184e-05,Heun
0,49.9848,0.83083,-1.1822,0.047321,0.080691,0.07936,0.0013305,0.89884,30.8128,1.33,0.14646,467.018,270.8293,3.6908,7.1768e-07,Heun
0,13.6839,0.70732,-1.0418,0.018741,0.035918,0.035103,0.00081538,0.92074,27.5096,0.50082,0.060953,467.018,38.9056,3.4057,9.6317e-05,Heun
0,2.7071,0.78292,-0.66392,0.076462,0.0001756,6.8778e-05,0.00010683,0.94901,31.5789,0.0010862,0.00011646,467.018,0.33777,2.7764,6.4379e-05,Heun
0,23.6718,0.92061,-1.1329,0.027351,0.076099,0.074671,0.0014278,0.90627,34.3128,1.3866,0.13452,467.018,158.8,3.5923,9.1283e-06,Heun
0,6.8844,0.82156,-0.96942,0.013688,0.02003,0.019198,0.00083147,0.93843,32.4793,0.31815,0.032922,467.018,17.7792,3.2889,5.2754e-05,Heun
0,2.4525,0.36789,-0.6959,0.037941,0.00039866,0.00020918,0.00018948,0.89736,14.8355,0.0015523,0.00035391,467.018,0.25306,2.7935,6.016e-05,Heun
0,11.1776,0.23874,-0.99925,0.082738,0.0047789,0.0046863,9.2541e-05,0.8476,9.5851,0.022567,0.0079891,467.018,8.5211,3.2792,4.9853e-05,Heun
0,2.414,0.32808,-0.64085,0.025306,0.00042874,0.00015454,0.0002742,0.88633,13.2295,0.0010227,0.00026163,467.018,0.11265,2.6969,6.5656e-05,Heun
0,3.3778,0.77698,-0.78948,0.031758,0.0010949,0.0008301,0.00026481,0.94805,31.3106,0.01301,0.0014066,467.018,1.6817,2.9847,4.8069e-05,Heun
0,83.1063,0.30584,-1.3073,0.047454,0.29284,0.29125,0.0015873,0.6858,8.725,1.7967,0.72871,467.018,501.508,3.8924,2.3419e-05,Heun
0,2.2294,0.38446,-0.51637,0.056435,0.00014188,1.4036e-05,0.00012785,0.9015,15.5077,0.00010885,2.3712e-05,467.018,0.026241,2.4975,7.0116e-05,Heun
0,3.4698,0.54803,-0.89937,0.040175,0.0029077,0.0026918,0.0002159,0.92702,22.0444,0.029756,0.0045614,467.018,4.9676,3.1509,7.9022e-05,Heun
0,46.2204,0.5602,-1.2086,0.059934,0.087241,0.086264,0.00097705,0.8736,20.6277,0.97475,0.16227,467.018,261.7865,3.7137,3.0033e-06,Heun
3,44.2806,0.27651,-1.3008,0.018526,0.91609,0.91255,0.0035379,0.15817,0.93602,5.0897,0,467.018,214.4263,3.7864,0.73751,Euler
0,77.7922,0.59316,-1.3333,0.014073,0.80038,0.79531,0.0050688,0.27169,4.7767,9.5156,3.3948,467.018,967.0248,4.0424,1.3982e-06,Euler
3,85.3266,0.27022,-1.3812,0.011506,0.95903,0.95721,0.0018197,0.059324,0.44663,5.2174,7.6843,467.018,766.3579,4.0395,0.0049189,Euler
0,13.8432,0.339,-1.1008,0.050713,0.027953,0.027658,0.0002949,0.8724,13.2934,0.18912,0.04806,467.018,42.336,3.4697,3.5902e-05,Heun
0,4.2883,0.79941,-0.91015,0.075711,0.0017657,0.0016377,0.00012804,0.94898,32.1928,0.026407,0.0027797,467.018,8.1384,3.1876,5.0112e-05,Heun
0,3.6018,0.47335,-0.63191,0.053137,0.00020829,6.5597e-05,0.00014269,0.91843,19.0917,0.00062631,0.00011108,467.018,0.13987,2.6991,6.444e-05,Heun
0,3.5174,0.44446,-0.84131,0.049535,0.0011936,0.0010354,0.00015813,0.91297,17.909,0.009283,0.0017548,467.018,1.9438,3.044,2.5595e-05,Heun
0,3.5267,0.8586,-0.86352,0.057147,0.0013522,0.0011932,0.00015903,0.95253,34.5907,0.020664,0.0020232,467.018,4.7863,3.1131,2.3277e-05,Heun
0,57.3878,0.98532,-1.2074,0.04139,0.1226,0.12018,0.0024219,0.87729,34.8761,2.3885,0.23132,467.018,433.8898,3.7718,9.6489e-07,Heun
0,47.135,0.97804,-1.1773,0.029967,0.11767,0.11545,0.002217,0.8804,34.8133,2.2776,0.21707,467.018,293.2236,3.6943,1.4146e-06,Heun
0,3.3794,0.66237,-0.81384,0.054665,0.000812,0.00065945,0.00015255,0.9399,26.6996,0.0088107,0.0011173,467.018,1.9778,3.0175,2.5951e-05,Heun
0,18.6521,0.39382,-1.1064,0.056746,0.026758,0.026455,0.00030285,0.88683,15.4622,0.21015,0.046143,467.018,52.0422,3.4878,8.6776e-05,Heun
0,3.8167,0.4339,-0.94478,0.065723,0.0030735,0.00294,0.00013346,0.90988,17.4506,0.025732,0.004996,467.018,7.1789,3.2156,9.6099e-05,Heun
0,138.5078,0.7423,-1.2831,0.026884,0.38347,0.37816,0.0053076,0.67365,18.4624,5.6621,0.94218,467.018,791.3377,3.9479,1.0229e-05,Heun
0,6.386,0.65903,-0.99736,0.031881,0.012201,0.011829,0.00037163,0.9323,26.262,0.15725,0.020235,467.018,20.7156,3.3253,1.6935e-05,Heun
0,3.292,0.36215,-0.50542,0.010043,0.00077699,6.8367e-05,0.00070862,0.89567,14.5986,0.00049942,0.00011576,467.018,0.0216,2.4766,6.8712e-05,Heun
0,22.9971,0.97038,-1.0409,0.031928,0.021089,0.020513,0.00057613,0.94482,38.3211,0.40151,0.035364,467.018,52.2042,3.4225,1.7222e-05,Heun
0,128.8237,0.47504,-1.3344,0.037064,0.44046,0.43663,0.003827,0.60631,10.723,4.1838,1.3209,467.018,987.0602,4.0485,3.4393e-06,Heun
0,24.0224,0.32635,-1.1451,0.057488,0.042498,0.042144,0.00035344,0.85947,12.6059,0.27742,0.074894,467.018,71.9869,3.547,4.5193e-05,Heun
0,3.813,0.468,-0.91524,0.054292,0.0025952,0.0024382,0.00015701,0.91607,18.831,0.023017,0.0041382,467.018,5.2648,3.1698,9.125e-05,Heun
0,2.3466,0.29709,-0.73151,0.065457,0.00029475,0.00019142,0.00010333,0.87605,11.9816,0.0011471,0.00032408,467.018,0.33074,2.8429,4.6726e-05,Heun
0,36.8719,0.82656,-1.115,0.075063,0.022732,0.022314,0.0004176,0.93694,32.5868,0.37203,0.038963,467.018,115.9567,3.55,7.6362e-06,Heun
0,3.7925,0.84288,-0.96546,0.076179,0.0034548,0.0033036,0.0001512,0.95034,33.886,0.056167,0.0056215,467.018,17.4066,3.2838,2.9911e-05,Heun
0,4.128,0.66459,-0.84,0.014717,0.0039977,0.0034216,0.00057601,0.93804,26.7036,0.045868,0.0058075,467.018,2.7736,3.0611,2.9268e-05,Heun
0,2.5757,0.27257,-0.7253,0.049242,0.00036757,0.00023495,0.00013262,0.86635,10.992,0.0012918,0.00039777,467.018,0.28329,2.8287,2.7751e-05,Heun
0,2.6613,0.35783,-0.77208,0.011384,0.0024843,0.0018512,0.00063313,0.89348,14.3996,0.013361,0.0031382,467.018,0.65633,2.9188,3.1005e-05,Heun
0,70.348,0.82944,-1.2729,0.068585,0.15497,0.15176,0.0032136,0.84798,28.2758,2.539,0.32378,467.018,844.0952,3.9512,8.2985e-07,Heun
0,2.3037,0.48514,-0.57973,0.034463,0.00027174,5.1742e-05,0.00022,0.92021,19.5659,0.00050632,8.7612e-05,467.018,0.073183,2.6136,7.111e-05,Heun
0,28.4052,0.879,-1.0668,0.027002,0.034275,0.033501,0.00077464,0.93211,34.2451,0.59397,0.058295,467.018,65.9238,3.463,9.945e-05,Heun
0,3.4356,0.31285,-0.94042,0.030581,0.0062181,0.0059683,0.00024982,0.87788,12.5425,0.037663,0.010153,467.018,5.0568,3.1929,4.1518e-05,Heun
0,5.2032,0.76515,-0.51097,0.019213,0.00045845,3.8374e-05,0.00042007,0.94771,30.8533,0.00059226,6.4975e-05,467.018,0.046329,2.5213,6.2868e-05,Heun
0,2.6758,0.3569,-0.53562,0.023564,0.00034307,4.2948e-05,0.00030012,0.89457,14.3929,0.00030918,7.271e-05,467.018,0.031424,2.526,6.6506e-05,Heun
0,2.7164,0.50721,-0.65613,0.070864,0.00017574,6.7143e-05,0.00010859,0.92347,20.458,0.00068692,0.00011369,467.018,0.20346,2.7425,6.523e-05,Heun
0,5.8412,0.47684,-1.017,0.064788,0.0076752,0.0075002,0.00017503,0.91425,19.0891,0.072139,0.012812,467.018,19.7565,3.3423,2.9082e-05,Heun
0,2.7829,0.94282,-0.65509,0.0646,0.00020136,7.2672e-05,0.00012868,0.95726,38.0273,0.001382,0.00012305,467.018,0.35996,2.7708,6.3384e-05,Heun
0,13.4921,0.8775,-1.0013,0.030128,0.013601,0.013148,0.00045307,0.94555,34.9185,0.23271,0.022518,467.018,28.5599,3.3472,2.5455e-05,Heun
0,12.9691,0.70395,-1.0645,0.016967,0.052358,0.051327,0.0010312,0.90971,26.9117,0.72881,0.09011,467.018,51.5584,3.4453,1.728e-05,Heun
0,7.6873,0.89889,-0.75881,0.011974,0.0021896,0.0014841,0.0007055,0.95398,36.1835,0.026909,0.0025157,467.018,1.3025,2.9408,3.1424e-05,Heun
0,33.9955,0.37475,-1.187,0.031096,0.12649,0.12551,0.00098376,0.81788,13.2059,0.94873,0.23711,467.018,135.7107,3.6339,2.1321e-05,Heun
0,46.8218,0.25686,-1.2329,0.058105,0.11796,0.11734,0.0006239,0.78582,9.1399,0.60794,0.22871,467.018,176.1995,3.701,4.676e-05,Heun
0,44.9572,0.74645,-1.1876,0.05623,0.072753,0.071666,0.0010871,0.89916,27.9224,1.0791,0.13212,467.018,262.9978,3.6932,1.166e-06,Heun
0,31.1358,0.62654,-1.1549,0.052474,0.052629,0.051929,0.00070006,0.90313,23.9455,0.65627,0.093014,467.018,147.5201,3.6083,1.9152e-05,Heun
0,61.0849,0.60705,-1.3612,0.024029,0.67678,0.67003,0.0067563,0.4088,7.9155,8.2043,2.8745,467.018,1524.6012,4.202,3.1216e-05,Heun
0,3.6534,0.40529,-0.91708,0.041504,0.0034603,0.0032631,0.00019715,0.904,16.2934,0.026676,0.0055428,467.018,4.7266,3.166,7.1451e-05,Heun
0,2.2309,0.88887,-0.54757,0.031708,0.00029617,3.7212e-05,0.00025896,0.95472,35.848,0.00066718,6.3005e-05,467.018,0.08551,2.5894,6.5506e-05,Heun
0,2.4433,0.86277,-0.68445,0.070924,0.00021322,9.6522e-05,0.0001167,0.95348,34.7984,0.0016798,0.00016343,467.018,0.48223,2.8153,4.5944e-05,Heun
0,33.9992,0.21484,-1.1834,0.065605,0.05919,0.05888,0.00031064,0.80067,8.154,0.25516,0.10734,467.018,81.7505,3.5938,4.2534e-05,Heun
0,2.9229,0.56777,-0.76838,0.073279,0.00038334,0.00027447,0.00010886,0.93093,22.8961,0.0031434,0.00046488,467.018,0.95511,2.9344,2.4399e-05,Heun
3,50.9633,0.9619,-1.3876,0.042085,0.54199,0.4809,0.061091,0.5475,17.7731,9.3306,2.2801,467.018,3586.2521,4.6727,0.86767,Euler
0,3.368,0.55505,-0.71178,0.064464,0.00027271,0.00015083,0.00012188,0.92953,22.3858,0.0016887,0.0002554,467.018,0.452,2.8392,3.356e-05,Heun
0,63.2298,0.88406,-1.1047,0.014,0.1027,0.10075,0.0019464,0.88663,32.0018,1.7966,0.18287,467.018,105.3347,3.5326,2.0241e-05,Heun
0,23.3543,0.62743,-1.1116,0.08041,0.020296,0.019988,0.00030819,0.92426,24.7979,0.25296,0.034792,467.018,85.5645,3.525,5.0798e-05,Heun
0,2.8576,0.53613,-0.71495,0.060482,0.00029665,0.00016744,0.00012921,0.92722,21.6222,0.0018107,0.00028353,467.018,0.45586,2.8429,4.2876e-05,Heun
0,9.1747,0.2236,-1.0581,0.029672,0.027686,0.027386,0.00030079,0.82523,8.7708,0.12352,0.047438,467.018,17.0539,3.3753,2.9661e-05,Heun
0,52.1164,0.58963,-1.2026,0.063732,0.076673,0.075764,0.00090937,0.88373,21.9629,0.90109,0.14125,467.018,255.0269,3.705,8.1148e-07,Heun
0,3.9858,0.90653,-0.90371,0.046251,0.0026801,0.0024674,0.00021267,0.95402,36.4728,0.045118,0.0041891,467.018,8.4437,3.1832,3.0685e-05,Heun
0,35.5984,0.93031,-1.1977,0.073793,0.063063,0.061864,0.0011988,0.91543,35.1635,1.1609,0.11466,467.018,370.5026,3.7418,2.3684e-06,Heun
0,74.113,0.42645,-1.2497,0.034842,0.22347,0.22174,0.0017324,0.76204,13.3592,1.9074,0.4734,467.018,329.6275,3.7798,9.1014e-06,Heun
0,4.6935,0.31145,-1.0403,0.051012,0.012981,0.012782,0.00019852,0.87321,12.4013,0.080302,0.021943,467.018,18.1217,3.3608,8.575e-05,Heun
3,42.4967,0.20055,-1.3845,0.028344,-0.0086782,-0.034755,0.026077,2.4274,8.1609,-0.1406,0,467.018,357.269,3.9242,0.16228,Euler
0,9.5055,0.45371,-1.0192,0.018776,0.026932,0.026351,0.00058074,0.89823,17.8106,0.24116,0.045491,467.018,19.3062,3.3433,5.7948e-05,Heun
0,54.4791,0.62084,-1.3955,0.027246,0.73783,0.72752,0.010315,0.34777,6.5662,9.1106,3.8999,467.018,2309.685,4.4101,1.5267e-05,Euler
0,52.3845,0.86745,-1.3577,0.03774,0.4904,0.46888,0.021517,0.59454,17.8334,8.2041,1.75,467.018,2258.2863,4.3612,2.2593e-05,Heun
0,59.8943,0.74115,-1.2225,0.060636,0.10093,0.099415,0.0015139,0.87993,26.8816,1.4862,0.1917,467.018,404.8132,3.7777,1.4321e-06,Heun
3,23.9526,0.93588,-1.212,0.011064,0.021754,-0.023341,0.045095,4.3627,36.9337,-0.44063,0,467.018,98.0464,3.6348,0.1457,Euler
0,4.3131,0.80881,-0.86147,0.0607,0.0012423,0.0010943,0.00014793,0.94987,32.5884,0.017853,0.0018553,467.018,4.4044,3.1067,2.5996e-05,Heun
0,34.2923,0.34095,-1.1919,0.029913,0.13866,0.13768,0.00097989,0.8014,11.8473,0.94685,0.26252,467.018,132.3374,3.6368,5.1793e-05,Heun
0,3.8031,0.97527,-0.89855,0.072833,0.0016031,0.0014673,0.00013585,0.95771,39.2811,0.028864,0.0024895,467.018,8.4776,3.1782,3.0688e-05,Heun
0,3.6562,0.48345,-0.91811,0.050313,0.0028995,0.0027278,0.00017169,0.91829,19.4468,0.026601,0.0046333,467.018,5.6276,3.1762,8.4526e-05,Heun
0,25.3835,0.67656,-1.0987,0.044968,0.030742,0.030229,0.00051327,0.92174,26.4545,0.41253,0.052755,467.018,77.6148,3.5056,6.5975e-05,Heun
0,2.5898,0.78741,-0.50971,0.020391,0.00043358,3.5573e-05,0.00039801,0.94912,31.7519,0.000565,6.0236e-05,467.018,0.046843,2.5206,6.0575e-05,Heun
0,128.5526,0.90378,-1.2616,0.02919,0.296,0.29057,0.0054345,0.74888,25.6677,5.2971,0.65797,467.018,750.4116,3.9156,6.4155e-06,Heun
0,2.9308,0.47231,-0.62355,0.040125,0.00026656,7.802e-05,0.00018854,0.91823,19.0487,0.00074328,0.00013211,467.018,0.12536,2.6851,6.434e-05,Heun
0,2.482,0.55736,-0.6845,0.080913,0.00018143,8.4663e-05,9.6768e-05,0.92986,22.481,0.00095183,0.00014335,467.018,0.31966,2.7942,2.5514e-05,Heun
0,3.888,0.33959,-0.94316,0.048647,0.0040544,0.0038901,0.0001643,0.88749,13.6439,0.026646,0.0066105,467.018,5.6358,3.2013,4.696e-05,Heun
3,49.5797,0.56181,-1.3847,0.017959,0.85073,0.84516,0.0055704,0.21226,3.3831,9.5775,5.1521,467.018,1697.7656,4.2647,0.00082094,Euler
0,26.4181,0.553,-1.1722,0.077946,0.044039,0.043523,0.00051513,0.90113,21.3267,0.48549,0.078168,467.018,164.3775,3.6344,5.4086e-05,Heun
0,2.2059,0.30528,-0.50108,0.044436,0.00016677,1.4619e-05,0.00015215,0.87904,12.3134,9.0017e-05,2.4745e-05,467.018,0.017558,2.4616,6.4848e-05,Heun
0,2.365,0.70947,-0.75547,0.077198,0.00032712,0.00022076,0.00010636,0.94394,28.612,0.0031592,0.00037386,467.018,0.99724,2.9237,2.3449e-05,Heun
0,63.282,0.92238,-1.203,0.03199,0.14818,0.14554,0.0026374,0.85703,31.6966,2.7079,0.28282,467.018,381.4491,3.7506,2.2469e-06,Heun
0,2.9878,0.53112,-0.8233,0.067546,0.00072178,0.0006026,0.00011918,0.92631,21.4107,0.0064557,0.0010211,467.018,1.8174,3.0225,5.3412e-05,Heun
0,111.7302,0.34725,-1.2848,0.012473,0.66227,0.65946,0.0028113,0.39375,4.7312,4.6192,2.0767,467.018,354.8057,3.8236,6.0333e-05,Heun
0,3.2556,0.43711,-0.91108,0.0254,0.0052571,0.0049325,0.00032466,0.90909,17.541,0.043489,0.0083847,467.018,4.6845,3.1595,4.1842e-05,Heun
0,2.7724,0.25069,-0.68333,0.06728,0.00019378,0.00010032,9.3462e-05,0.85649,10.1115,0.00050728,0.00016981,467.018,0.15375,2.7553,4.9119e-05,Heun
0,4.8204,0.25279,-1.0264,0.061059,0.0091085,0.0089679,0.00014066,0.85208,10.1053,0.045728,0.015348,467.018,12.6696,3.3275,6.3005e-05,Heun
0,150.7576,0.22783,-1.3099,0.077427,0.19793,0.19706,0.00086383,0.71992,7.3718,0.90561,0.46169,467.018,417.2782,3.8692,1.3184e-06,Heun
0,4.1354,0.64154,-0.87872,0.054415,0.0016843,0.0015231,0.00016123,0.93752,25.8371,0.01971,0.0025831,467.018,4.4158,3.1241,2.4536e-05,Heun
0,3.5387,0.65107,-0.8276,0.050158,0.0010245,0.00085743,0.00016709,0.93879,26.2385,0.01126,0.0014532,467.018,2.3223,3.0395,6.6705e-05,Heun
0,193.5754,0.44393,-1.2828,0.065289,0.18057,0.17898,0.0015996,0.79481,14.6749,1.6026,0.38659,467.018,531.2283,3.8766,2.9822e-07,Heun
0,10.1328,0.80549,-0.61099,0.074416,0.00017351,3.5805e-05,0.0001377,0.95038,32.4894,0.00058175,6.0625e-05,467.018,0.17581,2.6899,9.7385e-05,Heun
0,3.8692,0.73994,-0.97072,0.07592,0.0036941,0.0035461,0.00014803,0.94395,29.7403,0.052927,0.0060354,467.018,16.4568,3.286,2.1074e-05,Heun
0,33.7114,0.96058,-1.1622,0.072618,0.04193,0.041118,0.00081204,0.93073,37.1269,0.79669,0.07378,467.018,243.6324,3.66,1.1279e-06,Heun
0,26.6731,0.57517,-1.1241,0.060151,0.031578,0.031149,0.00042942,0.91171,22.4706,0.36138,0.054648,467.018,92.3537,3.5428,5.7159e-05,Heun
0,2.9346,0.6074,-0.79825,0.041424,0.00090903,0.00071232,0.00019671,0.93479,24.4815,0.0087273,0.001207,467.018,1.4927,2.9873,4.8015e-05,Heun
0,6.5993,0.83924,-0.96247,0.011828,0.021248,0.020306,0.00094129,0.9386,33.1372,0.34375,0.034845,467.018,16.587,3.2782,5.9835e-05,Heun
0,7.7582,0.65662,-1.0014,0.027435,0.014916,0.014442,0.00047355,0.93036,26.0942,0.19128,0.024752,467.018,21.7123,3.3319,2.5372e-05,Heun
0,23.8383,0.81872,-1.1096,0.0093063,0.15926,0.15652,0.0027384,0.8444,27.7685,2.5848,0.29327,467.018,102.3127,3.5355,4.4928e-05,Heun
0,3.779,0.94205,-0.89973,0.03933,0.0030066,0.0027566,0.00024994,0.95541,37.8898,0.052382,0.0046805,467.018,8.3222,3.1784,2.3644e-05,Heun
0,117.2981,0.37026,-1.3883,0.07727,0.3555,0.35159,0.0039056,0.65678,9.6269,2.6259,1.2668,467.018,1635.5964,4.2544,1.1348e-05,Heun
0,3.5572,0.68704,-0.91463,0.033305,0.0042216,0.0039387,0.00028292,0.93972,27.5996,0.054584,0.0066933,467.018,7.4633,3.1875,8.9135e-05,Heun
0,3.3845,0.56145,-0.55212,0.073565,0.00012271,1.7007e-05,0.0001057,0.93037,22.6471,0.00019261,2.8791e-05,467.018,0.058771,2.5747,6.3575e-05,Heun
0,5.9265,0.69526,-0.97375,0.019512,0.01483,0.014269,0.00056125,0.93353,27.6319,0.2001,0.024413,467.018,16.0729,3.2877,5.8952e-05,Heun
0,15.8399,0.36521,-1.1068,0.034125,0.044287,0.043818,0.00046966,0.86902,14.0806,0.32279,0.077125,467.018,48.6122,3.484,3.0217e-05,Heun
0,3.3783,0.74576,-0.66732,0.042161,0.00032321,0.00013028,0.00019293,0.94652,30.0757,0.0019598,0.0002206,467.018,0.3369,2.7797,7.3116e-05,Heun
0,52.987,0.21665,-1.2665,0.024957,0.35179,0.35047,0.0013177,0.60812,5.6654,1.5316,0.82039,467.018,217.4439,3.7535,2.8106e-05,Heun
0,149.3949,0.38782,-1.3144,0.066467,0.2359,0.23405,0.0018443,0.74579,11.9546,1.8309,0.56974,467.018,691.9626,3.953,2.9742e-07,Heun
0,6.7437,0.93612,-1.0004,0.027888,0.014535,0.014034,0.00050111,0.94766,37.2159,0.26499,0.024041,467.018,30.0135,3.3492,2.5149e-05,Heun
0,4.0642,0.822,-0.98504,0.07518,0.0044643,0.0042997,0.00016458,0.94855,33.0131,0.071291,0.0073257,467.018,21.8505,3.3159,4.611e-05,Heun
0,2.6547,0.62481,-0.7385,0.032405,0.00067027,0.00042282,0.00024746,0.93663,25.1891,0.0053288,0.00071614,467.018,0.71143,2.8893,2.8131e-05,Heun
0,3.392,0.26146,-0.76586,0.0234,0.0011083,0.00083213,0.00027616,0.86102,10.5362,0.0043886,0.0014093,467.018,0.46003,2.8942,9.5136e-05,Heun
0,3.5335,0.36084,-0.93619,0.062794,0.0028857,0.0027563,0.00012937,0.89402,14.5149,0.020062,0.0046831,467.018,5.4425,3.1925,7.8704e-05,Heun
0,44.316,0.21009,-1.2108,0.080152,0.067546,0.067223,0.00032369,0.79254,7.9031,0.28488,0.12492,467.018,113.8177,3.6444,2.896e-05,Heun
0,67.1002,0.97724,-1.2548,0.076916,0.11577,0.11292,0.0028574,0.88165,34.8594,2.2258,0.22884,467.018,793.3456,3.92,1.4057e-06,Heun
0,6.9287,0.86931,-1.0397,0.061228,0.010867,0.010585,0.00028197,0.94691,34.6885,0.1856,0.018158,467.018,46.4281,3.4141,2.3321e-05,Heun
0,4.859,0.54308,-1.0098,0.069536,0.0065468,0.0063794,0.00016743,0.9241,21.7656,0.069883,0.010891,467.018,20.3337,3.3368,1.5908e-05,Heun
0,2.4476,0.99455,-0.52206,0.073429,0.00012391,1.1579e-05,0.00011233,0.95943,40.1168,0.00023228,1.9604e-05,467.018,0.068613,2.5526,3.5859e-05,Heun
0,2.8045,0.84385,-0.5592,0.075449,0.00012646,1.8159e-05,0.0001083,0.95254,34.0383,0.00030908,3.0744e-05,467.018,0.09449,2.6062,5.5221e-05,Heun
0,27.1581,0.57773,-1.1264,0.026624,0.071813,0.070865,0.00094783,0.88569,21.6331,0.82582,0.12719,467.018,94.2817,3.5465,3.5184e-05,Heun
0,2.6953,0.30847,-0.61511,0.056123,0.00017118,5.0074e-05,0.00012111,0.88014,12.4423,0.00031157,8.4754e-05,467.018,0.076654,2.6513,6.5406e-05,Heun
0,3.2045,0.37166,-0.90746,0.028121,0.0045347,0.0042543,0.00028042,0.89571,14.9256,0.031893,0.0072296,467.018,3.8619,3.1458,2.4669e-05,Heun
0,3.8127,0.86837,-0.92355,0.043544,0.0036126,0.0033786,0.00023404,0.95157,34.9052,0.059179,0.0057413,467.018,10.4538,3.2144,3.0122e-05,Heun
0,2.2654,0.46126,-0.63478,0.067605,0.00016509,5.3499e-05,0.00011159,0.9165,18.6048,0.00049775,9.0582e-05,467.018,0.14171,2.7026,6.4534e-05,Heun
0,2.2484,0.7944,-0.68206,0.061959,0.00023948,0.00010713,0.00013235,0.94967,32.0398,0.0017166,0.0001814,467.018,0.43227,2.8072,2.3344e-05,Heun
0,3.0398,0.33227,-0.93039,0.028163,0.0059685,0.0056955,0.00027301,0.88415,13.3243,0.038172,0.0096911,467.018,4.6886,3.1789,7.0861e-05,Heun
3,45.3054,0.78859,-1.3979,0.063961,0.47167,0.41484,0.056834,0.59706,16.8078,6.5987,1.713,467.018,3551.0055,4.6757,0.0027675,Euler
0,10.9763,0.24673,-1.0777,0.077367,0.013714,0.013575,0.00013843,0.84629,9.8169,0.067559,0.023414,467.018,23.9535,3.4138,6.9172e-05,Heun
0,4.3804,0.77571,-1.011,0.071368,0.0064988,0.0063069,0.00019181,0.94449,31.0903,0.098684,0.010774,467.018,28.8534,3.3576,2.7417e-05,Heun
0,2.4876,0.30276,-0.83422,0.081241,0.00066235,0.00057655,8.58e-05,0.87785,12.2059,0.003521,0.00097677,467.018,1.2578,3.0144,4.6291e-05,Heun
0,111.3329,0.98898,-1.2625,0.019353,0.4131,0.40569,0.0074083,0.66002,23.4157,8.0929,1.0051,467.018,786.6941,3.9261,8.8614e-05,Heun
0,4.197,0.66995,-0.90117,0.072835,0.0016437,0.0015181,0.00012563,0.94,26.9827,0.020514,0.0025747,467.018,6.1364,3.1638,3.1334e-05,Heun
0,9.1495,0.41496,-1.0362,0.06594,0.009578,0.0094021,0.00017592,0.90212,16.5798,0.078696,0.016103,467.018,22.2459,3.3681,1.8617e-05,Heun
0,136.5318,0.53403,-1.3522,0.065788,0.32121,0.31602,0.0051811,0.7067,14.6238,3.4042,0.93499,467.018,1450.9797,4.1762,2.129e-05,Heun
0,79.87,0.94966,-1.2739,0.044658,0.231,0.22551,0.0054862,0.79909,29.4613,4.3198,0.50417,467.018,946.265,3.978,2.5562e-06,Heun
0,17.5317,0.59529,-1.0528,0.039479,0.019716,0.019331,0.00038525,0.9215,23.5416,0.23212,0.033327,467.018,38.3166,3.4158,9.2655e-05,Heun
0,5.2161,0.2561,-0.99292,0.016501,0.021944,0.021484,0.00046008,0.84578,10.1047,0.11098,0.036929,467.018,8.2992,3.2715,2.3071e-05,Heun
0,28.8602,0.72962,-1.1036,0.044323,0.033161,0.032588,0.00057284,0.92413,28.4583,0.4796,0.056943,467.018,88.5988,3.5194,5.9637e-05,Heun
0,5.1423,0.5458,-0.61796,0.019598,0.00054509,0.00014869,0.0003964,0.92825,22.0065,0.001637,0.00025178,467.018,0.13335,2.6827,6.542e-05,Heun
0,2.8254,0.32559,-0.85837,0.032045,0.0022174,0.0019913,0.00022613,0.88445,13.1057,0.013077,0.0033771,467.018,1.828,3.0579,3.4523e-05,Heun
0,50.143,0.82801,-1.214,0.039226,0.13851,0.13626,0.0022414,0.85937,28.7767,2.2758,0.26584,467.018,398.0431,3.7671,1.9134e-06,Heun
0,73.3731,0.62284,-1.2644,0.078402,0.125,0.12333,0.0016764,0.85455,21.9854,1.5494,0.25403,467.018,584.1105,3.8733,5.0527e-07,Heun
0,2.8405,0.27478,-0.71368,0.023459,0.0007031,0.00042471,0.00027839,0.86708,11.0775,0.002354,0.00071918,467.018,0.24571,2.8098,3.8066e-05,Heun
0,3.5591,0.92473,-0.81148,0.05789,0.00075506,0.00060419,0.00015087,0.9561,37.2771,0.01127,0.0010236,467.018,2.6336,3.0299,2.8462e-05,Heun
0,29.6235,0.90097,-1.0963,0.040295,0.033349,0.032663,0.00068624,0.93377,35.1347,0.5936,0.057063,467.018,98.6267,3.5196,5.6247e-05,Heun
3,37.9845,0.24823,-1.343,0.023527,-1.0908,-1.0908,-2.2204e-16,3.0307,20.9366,-5.4614,0,467.018,430.5665,3.9064,0.25207,Euler
0,8.9305,0.70996,-1.0239,0.010534,0.050559,0.049278,0.0012814,0.91133,27.1931,0.70568,0.086128,467.018,30.8602,3.3743,3.2392e-05,Heun
0,4.4921,0.917,-0.98808,0.069006,0.0050588,0.0048688,0.00019002,0.95296,36.8065,0.090057,0.008299,467.018,25.2142,3.327,4.5255e-05,Heun
0,3.5052,0.48185,-0.93378,0.034378,0.0051297,0.0048755,0.0002542,0.91663,19.339,0.047387,0.0082931,467.018,6.8568,3.2022,4.0787e-05,Heun
0,3.6337,0.73631,-0.6475,0.064809,0.00019073,6.5713e-05,0.00012502,0.94596,29.6984,0.00097597,0.00011126,467.018,0.25806,2.7461,6.3782e-05,Heun
0,2.5245,0.55113,-0.50182,0.05353,0.00015708,1.2247e-05,0.00014484,0.92914,22.2302,0.00013615,2.0736e-05,467.018,0.030274,2.4903,6.3503e-05,Heun
0,15.172,0.5453,-1.0633,0.032294,0.027363,0.026886,0.00047649,0.91102,21.3964,0.29573,0.046586,467.018,40.2783,3.4292,9.54e-05,Heun
0,42.96,0.21568,-1.2211,0.069775,0.086879,0.086467,0.00041168,0.78405,7.9448,0.37617,0.16376,467.018,131.9834,3.6658,2.264e-05,Heun
0,3.2137,0.89705,-0.50669,0.075896,0.00011726,9.1962e-06,0.00010807,0.95523,36.1844,0.0001664,1.5569e-05,467.018,0.051025,2.522,8.7056e-05,Heun
0,4.8818,0.95888,-0.78272,0.053416,0.00061405,0.00045262,0.00016143,0.95767,38.659,0.0087543,0.00076673,467.018,1.8846,2.9838,9.6805e-05,Heun
0,2.0431,0.57076,-0.55239,0.069735,0.00012982,1.8004e-05,0.00011182,0.93143,23.0223,0.00020727,3.0478e-05,467.018,0.059886,2.5759,9.3852e-05,Heun
0,3.9887,0.65391,-0.8301,0.050882,0.001038,0.00087281,0.00016515,0.93903,26.3523,0.011512,0.0014792,467.018,2.4078,3.0439,2.8203e-05,Heun
0,3.8961,0.99647,-0.81778,0.069649,0.00067168,0.00054443,0.00012725,0.95915,40.1722,0.010943,0.00092248,467.018,3.0676,3.0442,3.1394e-05,Heun
0,11.398,0.51372,-1.062,0.010984,0.076985,0.075716,0.0012697,0.87471,19.1291,0.78458,0.13467,467.018,36.876,3.4227,4.3464e-05,Heun
0,128.1118,0.38196,-1.3807,0.071882,0.36306,0.35931,0.0037557,0.65313,9.8145,2.7683,1.235,467.018,1520.648,4.2207,6.6481e-06,Heun
0,3.9102,0.89935,-0.86918,0.017165,0.0048017,0.0042644,0.00053728,0.95231,36.1072,0.077359,0.0072435,467.018,5.374,3.1248,7.2082e-05,Heun
0,2.9033,0.75495,-0.74453,0.020218,0.00114,0.00073205,0.000408,0.94661,30.4212,0.011148,0.0012403,467.018,0.91862,2.9085,2.742e-05,Heun
0,2.4029,0.34411,-0.81103,0.063146,0.000665,0.0005508,0.0001142,0.89089,13.8729,0.0038232,0.00093304,467.018,1.0459,2.9817,4.9025e-05,Heun
3,51.6967,0.20463,-1.3338,0.02424,0.97516,0.7526,0.22257,0.034111,0.20502,3.1063,0,467.018,332.9318,3.8651,0.164,Euler
0,79.7242,0.34231,-1.2589,0.064015,0.14275,0.1418,0.00095348,0.79912,11.838,0.97908,0.29004,467.018,313.5375,3.7833,4.5712e-07,Heun
0,2.4975,0.36713,-0.72357,0.073445,0.00025202,0.00015406,9.7959e-05,0.89726,14.807,0.0011409,0.00026084,467.018,0.36039,2.8394,4.1866e-05,Heun
0,4.3287,0.92548,-0.96509,0.02476,0.01056,0.010084,0.00047652,0.94978,36.9411,0.18824,0.017215,467.018,18.8988,3.288,2.0326e-05,Heun
0,11.9545,0.77136,-1.0571,0.063324,0.013055,0.012767,0.00028801,0.93997,30.7117,0.19864,0.021955,467.018,51.7805,3.4382,1.5351e-05,Heun
0,25.5103,0.31043,-1.1485,0.054942,0.046295,0.045929,0.0003657,0.85202,11.9435,0.28759,0.081873,467.018,71.8807,3.5504,4.5225e-05,Heun
0,48.8973,0.52944,-1.2246,0.048168,0.13057,0.12926,0.0013153,0.84233,18.5698,1.3804,0.24796,467.018,300.1628,3.7441,3.0207e-06,Heun
0,4.9236,0.73138,-0.54357,0.080688,0.00011359,1.3892e-05,9.9699e-05,0.94566,29.5017,0.00020495,2.3519e-05,467.018,0.067489,2.5733,6.3845e-05,Heun
0,8.7542,0.45998,-1.0436,0.022663,0.027327,0.026779,0.0005478,0.89738,18.0493,0.24846,0.051549,467.018,26.7857,3.3859,6.1905e-05,Heun
0,104.7542,0.67511,-1.2703,0.024084,0.37127,0.36694,0.0043301,0.67912,17.1235,4.9968,0.89182,467.018,617.3599,3.8885,5.0635e-06,Heun
0,3.5721,0.37105,-0.92755,0.058215,0.0028011,0.0026618,0.00013923,0.89664,14.9269,0.019922,0.0045204,467.018,4.994,3.1793,4.1577e-05,Heun
0,94.5045,0.35606,-1.3755,0.064131,0.37629,0.37327,0.0030234,0.63837,8.959,2.6808,1.2935,467.018,1327.1164,4.1708,1.0884e-05,Heun
0,2.8667,0.36836,-0.9195,0.038664,0.0038186,0.0036127,0.00020594,0.89534,14.8036,0.026843,0.006138,467.018,4.4731,3.1655,4.1965e-05,Heun
0,11.8746,0.77438,-1.0449,0.081652,0.0086952,0.0084893,0.00020591,0.94298,30.968,0.1326,0.014558,467.018,44.4998,3.4168,2.9939e-05,Heun
0,2.4901,0.4033,-0.72038,0.01073,0.021467,0.00099352,0.020473,0.90286,15.9205,0.0080822,0.0017138,467.018,0.36964,2.8375,4.3735e-05,Heun
0,74.7068,0.41524,-1.2488,0.035264,0.21878,0.21712,0.001657,0.76339,13.0866,1.8186,0.46244,467.018,318.6775,3.7751,1.3877e-05,Heun
