Error,time,CO2share,E_appl,v,X_tot,X_het,X_hom,FE,CO2_out,CO_out,H2_out,delP,CD,Vcell,maxRes,Solver
0,3.1565,0.26326,-0.51942,0.076071,9.4965e-05,1.0807e-05,8.4158e-05,0.86245,10.6192,5.7388e-05,1.8293e-05,467.018,0.019532,2.4854,6.4837e-05,Heun
0,3.1544,0.23334,-0.51534,0.051206,0.00013363,1.5235e-05,0.0001184,0.84748,9.4119,7.1705e-05,2.5787e-05,467.018,0.016717,2.4733,6.5013e-05,Heun
0,79.1952,0.72755,-1.2169,0.036796,0.15155,0.14943,0.002121,0.8444,24.9023,2.193,0.29402,467.018,363.7026,3.7586,3.668e-07,Heun
0,5.043,0.98286,-0.92961,0.070143,0.0024207,0.0022678,0.00015293,0.95748,39.5543,0.04496,0.0038522,467.018,12.7247,3.231,2.5109e-05,Heun
0,3.3401,0.83297,-0.84322,0.014921,0.0041055,0.0035168,0.00058869,0.94939,33.4656,0.059089,0.0059705,467.018,3.5796,3.0776,3.3207e-05,Heun
0,3.3617,0.22105,-0.67779,0.072559,0.00016811,8.6614e-05,8.1493e-05,0.84034,8.916,0.00038619,0.00014664,467.018,0.12869,2.7406,5.1195e-05,Heun
0,4.1851,0.51632,-0.89353,0.035047,0.0031007,0.0028584,0.00024236,0.92286,20.7648,0.029769,0.0048507,467.018,4.3604,3.1382,4.2179e-05,Heun
0,3.2527,0.389,-0.84474,0.059567,0.0010272,0.0008997,0.0001275,0.90198,15.677,0.0070595,0.0015249,467.018,1.7997,3.0435,4.6445e-05,Heun
0,2.1665,0.94045,-0.51508,0.071476,0.00012623,1.0876e-05,0.00011535,0.9572,37.9345,0.00020631,1.8412e-05,467.018,0.059455,2.5382,6.2498e-05,Heun
0,54.0092,0.42628,-1.224,0.029609,0.19852,0.19695,0.0015749,0.77927,13.7829,1.6934,0.40042,467.018,239.0462,3.72,7.5355e-06,Heun
3,15.3695,0.58704,-1.2795,0.043062,0.29527,0.19664,0.098632,-10.3233,16.6896,2.3285,0,467.018,-44.5953,1.5876,2.1174,Euler
0,112.3466,0.39463,-1.3542,0.011631,0.91715,0.91427,0.0028808,0.12076,1.319,7.2776,5.3727,467.018,785.8224,4.0175,7.0575e-08,Euler
0,111.9633,0.44021,-1.3389,0.042734,0.40752,0.40411,0.0034042,0.62768,10.5218,3.5883,1.2144,467.018,991.7185,4.0542,3.262e-06,Heun
0,131.6785,0.86329,-1.2367,0.028021,0.23908,0.23515,0.0039354,0.78958,26.5002,4.0947,0.49795,467.018,533.8348,3.8312,1.9314e-06,Heun
0,33.2876,0.85653,-1.1316,0.074802,0.028019,0.027509,0.00051027,0.93508,33.5857,0.47526,0.048362,467.018,148.1185,3.5853,6.7621e-06,Heun
0,61.4699,0.6439,-1.2111,0.051345,0.10407,0.10275,0.0013239,0.8705,23.2727,1.3345,0.19575,467.018,306.3105,3.7329,8.4582e-07,Heun
0,87.0737,0.59508,-1.3619,0.06672,0.35154,0.34258,0.0089562,0.68874,15.5672,4.1121,1.0448,467.018,1796.1551,4.2639,5.2933e-07,Heun
0,3.586,0.76475,-0.82546,0.054854,0.00091949,0.00076286,0.00015664,0.94739,30.8229,0.011768,0.0012928,467.018,2.6301,3.0438,4.8244e-05,Heun
0,70.4383,0.76672,-1.342,0.015049,0.79843,0.79055,0.0078794,0.28054,6.2349,12.2262,3.5872,467.018,1367.713,4.1468,3.965e-05,Heun
0,34.8957,0.20665,-1.2065,0.032547,0.15019,0.14952,0.00067673,0.73854,7.0845,0.62323,0.29088,467.018,103.5248,3.6332,4.4709e-05,Heun
0,7.8446,0.23448,-1.0469,0.034646,0.020645,0.020392,0.00025293,0.83567,9.264,0.096448,0.035178,467.018,15.4019,3.3586,3.1573e-05,Heun
0,2.1485,0.72168,-0.59825,0.028939,0.00035658,7.8171e-05,0.0002784,0.94482,29.1035,0.0011379,0.00013236,467.018,0.1345,2.6634,9.5983e-05,Heun
0,2.5553,0.42317,-0.76246,0.059224,0.00044161,0.00031484,0.00012677,0.9095,17.0638,0.0026873,0.0005331,467.018,0.67525,2.9106,3.8613e-05,Heun
0,4.2583,0.91644,-0.82258,0.028618,0.0017164,0.0014091,0.00030729,0.9551,36.9076,0.026048,0.0023878,467.018,3.0101,3.048,2.5648e-05,Heun
0,14.1808,0.83734,-1.0639,0.012116,0.072104,0.070542,0.0015626,0.90494,31.344,1.1914,0.12511,467.018,59.8528,3.4539,2.2596e-05,Heun
0,9.2956,0.51303,-1.0322,0.010754,0.054684,0.05357,0.0011134,0.88923,19.5648,0.55436,0.09389,467.018,25.3236,3.3714,4.2473e-05,Heun
0,50.348,0.76998,-1.1922,0.033033,0.12734,0.12545,0.0018913,0.86374,27.1067,1.9483,0.23862,467.018,281.9917,3.7051,1.1168e-06,Heun
0,2.8541,0.20574,-0.59725,0.055992,0.00014136,3.9899e-05,0.00010146,0.8305,8.2989,0.00016558,6.7533e-05,467.018,0.043073,2.6039,6.5657e-05,Heun
0,69.9116,0.63531,-1.3648,0.031017,0.59714,0.58846,0.0086868,0.48597,10.325,7.5409,2.3318,467.018,1751.6682,4.2569,9.4908e-05,Heun
0,3.2576,0.41076,-0.87585,0.032674,0.0026841,0.0024431,0.00024099,0.90562,16.5263,0.020242,0.0041457,467.018,2.8179,3.0978,2.5184e-05,Heun
0,13.6656,0.70732,-1.0418,0.018741,0.035918,0.035103,0.00081538,0.92074,27.5096,0.50082,0.060953,467.018,38.9056,3.4057,9.6317e-05,Heun
0,23.3328,0.92061,-1.1329,0.027351,0.076099,0.074671,0.0014278,0.90627,34.3128,1.3866,0.13452,467.018,158.8,3.5923,9.1283e-06,Heun
0,2.403,0.36789,-0.6959,0.037941,0.00039866,0.00020918,0.00018948,0.89736,14.8355,0.0015523,0.00035391,467.018,0.25306,2.7935,6.016e-05,Heun
0,2.3083,0.32808,-0.64085,0.025306,0.00042874,0.00015454,0.0002742,0.88633,13.2295,0.0010227,0.00026163,467.018,0.11265,2.6969,6.5656e-05,Heun
0,80.1005,0.30584,-1.3073,0.047454,0.29284,0.29125,0.0015873,0.6858,8.725,1.7967,0.72871,467.018,501.508,3.8924,2.3419e-05,Heun
0,3.2131,0.54803,-0.89937,0.040175,0.0029077,0.0026918,0.0002159,0.92702,22.0444,0.029756,0.0045614,467.018,4.9676,3.1509,7.9022e-05,Heun
3,43.5848,0.27651,-1.3008,0.018526,0.91609,0.91255,0.0035379,0.15817,0.93602,5.0897,0,467.018,214.4263,3.7864,0.73751,Euler
3,85.0053,0.27022,-1.3812,0.011506,0.95903,0.95721,0.0018197,0.059324,0.44663,5.2174,7.6843,467.018,766.3579,4.0395,0.0049189,Euler
0,4.0155,0.79941,-0.91015,0.075711,0.0017657,0.0016377,0.00012804,0.94898,32.1928,0.026407,0.0027797,467.018,8.1384,3.1876,5.0112e-05,Heun
0,3.6392,0.44446,-0.84131,0.049535,0.0011936,0.0010354,0.00015813,0.91297,17.909,0.009283,0.0017548,467.018,1.9438,3.044,2.5595e-05,Heun
0,60.6771,0.98532,-1.2074,0.04139,0.1226,0.12018,0.0024219,0.87729,34.8761,2.3885,0.23132,467.018,433.8898,3.7718,9.6489e-07,Heun
0,3.5549,0.66237,-0.81384,0.054665,0.000812,0.00065945,0.00015255,0.9399,26.6996,0.0088107,0.0011173,467.018,1.9778,3.0175,2.5951e-05,Heun
0,3.8355,0.4339,-0.94478,0.065723,0.0030735,0.00294,0.00013346,0.90988,17.4506,0.025732,0.004996,467.018,7.1789,3.2156,9.6099e-05,Heun
0,6.6296,0.65903,-0.99736,0.031881,0.012201,0.011829,0.00037163,0.9323,26.262,0.15725,0.020235,467.018,20.7156,3.3253,1.6935e-05,Heun
0,24.349,0.97038,-1.0409,0.031928,0.021089,0.020513,0.00057613,0.94482,38.3211,0.40151,0.035364,467.018,52.2042,3.4225,1.7222e-05,Heun
0,25.0925,0.32635,-1.1451,0.057488,0.042498,0.042144,0.00035344,0.85947,12.6059,0.27742,0.074894,467.018,71.9869,3.547,4.5193e-05,Heun
0,2.4929,0.29709,-0.73151,0.065457,0.00029475,0.00019142,0.00010333,0.87605,11.9816,0.0011471,0.00032408,467.018,0.33074,2.8429,4.6726e-05,Heun
0,3.8734,0.84288,-0.96546,0.076179,0.0034548,0.0033036,0.0001512,0.95034,33.886,0.056167,0.0056215,467.018,17.4066,3.2838,2.9911e-05,Heun
0,2.7391,0.27257,-0.7253,0.049242,0.00036757,0.00023495,0.00013262,0.86635,10.992,0.0012918,0.00039777,467.018,0.28329,2.8287,2.7751e-05,Heun
0,74.4335,0.82944,-1.2729,0.068585,0.15497,0.15176,0.0032136,0.84798,28.2758,2.539,0.32378,467.018,844.0952,3.9512,8.2985e-07,Heun
0,28.5871,0.879,-1.0668,0.027002,0.034275,0.033501,0.00077464,0.93211,34.2451,0.59397,0.058295,467.018,65.9238,3.463,9.945e-05,Heun
0,5.6002,0.76515,-0.51097,0.019213,0.00045845,3.8374e-05,0.00042007,0.94771,30.8533,0.00059226,6.4975e-05,467.018,0.046329,2.5213,6.2868e-05,Heun
0,2.7562,0.50721,-0.65613,0.070864,0.00017574,6.7143e-05,0.00010859,0.92347,20.458,0.00068692,0.00011369,467.018,0.20346,2.7425,6.523e-05,Heun
0,3.0089,0.94282,-0.65509,0.0646,0.00020136,7.2672e-05,0.00012868,0.95726,38.0273,0.001382,0.00012305,467.018,0.35996,2.7708,6.3384e-05,Heun
0,13.4017,0.70395,-1.0645,0.016967,0.052358,0.051327,0.0010312,0.90971,26.9117,0.72881,0.09011,467.018,51.5584,3.4453,1.728e-05,Heun
0,34.8898,0.37475,-1.187,0.031096,0.12649,0.12551,0.00098376,0.81788,13.2059,0.94873,0.23711,467.018,135.7107,3.6339,2.1321e-05,Heun
0,45.6581,0.74645,-1.1876,0.05623,0.072753,0.071666,0.0010871,0.89916,27.9224,1.0791,0.13212,467.018,262.9978,3.6932,1.166e-06,Heun
0,61.1214,0.60705,-1.3612,0.024029,0.67678,0.67003,0.0067563,0.4088,7.9155,8.2043,2.8745,467.018,1524.6012,4.202,3.1216e-05,Heun
0,2.2568,0.88887,-0.54757,0.031708,0.00029617,3.7212e-05,0.00025896,0.95472,35.848,0.00066718,6.3005e-05,467.018,0.08551,2.5894,6.5506e-05,Heun
0,34.6117,0.21484,-1.1834,0.065605,0.05919,0.05888,0.00031064,0.80067,8.154,0.25516,0.10734,467.018,81.7505,3.5938,4.2534e-05,Heun
3,53.5747,0.9619,-1.3876,0.042085,0.54199,0.4809,0.061091,0.5475,17.7731,9.3306,2.2801,467.018,3586.2521,4.6727,0.86767,Euler
0,64.5984,0.88406,-1.1047,0.014,0.1027,0.10075,0.0019464,0.88663,32.0018,1.7966,0.18287,467.018,105.3347,3.5326,2.0241e-05,Heun
0,3.1446,0.53613,-0.71495,0.060482,0.00029665,0.00016744,0.00012921,0.92722,21.6222,0.0018107,0.00028353,467.018,0.45586,2.8429,4.2876e-05,Heun
0,55.3619,0.58963,-1.2026,0.063732,0.076673,0.075764,0.00090937,0.88373,21.9629,0.90109,0.14125,467.018,255.0269,3.705,8.1148e-07,Heun
0,36.2862,0.93031,-1.1977,0.073793,0.063063,0.061864,0.0011988,0.91543,35.1635,1.1609,0.11466,467.018,370.5026,3.7418,2.3684e-06,Heun
0,4.7655,0.31145,-1.0403,0.051012,0.012981,0.012782,0.00019852,0.87321,12.4013,0.080302,0.021943,467.018,18.1217,3.3608,8.575e-05,Heun
0,9.4615,0.45371,-1.0192,0.018776,0.026932,0.026351,0.00058074,0.89823,17.8106,0.24116,0.045491,467.018,19.3062,3.3433,5.7948e-05,Heun
0,53.0734,0.86745,-1.3577,0.03774,0.4904,0.46888,0.021517,0.59454,17.8334,8.2041,1.75,467.018,2258.2863,4.3612,2.2593e-05,Heun
3,24.2016,0.93588,-1.212,0.011064,0.021754,-0.023341,0.045095,4.3627,36.9337,-0.44063,0,467.018,98.0464,3.6348,0.1457,Euler
0,34.5243,0.34095,-1.1919,0.029913,0.13866,0.13768,0.00097989,0.8014,11.8473,0.94685,0.26252,467.018,132.3374,3.6368,5.1793e-05,Heun
0,3.7448,0.48345,-0.91811,0.050313,0.0028995,0.0027278,0.00017169,0.91829,19.4468,0.026601,0.0046333,467.018,5.6276,3.1762,8.4526e-05,Heun
0,2.5735,0.78741,-0.50971,0.020391,0.00043358,3.5573e-05,0.00039801,0.94912,31.7519,0.000565,6.0236e-05,467.018,0.046843,2.5206,6.0575e-05,Heun
0,2.9186,0.47231,-0.62355,0.040125,0.00026656,7.802e-05,0.00018854,0.91823,19.0487,0.00074328,0.00013211,467.018,0.12536,2.6851,6.434e-05,Heun
0,3.991,0.33959,-0.94316,0.048647,0.0040544,0.0038901,0.0001643,0.88749,13.6439,0.026646,0.0066105,467.018,5.6358,3.2013,4.696e-05,Heun
0,26.8784,0.553,-1.1722,0.077946,0.044039,0.043523,0.00051513,0.90113,21.3267,0.48549,0.078168,467.018,164.3775,3.6344,5.4086e-05,Heun
0,2.3111,0.70947,-0.75547,0.077198,0.00032712,0.00022076,0.00010636,0.94394,28.612,0.0031592,0.00037386,467.018,0.99724,2.9237,2.3449e-05,Heun
0,2.9925,0.53112,-0.8233,0.067546,0.00072178,0.0006026,0.00011918,0.92631,21.4107,0.0064557,0.0010211,467.018,1.8174,3.0225,5.3412e-05,Heun
0,3.2693,0.43711,-0.91108,0.0254,0.0052571,0.0049325,0.00032466,0.90909,17.541,0.043489,0.0083847,467.018,4.6845,3.1595,4.1842e-05,Heun
0,4.7301,0.25279,-1.0264,0.061059,0.0091085,0.0089679,0.00014066,0.85208,10.1053,0.045728,0.015348,467.018,12.6696,3.3275,6.3005e-05,Heun
0,4.1856,0.64154,-0.87872,0.054415,0.0016843,0.0015231,0.00016123,0.93752,25.8371,0.01971,0.0025831,467.018,4.4158,3.1241,2.4536e-05,Heun
0,193.6286,0.44393,-1.2828,0.065289,0.18057,0.17898,0.0015996,0.79481,14.6749,1.6026,0.38659,467.018,531.2283,3.8766,2.9822e-07,Heun
0,3.7873,0.73994,-0.97072,0.07592,0.0036941,0.0035461,0.00014803,0.94395,29.7403,0.052927,0.0060354,467.018,16.4568,3.286,2.1074e-05,Heun
0,26.9452,0.57517,-1.1241,0.060151,0.031578,0.031149,0.00042942,0.91171,22.4706,0.36138,0.054648,467.018,92.3537,3.5428,5.7159e-05,Heun
0,6.6844,0.83924,-0.96247,0.011828,0.021248,0.020306,0.00094129,0.9386,33.1372,0.34375,0.034845,467.018,16.587,3.2782,5.9835e-05,Heun
0,23.9492,0.81872,-1.1096,0.0093063,0.15926,0.15652,0.0027384,0.8444,27.7685,2.5848,0.29327,467.018,102.3127,3.5355,4.4928e-05,Heun
0,118.7218,0.37026,-1.3883,0.07727,0.3555,0.35159,0.0039056,0.65678,9.6269,2.6259,1.2668,467.018,1635.5964,4.2544,1.1348e-05,Heun
0,3.4701,0.56145,-0.55212,0.073565,0.00012271,1.7007e-05,0.0001057,0.93037,22.6471,0.00019261,2.8791e-05,467.018,0.058771,2.5747,6.3575e-05,Heun
0,16.0724,0.36521,-1.1068,0.034125,0.044287,0.043818,0.00046966,0.86902,14.0806,0.32279,0.077125,467.018,48.6122,3.484,3.0217e-05,Heun
0,53.7528,0.21665,-1.2665,0.024957,0.35179,0.35047,0.0013177,0.60812,5.6654,1.5316,0.82039,467.018,217.4439,3.7535,2.8106e-05,Heun
0,6.79,0.93612,-1.0004,0.027888,0.014535,0.014034,0.00050111,0.94766,37.2159,0.26499,0.024041,467.018,30.0135,3.3492,2.5149e-05,Heun
0,2.7162,0.62481,-0.7385,0.032405,0.00067027,0.00042282,0.00024746,0.93663,25.1891,0.0053288,0.00071614,467.018,0.71143,2.8893,2.8131e-05,Heun
0,3.5115,0.36084,-0.93619,0.062794,0.0028857,0.0027563,0.00012937,0.89402,14.5149,0.020062,0.0046831,467.018,5.4425,3.1925,7.8704e-05,Heun
0,67.2484,0.97724,-1.2548,0.076916,0.11577,0.11292,0.0028574,0.88165,34.8594,2.2258,0.22884,467.018,793.3456,3.92,1.4057e-06,Heun
0,4.9014,0.54308,-1.0098,0.069536,0.0065468,0.0063794,0.00016743,0.9241,21.7656,0.069883,0.010891,467.018,20.3337,3.3368,1.5908e-05,Heun
0,2.97,0.84385,-0.5592,0.075449,0.00012646,1.8159e-05,0.0001083,0.95254,34.0383,0.00030908,3.0744e-05,467.018,0.09449,2.6062,5.5221e-05,Heun
0,2.708,0.30847,-0.61511,0.056123,0.00017118,5.0074e-05,0.00012111,0.88014,12.4423,0.00031157,8.4754e-05,467.018,0.076654,2.6513,6.5406e-05,Heun
0,3.9423,0.86837,-0.92355,0.043544,0.0036126,0.0033786,0.00023404,0.95157,34.9052,0.059179,0.0057413,467.018,10.4538,3.2144,3.0122e-05,Heun
0,2.2477,0.7944,-0.68206,0.061959,0.00023948,0.00010713,0.00013235,0.94967,32.0398,0.0017166,0.0001814,467.018,0.43227,2.8072,2.3344e-05,Heun
3,45.2383,0.78859,-1.3979,0.063961,0.47167,0.41484,0.056834,0.59706,16.8078,6.5987,1.713,467.018,3551.0055,4.6757,0.0027675,Euler
0,4.3377,0.77571,-1.011,0.071368,0.0064988,0.0063069,0.00019181,0.94449,31.0903,0.098684,0.010774,467.018,28.8534,3.3576,2.7417e-05,Heun
0,112.2671,0.98898,-1.2625,0.019353,0.4131,0.40569,0.0074083,0.66002,23.4157,8.0929,1.0051,467.018,786.6941,3.9261,8.8614e-05,Heun
0,9.2507,0.41496,-1.0362,0.06594,0.009578,0.0094021,0.00017592,0.90212,16.5798,0.078696,0.016103,467.018,22.2459,3.3681,1.8617e-05,Heun
0,80.6254,0.94966,-1.2739,0.044658,0.231,0.22551,0.0054862,0.79909,29.4613,4.3198,0.50417,467.018,946.265,3.978,2.5562e-06,Heun
0,5.2496,0.2561,-0.99292,0.016501,0.021944,0.021484,0.00046008,0.84578,10.1047,0.11098,0.036929,467.018,8.2992,3.2715,2.3071e-05,Heun
0,5.2273,0.5458,-0.61796,0.019598,0.00054509,0.00014869,0.0003964,0.92825,22.0065,0.001637,0.00025178,467.018,0.13335,2.6827,6.542e-05,Heun
0,50.7855,0.82801,-1.214,0.039226,0.13851,0.13626,0.0022414,0.85937,28.7767,2.2758,0.26584,467.018,398.0431,3.7671,1.9134e-06,Heun
0,2.8732,0.27478,-0.71368,0.023459,0.0007031,0.00042471,0.00027839,0.86708,11.0775,0.002354,0.00071918,467.018,0.24571,2.8098,3.8066e-05,Heun
0,30.042,0.90097,-1.0963,0.040295,0.033349,0.032663,0.00068624,0.93377,35.1347,0.5936,0.057063,467.018,98.6267,3.5196,5.6247e-05,Heun
0,9.0915,0.70996,-1.0239,0.010534,0.050559,0.049278,0.0012814,0.91133,27.1931,0.70568,0.086128,467.018,30.8602,3.3743,3.2392e-05,Heun
0,3.6016,0.48185,-0.93378,0.034378,0.0051297,0.0048755,0.0002542,0.91663,19.339,0.047387,0.0082931,467.018,6.8568,3.2022,4.0787e-05,Heun
0,2.5694,0.55113,-0.50182,0.05353,0.00015708,1.2247e-05,0.00014484,0.92914,22.2302,0.00013615,2.0736e-05,467.018,0.030274,2.4903,6.3503e-05,Heun
0,43.8726,0.21568,-1.2211,0.069775,0.086879,0.086467,0.00041168,0.78405,7.9448,0.37617,0.16376,467.018,131.9834,3.6658,2.264e-05,Heun
0,5.0054,0.95888,-0.78272,0.053416,0.00061405,0.00045262,0.00016143,0.95767,38.659,0.0087543,0.00076673,467.018,1.8846,2.9838,9.6805e-05,Heun
0,4.1408,0.65391,-0.8301,0.050882,0.001038,0.00087281,0.00016515,0.93903,26.3523,0.011512,0.0014792,467.018,2.4078,3.0439,2.8203e-05,Heun
0,11.4868,0.51372,-1.062,0.010984,0.076985,0.075716,0.0012697,0.87471,19.1291,0.78458,0.13467,467.018,36.876,3.4227,4.3464e-05,Heun
0,3.9329,0.89935,-0.86918,0.017165,0.0048017,0.0042644,0.00053728,0.95231,36.1072,0.077359,0.0072435,467.018,5.374,3.1248,7.2082e-05,Heun
0,2.4238,0.34411,-0.81103,0.063146,0.000665,0.0005508,0.0001142,0.89089,13.8729,0.0038232,0.00093304,467.018,1.0459,2.9817,4.9025e-05,Heun
0,82.5699,0.34231,-1.2589,0.064015,0.14275,0.1418,0.00095348,0.79912,11.838,0.97908,0.29004,467.018,313.5375,3.7833,4.5712e-07,Heun
0,4.4203,0.92548,-0.96509,0.02476,0.01056,0.010084,0.00047652,0.94978,36.9411,0.18824,0.017215,467.018,18.8988,3.288,2.0326e-05,Heun
0,26.1144,0.31043,-1.1485,0.054942,0.046295,0.045929,0.0003657,0.85202,11.9435,0.28759,0.081873,467.018,71.8807,3.5504,4.5225e-05,Heun
0,5.4034,0.73138,-0.54357,0.080688,0.00011359,1.3892e-05,9.9699e-05,0.94566,29.5017,0.00020495,2.3519e-05,467.018,0.067489,2.5733,6.3845e-05,Heun
0,113.6032,0.67511,-1.2703,0.024084,0.37127,0.36694,0.0043301,0.67912,17.1235,4.9968,0.89182,467.018,617.3599,3.8885,5.0635e-06,Heun
0,101.2686,0.35606,-1.3755,0.064131,0.37629,0.37327,0.0030234,0.63837,8.959,2.6808,1.2935,467.018,1327.1164,4.1708,1.0884e-05,Heun
0,12.8391,0.77438,-1.0449,0.081652,0.0086952,0.0084893,0.00020591,0.94298,30.968,0.1326,0.014558,467.018,44.4998,3.4168,2.9939e-05,Heun
0,80.547,0.41524,-1.2488,0.035264,0.21878,0.21712,0.001657,0.76339,13.0866,1.8186,0.46244,467.018,318.6775,3.7751,1.3877e-05,Heun
0,3.3214,0.38365,-0.86791,0.011179,0.0071134,0.0064352,0.00067822,0.89694,15.3672,0.0498,0.010942,467.018,2.389,3.0813,3.0189e-05,Heun
0,4.0272,0.70702,-0.96342,0.027587,0.0092504,0.0088647,0.00038563,0.93802,28.2584,0.12642,0.015123,467.018,14.327,3.2712,5.1242e-05,Heun
0,92.4231,0.58242,-1.2748,0.077847,0.14029,0.13853,0.0017686,0.84028,20.1994,1.6274,0.29248,467.018,623.9323,3.8948,1.1367e-06,Heun
0,2.668,0.4571,-0.64354,0.028398,0.00040751,0.00014255,0.00026496,0.91565,18.4325,0.0013143,0.00024131,467.018,0.15726,2.7167,7.906e-05,Heun
0,134.0366,0.31869,-1.3938,0.082592,0.34296,0.33997,0.0029863,0.65355,8.4473,2.1854,1.271,467.018,1546.673,4.2397,1.4762e-05,Heun
0,2.1068,0.43009,-0.5282,0.055543,0.00014976,1.6569e-05,0.00013319,0.91101,17.348,0.00014374,2.8045e-05,467.018,0.033814,2.5224,7.4048e-05,Heun
0,1.9395,0.29803,-0.7045,0.038509,0.00040347,0.00023,0.00017347,0.87632,12.0184,0.0013827,0.00038941,467.018,0.23444,2.7982,1.7684e-05,Heun
0,28.9314,0.42531,-1.1585,0.051804,0.055403,0.054869,0.00053439,0.87487,16.2073,0.47071,0.098691,467.018,107.9677,3.5882,4.1065e-05,Heun
0,18.1766,0.63176,-1.0318,0.031404,0.019026,0.018587,0.00043925,0.92549,25.0013,0.23685,0.031976,467.018,30.9238,3.3823,9.3253e-05,Heun
0,24.6274,0.53708,-1.0836,0.071653,0.016023,0.015774,0.00024852,0.9173,21.3198,0.17089,0.027245,467.018,51.722,3.4645,1.882e-05,Heun
0,34.2439,0.93958,-1.1753,0.062639,0.056731,0.055661,0.0010693,0.92003,35.7541,1.0549,0.10123,467.018,280.9153,3.6877,2.0066e-06,Heun
0,1.9167,0.2987,-0.66017,0.018021,0.00066201,0.00028869,0.00037332,0.87641,12.0423,0.0017394,0.00047084,467.018,0.1329,2.7247,5.1877e-05,Heun
0,2.4414,0.44677,-0.80285,0.059126,0.00065972,0.00052952,0.0001302,0.91372,18.0117,0.0047719,0.00089701,467.018,1.1918,2.9803,4.8718e-05,Heun
0,4.1343,0.6501,-0.92137,0.055441,0.0027516,0.0025816,0.00017001,0.9376,26.154,0.033853,0.0043846,467.018,7.7299,3.1961,5.0222e-05,Heun
0,170.562,0.56451,-1.2987,0.063598,0.21293,0.21026,0.0026796,0.78786,17.924,2.3941,0.48634,467.018,802.1563,3.9662,1.1176e-06,Heun
0,22.4588,0.52248,-1.1204,0.012972,0.13222,0.13061,0.0016073,0.83894,18.2909,1.3765,0.2416,467.018,77.8938,3.5275,5.7777e-05,Heun
0,11.7166,0.48879,-0.97992,0.045042,0.0069348,0.0067148,0.00021996,0.91653,19.5818,0.066203,0.011449,467.018,12.5598,3.2806,5.0309e-05,Heun
0,44.2792,0.80172,-1.1732,0.05005,0.068681,0.067577,0.0011041,0.90525,30.1215,1.0928,0.12332,467.018,234.1222,3.6672,1.3297e-06,Heun
0,2.9705,0.80739,-0.77545,0.06834,0.00044536,0.00032228,0.00012308,0.9503,32.557,0.0052486,0.00054583,467.018,1.4568,2.9633,6.8914e-05,Heun
0,31.5163,0.48281,-1.1554,0.047978,0.057554,0.056936,0.00061746,0.8831,18.3563,0.55448,0.10235,467.018,116.3522,3.5906,3.994e-05,Heun
0,2.634,0.88988,-0.58309,0.081526,0.00012373,2.2843e-05,0.00010089,0.95488,35.8948,0.00041002,3.8672e-05,467.018,0.1351,2.6485,6.2738e-05,Heun
0,2.5746,0.63848,-0.72765,0.076785,0.0002597,0.00015528,0.00010442,0.93816,25.7506,0.0019998,0.00026292,467.018,0.63167,2.8724,4.5872e-05,Heun
0,3.2384,0.61234,-0.54493,0.013237,0.00068137,8.6136e-05,0.00059523,0.93543,24.6861,0.0010639,0.00014589,467.018,0.058095,2.5669,6.338e-05,Heun
0,3.7619,0.54068,-0.63399,0.038042,0.00029815,9.4117e-05,0.00020404,0.92778,21.8054,0.0010264,0.00015935,467.018,0.16242,2.7088,6.9847e-05,Heun
0,3.3706,0.40837,-0.97822,0.039114,0.0077943,0.0075616,0.00023279,0.90191,16.3461,0.062286,0.012899,467.018,10.4239,3.2689,2.3173e-05,Heun
0,7.3638,0.5556,-0.55833,0.062182,0.0001466,2.1786e-05,0.00012482,0.92968,22.4106,0.00024416,3.6886e-05,467.018,0.063028,2.5845,6.3616e-05,Heun
0,2.1843,0.35882,-0.74519,0.058024,0.00038106,0.00025739,0.00012367,0.89505,14.4699,0.0018629,0.00043584,467.018,0.46605,2.8742,3.8621e-05,Heun
0,3.8433,0.79676,-0.87166,0.055653,0.0015228,0.0013599,0.00016291,0.94898,32.0938,0.021856,0.0023064,467.018,4.9485,3.123,1.7004e-05,Heun
0,3.0184,0.29277,-0.62985,0.059766,0.00016867,5.6816e-05,0.00011186,0.87452,11.8088,0.00033552,9.6174e-05,467.018,0.088478,2.6735,6.5453e-05,Heun
0,25.3547,0.55239,-1.0938,0.075267,0.021969,0.016921,0.0050472,0.91797,21.795,0.18854,0.0296,467.018,60.2984,3.4844,6.2431e-05,Heun
1,1.2169,0.9273,-1.117,0.015741,,,,,,,,,,,0,Heun
0,3.5508,0.68144,-0.92117,0.075984,0.0020048,0.0018794,0.00012539,0.9407,27.4353,0.025833,0.0031911,467.018,8.0613,3.1982,3.0746e-05,Heun
0,2.5772,0.27854,-0.5681,0.053859,0.0001502,2.8525e-05,0.00012167,0.86897,11.2352,0.00016027,4.8283e-05,467.018,0.038328,2.5687,6.4885e-05,Heun
0,2.2529,0.63769,-0.68848,0.030234,0.00050244,0.00023842,0.00026401,0.93793,25.7124,0.0030668,0.00040372,467.018,0.38145,2.8072,6.6416e-05,Heun
0,95.5459,0.39566,-1.2685,0.060298,0.16594,0.16467,0.0012714,0.79587,13.313,1.3142,0.34818,467.018,400.3397,3.8223,1.1263e-06,Heun
0,2.752,0.27152,-0.85356,0.037229,0.0017932,0.0016117,0.00018148,0.86504,10.9341,0.0088273,0.0027327,467.018,1.4659,3.0417,2.268e-05,Heun
0,10.6866,0.34897,-1.0721,0.026489,0.036963,0.036495,0.0004681,0.86946,13.5579,0.25689,0.063636,467.018,29.9636,3.4208,2.9482e-05,Heun
0,77.3544,0.97921,-1.2529,0.040405,0.20484,0.20036,0.0044826,0.81913,31.4113,3.9574,0.4255,467.018,751.5425,3.9073,1.3057e-06,Heun
0,3.0481,0.47058,-0.6863,0.049077,0.00029791,0.00014282,0.00015509,0.91793,18.9782,0.0013557,0.00024184,467.018,0.27972,2.7891,4.3891e-05,Heun
0,2.9001,0.22443,-0.55336,0.011905,0.00060546,0.00010675,0.00049871,0.8421,9.0485,0.00048326,0.00018076,467.018,0.026358,2.5347,6.517e-05,Heun
0,5.2424,0.99296,-0.99569,0.055194,0.0069575,0.0067022,0.00025528,0.95494,39.7792,0.13424,0.011441,467.018,29.9866,3.3444,4.4065e-05,Heun
0,155.4478,0.5082,-1.2756,0.046189,0.22835,0.22612,0.0022297,0.77058,15.8201,2.3179,0.49797,467.018,538.2906,3.8714,3.0349e-07,Heun
0,64.1648,0.6568,-1.2101,0.052283,0.10083,0.099519,0.0013087,0.87379,23.8251,1.3185,0.18962,467.018,308.1397,3.7325,2.0535e-06,Heun
0,2.8933,0.3236,-0.71283,0.017382,0.00096495,0.00056692,0.00039803,0.8846,13.0419,0.0037004,0.0009601,467.018,0.28048,2.8158,3.101e-05,Heun
0,2.2746,0.58879,-0.74838,0.064363,0.00036335,0.00024172,0.00012163,0.93323,23.7441,0.0028708,0.00040936,467.018,0.76418,2.9029,2.5118e-05,Heun
0,6.0215,0.51537,-1.0051,0.023014,0.018512,0.018038,0.00047434,0.9129,20.4061,0.18751,0.030977,467.018,18.1656,3.3258,7.3303e-05,Heun
0,2.7059,0.85382,-0.61947,0.035857,0.00031168,8.286e-05,0.00022882,0.95295,34.4341,0.001427,0.0001403,467.018,0.20722,2.7068,6.446e-05,Heun
0,21.8879,0.74319,-1.088,0.016155,0.073166,0.071848,0.0013186,0.89866,27.788,1.0771,0.128,467.018,72.8859,3.4908,4.2581e-05,Heun
1,1.1851,0.35149,-1.2959,0.056955,,,,,,,,,,,0,Heun
0,62.8906,0.82325,-1.2012,0.038377,0.12234,0.12038,0.0019603,0.87021,29.1483,1.9989,0.23064,467.018,337.9817,3.7343,5.3564e-07,Heun
0,10.7299,0.5397,-1.0494,0.076572,0.0097681,0.0095823,0.00018587,0.92162,21.5597,0.10431,0.01644,467.018,33.5688,3.4046,2.4471e-05,Heun
0,59.0841,0.37553,-1.2283,0.041211,0.154,0.15288,0.0011201,0.79967,12.8165,1.158,0.30396,467.018,228.861,3.7201,3.3917e-06,Heun
0,8.4203,0.58921,-0.68902,0.012187,0.0012425,0.0005953,0.00064723,0.93272,23.7404,0.0070751,0.0010086,467.018,0.35662,2.8043,4.8421e-05,Heun
0,9.3286,0.49483,-0.98528,0.042354,0.0078844,0.0076447,0.0002397,0.91682,19.805,0.076304,0.013043,467.018,13.6035,3.2902,4.8325e-05,Heun
0,3.2836,0.30407,-0.84446,0.048323,0.0012505,0.0011052,0.00014531,0.87795,12.2515,0.0067786,0.0018731,467.018,1.4398,3.0317,2.3179e-05,Heun
0,90.1027,0.78988,-1.3759,0.02278,0.75017,0.73586,0.014307,0.34043,7.9608,11.7242,3.6645,467.018,2225.2548,4.3723,6.8737e-06,Heun
0,18.41,0.29101,-1.1192,0.012599,0.13422,0.13312,0.0010975,0.78934,10.1643,0.7814,0.24478,467.018,45.2694,3.492,3.9095e-05,Heun
0,2.5001,0.52689,-0.70522,0.060032,0.00027831,0.00014891,0.0001294,0.92605,21.2496,0.0015826,0.00025212,467.018,0.3959,2.8259,5.4305e-05,Heun
0,2.2054,0.28609,-0.67196,0.078609,0.00015858,7.4192e-05,8.4385e-05,0.87198,11.5394,0.00042813,0.00012559,467.018,0.14893,2.7423,5.5873e-05,Heun
0,2.785,0.32932,-0.75298,0.073692,0.00031923,0.00022402,9.521e-05,0.88677,13.2812,0.0014881,0.00037931,467.018,0.47723,2.8833,3.318e-05,Heun
0,14.2019,0.3093,-1.0474,0.079696,0.0091094,0.0089779,0.00013146,0.87489,12.3641,0.056012,0.015393,467.018,19.7624,3.3727,8.2693e-05,Heun
0,3.555,0.73421,-0.93866,0.043197,0.0043673,0.0041329,0.00023444,0.94312,29.49,0.061206,0.0070262,467.018,10.8185,3.2313,3.9718e-05,Heun
0,28.9743,0.84623,-1.1165,0.049004,0.035211,0.034559,0.00065189,0.92983,32.9364,0.5899,0.060792,467.018,120.2921,3.5541,5.2333e-05,Heun
0,47.8152,0.25957,-1.2201,0.080517,0.075046,0.074625,0.00042042,0.81433,9.6858,0.39073,0.14001,467.018,152.8491,3.6764,2.2383e-05,Heun
0,2.3356,0.9308,-0.50033,0.033332,0.00026592,1.9296e-05,0.00024662,0.95669,37.5402,0.00036228,3.2668e-05,467.018,0.048707,2.5132,6.2505e-05,Heun
0,1.9637,0.99382,-0.57811,0.072431,0.00013686,2.4114e-05,0.00011275,0.9594,40.0868,0.0004834,4.0828e-05,467.018,0.14085,2.6456,6.2499e-05,Heun
0,66.7007,0.99056,-1.3775,0.020624,0.76933,0.73891,0.030417,0.31873,9.2178,14.7637,4.0864,467.018,2806.0255,4.4985,1.0117e-05,Euler
0,3.8718,0.72141,-0.78857,0.064918,0.00052977,0.00040146,0.00012831,0.94469,29.0876,0.0058419,0.00068007,467.018,1.5496,2.9796,2.2195e-05,Heun
0,97.8604,0.84777,-1.2584,0.04412,0.20028,0.19659,0.0036897,0.81688,27.351,3.3617,0.4178,467.018,703.5703,3.9,7.1819e-07,Heun
0,1.7384,0.50284,-0.53991,0.025729,0.00033808,4.1561e-05,0.00029652,0.92276,20.2784,0.00042153,7.0369e-05,467.018,0.045355,2.5492,8.3141e-05,Heun
0,2.5462,0.25126,-0.5081,0.063522,0.00010999,1.1192e-05,9.8797e-05,0.85681,10.1351,5.6723e-05,1.8942e-05,467.018,0.016225,2.4645,6.4889e-05,Heun
0,2.4773,0.50673,-0.81016,0.04118,0.0010274,0.00083486,0.00019253,0.92287,20.4215,0.0085333,0.0014149,467.018,1.4697,2.9984,4.7908e-05,Heun
0,2.1352,0.97648,-0.61317,0.052867,0.00020796,5.1241e-05,0.00015672,0.95866,39.3848,0.0010093,8.7762e-05,467.018,0.21729,2.703,6.2706e-05,Heun
3,46.1363,0.96863,-1.2436,0.012062,0.85667,0.20969,0.64698,0.30522,5.6007,4.097,0,467.018,318.8737,3.7699,14.6794,Euler
0,3.8708,0.50932,-0.95694,0.046911,0.0050099,0.0048081,0.00020178,0.92069,20.444,0.049396,0.0081833,467.018,9.7171,3.2439,4.9504e-05,Heun
0,8.4926,0.49245,-1.0073,0.034303,0.012794,0.012474,0.0003203,0.91334,19.6122,0.12391,0.021355,467.018,17.9314,3.3272,6.8982e-05,Heun
0,12.988,0.54377,-1.0659,0.013475,0.066384,0.065278,0.001106,0.88545,20.4805,0.71599,0.11549,467.018,41.0338,3.4329,3.94e-05,Heun
0,2.4257,0.24105,-0.60567,0.052702,0.00016415,4.7237e-05,0.00011691,0.85162,9.7229,0.00022968,7.9946e-05,467.018,0.054836,2.6247,6.5403e-05,Heun
0,59.3043,0.81993,-1.1765,0.036494,0.096662,0.095106,0.0015565,0.8875,29.8802,1.5729,0.17642,467.018,247.0979,3.6757,9.0989e-07,Heun
0,2.8762,0.95206,-0.64146,0.011242,0.0010871,0.00035041,0.00073673,0.95708,38.3663,0.0067292,0.00059354,467.018,0.30493,2.7487,7.3318e-05,Heun
0,3.4388,0.80606,-0.86653,0.073332,0.0010896,0.00096661,0.00012299,0.94981,32.4826,0.015716,0.0016388,467.018,4.6852,3.115,1.242e-05,Heun
0,3.5305,0.61185,-0.9346,0.021642,0.0082439,0.0078139,0.00043005,0.93054,24.4797,0.096436,0.013313,467.018,8.6404,3.2153,4.9897e-05,Heun
0,21.5382,0.59787,-1.0157,0.0091801,0.052153,0.050851,0.0013016,0.9007,22.8614,0.61325,0.088896,467.018,23.6122,3.3509,2.139e-05,Heun
0,26.2929,0.39024,-1.1085,0.07076,0.022103,0.021856,0.00024672,0.88899,15.395,0.17204,0.038029,467.018,53.1217,3.4912,6.8612e-05,Heun
0,2.3206,0.27385,-0.62838,0.047727,0.00020655,6.9822e-05,0.00013673,0.86699,11.0451,0.00038568,0.00011819,467.018,0.08192,2.668,6.5622e-05,Heun
0,17.0195,0.98997,-1.0689,0.051744,0.018538,0.018087,0.00045122,0.94727,39.1966,0.36117,0.031238,467.018,76.2439,3.4745,2.157e-05,Heun
0,2.1289,0.69007,-0.69351,0.034209,0.00046085,0.00022476,0.00023609,0.94238,27.826,0.0031286,0.00038063,467.018,0.43829,2.8194,4.081e-05,Heun
0,43.8395,0.82262,-1.1959,0.060914,0.074283,0.073057,0.0012252,0.90273,30.7207,1.2122,0.13572,467.018,320.7173,3.7229,6.6096e-07,Heun
0,2.8189,0.37617,-0.75953,0.040643,0.00062102,0.00044178,0.00017924,0.89925,15.166,0.0033521,0.00074809,467.018,0.58455,2.9002,5.1529e-05,Heun
0,35.9595,0.41002,-1.1603,0.012403,0.21612,0.21428,0.0018456,0.76398,12.9662,1.7722,0.42171,467.018,101.1922,3.5854,2.8976e-05,Heun
0,128.5127,0.38247,-1.2705,0.037969,0.2532,0.25147,0.001732,0.73296,11.5227,1.9401,0.56727,467.018,385.9923,3.8196,1.8079e-05,Heun
0,2.9703,0.60164,-0.63803,0.077772,0.00014955,4.8487e-05,0.00010106,0.9347,24.2678,0.00058842,8.2097e-05,467.018,0.18897,2.7206,8.5304e-05,Heun
0,3.0301,0.51901,-0.77037,0.042594,0.0006686,0.00048437,0.00018424,0.92477,20.9236,0.0050708,0.00082051,467.018,0.90141,2.9334,2.4442e-05,Heun
0,24.274,0.9676,-1.143,0.054104,0.044458,0.043582,0.00087682,0.92934,37.2995,0.8506,0.077443,467.018,191.7021,3.6185,7.8528e-07,Heun
0,22.0993,0.31236,-1.1377,0.066189,0.033794,0.033511,0.00028211,0.86052,12.1752,0.21114,0.059107,467.018,63.0994,3.5311,2.2289e-05,Heun
0,2.6514,0.94379,-0.6978,0.074665,0.00022082,0.00010883,0.00011199,0.95728,38.0659,0.0020719,0.00018428,467.018,0.6237,2.8419,3.7074e-05,Heun
0,1.8987,0.59234,-0.739,0.052067,0.00041728,0.00026465,0.00015263,0.93357,23.8859,0.003162,0.00044856,467.018,0.68118,2.8876,3.8782e-05,Heun
0,5.4521,0.35372,-1.0339,0.049706,0.012314,0.012103,0.00021167,0.88625,14.0939,0.086351,0.020749,467.018,18.6966,3.3562,9.2145e-05,Heun
0,92.6877,0.68801,-1.2517,0.051603,0.16167,0.1594,0.0022732,0.83462,23.2683,2.2121,0.32792,467.018,537.7719,3.8474,8.0007e-07,Heun
0,93.1545,0.87625,-1.374,0.043401,0.4801,0.44412,0.035978,0.60029,18.3783,7.8498,1.8751,467.018,2840.1749,4.5022,3.3208e-05,Heun
0,2.7648,0.27332,-0.65229,0.018377,0.00060123,0.00024646,0.00035477,0.86653,11.0196,0.0013588,0.00041727,467.018,0.11116,2.7076,3.2847e-05,Heun
0,4.2496,0.31436,-0.98994,0.029078,0.012085,0.011796,0.00028986,0.87474,12.5287,0.074795,0.020171,467.018,9.5762,3.2761,3.0294e-05,Heun
0,3.9484,0.65971,-0.94618,0.04898,0.0042172,0.0040127,0.00020455,0.93749,26.5018,0.053397,0.0068251,467.018,10.7727,3.2386,3.9713e-05,Heun
0,30.5573,0.95361,-1.1364,0.074299,0.03001,0.029416,0.00059345,0.93829,37.316,0.56583,0.051794,467.018,174.4666,3.6037,4.9706e-06,Heun
0,59.9564,0.73727,-1.2427,0.081931,0.095385,0.093875,0.0015105,0.88342,26.9059,1.3961,0.18407,467.018,523.5907,3.8343,4.7818e-07,Heun
0,25.2343,0.76765,-1.0967,0.074093,0.018332,0.017994,0.00033829,0.93631,30.4008,0.27862,0.031206,467.018,85.5796,3.5102,2.7428e-05,Heun
3,24.4611,0.51708,-1.2968,0.01763,0.12343,0.072893,0.050539,3.6326,18.2851,0.76027,0,467.018,173.4204,3.7636,1.0306,Euler
0,3.0533,0.57568,-0.6164,0.012727,0.00083946,0.00022438,0.00061508,0.93152,23.2043,0.0026054,0.00037999,467.018,0.13733,2.6826,6.7305e-05,Heun
0,2.5887,0.89472,-0.59222,0.07359,0.00014013,2.8453e-05,0.00011168,0.95511,36.0897,0.00051351,4.8172e-05,467.018,0.1527,2.6639,6.3436e-05,Heun
0,4.7907,0.45285,-1.0047,0.079061,0.0053922,0.0052585,0.00013372,0.91178,18.1703,0.048033,0.0089615,467.018,16.0953,3.3187,4.7601e-05,Heun
0,81.7441,0.90197,-1.3685,0.013925,0.88907,0.87714,0.011924,0.17213,4.0366,15.9583,5.4494,467.018,2028.5962,4.3219,2.8309e-05,Heun
0,14.0096,0.22559,-1.0863,0.048795,0.024086,0.023871,0.00021469,0.82858,8.8816,0.10862,0.041439,467.018,24.7071,3.4241,1.5099e-05,Heun
0,2.5257,0.78232,-0.70936,0.034025,0.00051836,0.00027697,0.00024139,0.94875,31.5437,0.0043706,0.00046907,467.018,0.60491,2.8518,3.4098e-05,Heun
0,2.9675,0.40945,-0.97164,0.046694,0.0060245,0.0058328,0.00019177,0.90325,16.4185,0.048173,0.0099298,467.018,9.6076,3.258,6.3826e-05,Heun
0,160.0609,0.37279,-1.3179,0.078079,0.20817,0.20657,0.0016021,0.76222,11.9084,1.5533,0.50705,467.018,705.087,3.96,4.2061e-07,Heun
0,5.605,0.23162,-1.0139,0.024451,0.019308,0.018995,0.0003137,0.83491,9.1636,0.088743,0.03265,467.018,9.9884,3.3023,6.072e-05,Heun
0,3.1615,0.487,-0.66369,0.080392,0.00016019,6.5229e-05,9.4961e-05,0.92056,19.6435,0.00064076,0.00011043,467.018,0.21595,2.7532,3.4878e-05,Heun
0,74.3817,0.41184,-1.2996,0.024734,0.46577,0.46285,0.0029257,0.57606,8.8758,3.8449,1.266,467.018,549.9619,3.8988,1.9128e-06,Heun
0,30.2999,0.31003,-1.1902,0.025825,0.15516,0.15415,0.0010086,0.78144,10.5666,0.96402,0.2973,467.018,118.3454,3.6266,3.4685e-05,Heun
0,17.0708,0.44285,-1.0747,0.079626,0.012882,0.012695,0.00018774,0.90529,17.6351,0.1134,0.021867,467.018,38.6656,3.4382,3.1088e-05,Heun
0,34.4756,0.73074,-1.1681,0.019801,0.15536,0.1532,0.0021613,0.84192,24.8996,2.2581,0.29213,467.018,195.0188,3.6451,4.184e-06,Heun
0,3.7439,0.82743,-0.94897,0.022569,0.0094777,0.0090041,0.00047368,0.94561,33.0635,0.15028,0.015354,467.018,13.8122,3.2548,7.5384e-05,Heun
0,4.7231,0.94754,-0.80126,0.02558,0.0015387,0.0011985,0.00034015,0.95659,38.1667,0.022907,0.0020315,467.018,2.3635,3.0141,2.5899e-05,Heun
0,139.3239,0.7541,-1.3073,0.059045,0.24751,0.24214,0.0053715,0.77778,22.8921,3.6831,0.58507,467.018,1159.049,4.063,7.1485e-06,Heun
0,91.6557,0.88181,-1.3592,0.025643,0.66452,0.64658,0.017942,0.43132,11.9342,11.5006,2.6237,467.018,2122.0942,4.333,2.9007e-05,Heun
