Error,time,CO2share,E_appl,v,X_tot,X_het,X_hom,FE,CO2_out,CO_out,H2_out,delP,CD,Vcell,maxRes,Solver
0,2.1054,0.49936,-0.54677,0.047406,0.000184,2.4636e-05,0.00015937,0.92236,20.1414,0.00024814,4.171e-05,467.018,0.049221,2.5602,6.379e-05,Heun
0,79.0545,0.72755,-1.2169,0.036796,0.15155,0.14943,0.002121,0.8444,24.9023,2.193,0.29402,467.018,363.7026,3.7586,3.668e-07,Heun
0,4.5632,0.54158,-0.98658,0.014515,0.023217,0.022507,0.00071031,0.91324,21.3409,0.24586,0.0387,467.018,14.9643,3.2967,3.5969e-05,Heun
0,3.356,0.22105,-0.67779,0.072559,0.00016811,8.6614e-05,8.1493e-05,0.84034,8.916,0.00038619,0.00014664,467.018,0.12869,2.7406,5.1195e-05,Heun
0,93.068,0.38137,-1.2534,0.044837,0.1861,0.18476,0.0013341,0.77933,12.5221,1.4213,0.38582,467.018,316.8517,3.779,1.5031e-05,Heun
0,2.4079,0.94045,-0.51508,0.071476,0.00012623,1.0876e-05,0.00011535,0.9572,37.9345,0.00020631,1.8412e-05,467.018,0.059455,2.5382,6.2498e-05,Heun
0,6.9693,0.49397,-0.61707,0.060568,0.00019426,4.7568e-05,0.0001467,0.92158,19.9237,0.00047395,8.0534e-05,467.018,0.12021,2.6764,6.4187e-05,Heun
0,105.7951,0.39463,-1.3542,0.011631,0.91715,0.91427,0.0028808,0.12076,1.319,7.2776,5.3727,467.018,785.8224,4.0175,7.0575e-08,Euler
0,2.3529,0.43787,-0.56265,0.055308,0.00015859,2.5901e-05,0.00013269,0.91244,17.6618,0.00022876,4.3842e-05,467.018,0.053505,2.5804,7.0089e-05,Heun
0,35.0969,0.85653,-1.1316,0.074802,0.028019,0.027509,0.00051027,0.93508,33.5857,0.47526,0.048362,467.018,148.1185,3.5853,6.7621e-06,Heun
0,4.7289,0.21743,-0.52291,0.033115,0.00020258,2.596e-05,0.00017662,0.8381,8.7699,0.00011386,4.3948e-05,467.018,0.01736,2.4828,6.5134e-05,Heun
0,4.0342,0.76475,-0.82546,0.054854,0.00091949,0.00076286,0.00015664,0.94739,30.8229,0.011768,0.0012928,467.018,2.6301,3.0438,4.8244e-05,Heun
0,4.6536,0.95811,-0.83722,0.061844,0.00093218,0.00078692,0.00014526,0.95743,38.6158,0.015208,0.0013337,467.018,3.7922,3.0746,2.486e-05,Heun
0,8.6743,0.23448,-1.0469,0.034646,0.020645,0.020392,0.00025293,0.83567,9.264,0.096448,0.035178,467.018,15.4019,3.3586,3.1573e-05,Heun
0,3.197,0.80399,-0.69936,0.018112,0.00091182,0.00045756,0.00045426,0.94981,32.405,0.0074204,0.00077502,467.018,0.54593,2.8366,4.4417e-05,Heun
0,4.6903,0.91644,-0.82258,0.028618,0.0017164,0.0014091,0.00030729,0.9551,36.9076,0.026048,0.0023878,467.018,3.0101,3.048,2.5648e-05,Heun
0,10.9423,0.58165,-1.0077,0.070219,0.0063175,0.0061482,0.00016924,0.92867,23.3165,0.072134,0.010495,467.018,21.0933,3.3367,2.2253e-05,Heun
0,55.0178,0.76998,-1.1922,0.033033,0.12734,0.12545,0.0018913,0.86374,27.1067,1.9483,0.23862,467.018,281.9917,3.7051,1.1168e-06,Heun
0,2.3308,0.28217,-0.70683,0.06159,0.00025528,0.00014819,0.00010709,0.87037,11.3803,0.00084345,0.00025088,467.018,0.23031,2.7996,4.3936e-05,Heun
0,3.6195,0.41076,-0.87585,0.032674,0.0026841,0.0024431,0.00024099,0.90562,16.5263,0.020242,0.0041457,467.018,2.8179,3.0978,2.5184e-05,Heun
0,2.9545,0.78292,-0.66392,0.076462,0.0001756,6.8778e-05,0.00010683,0.94901,31.5789,0.0010862,0.00011646,467.018,0.33777,2.7764,6.4379e-05,Heun
0,2.7091,0.36789,-0.6959,0.037941,0.00039866,0.00020918,0.00018948,0.89736,14.8355,0.0015523,0.00035391,467.018,0.25306,2.7935,6.016e-05,Heun
0,3.6198,0.77698,-0.78948,0.031758,0.0010949,0.0008301,0.00026481,0.94805,31.3106,0.01301,0.0014066,467.018,1.6817,2.9847,4.8069e-05,Heun
0,3.6484,0.54803,-0.89937,0.040175,0.0029077,0.0026918,0.0002159,0.92702,22.0444,0.029756,0.0045614,467.018,4.9676,3.1509,7.9022e-05,Heun
0,77.4373,0.59316,-1.3333,0.014073,0.80038,0.79531,0.0050688,0.27169,4.7767,9.5156,3.3948,467.018,967.0248,4.0424,1.3982e-06,Euler
0,3.8956,0.79941,-0.91015,0.075711,0.0017657,0.0016377,0.00012804,0.94898,32.1928,0.026407,0.0027797,467.018,8.1384,3.1876,5.0112e-05,Heun
0,3.5426,0.8586,-0.86352,0.057147,0.0013522,0.0011932,0.00015903,0.95253,34.5907,0.020664,0.0020232,467.018,4.7863,3.1131,2.3277e-05,Heun
0,3.3387,0.66237,-0.81384,0.054665,0.000812,0.00065945,0.00015255,0.9399,26.6996,0.0088107,0.0011173,467.018,1.9778,3.0175,2.5951e-05,Heun
0,136.8851,0.7423,-1.2831,0.026884,0.38347,0.37816,0.0053076,0.67365,18.4624,5.6621,0.94218,467.018,791.3377,3.9479,1.0229e-05,Heun
0,22.9858,0.97038,-1.0409,0.031928,0.021089,0.020513,0.00057613,0.94482,38.3211,0.40151,0.035364,467.018,52.2042,3.4225,1.7222e-05,Heun
0,3.7447,0.468,-0.91524,0.054292,0.0025952,0.0024382,0.00015701,0.91607,18.831,0.023017,0.0041382,467.018,5.2648,3.1698,9.125e-05,Heun
0,3.6832,0.84288,-0.96546,0.076179,0.0034548,0.0033036,0.0001512,0.95034,33.886,0.056167,0.0056215,467.018,17.4066,3.2838,2.9911e-05,Heun
0,2.6232,0.35783,-0.77208,0.011384,0.0024843,0.0018512,0.00063313,0.89348,14.3996,0.013361,0.0031382,467.018,0.65633,2.9188,3.1005e-05,Heun
0,28.2601,0.879,-1.0668,0.027002,0.034275,0.033501,0.00077464,0.93211,34.2451,0.59397,0.058295,467.018,65.9238,3.463,9.945e-05,Heun
0,2.6854,0.3569,-0.53562,0.023564,0.00034307,4.2948e-05,0.00030012,0.89457,14.3929,0.00030918,7.271e-05,467.018,0.031424,2.526,6.6506e-05,Heun
0,2.9035,0.94282,-0.65509,0.0646,0.00020136,7.2672e-05,0.00012868,0.95726,38.0273,0.001382,0.00012305,467.018,0.35996,2.7708,6.3384e-05,Heun
0,7.6965,0.89889,-0.75881,0.011974,0.0021896,0.0014841,0.0007055,0.95398,36.1835,0.026909,0.0025157,467.018,1.3025,2.9408,3.1424e-05,Heun
0,44.6756,0.74645,-1.1876,0.05623,0.072753,0.071666,0.0010871,0.89916,27.9224,1.0791,0.13212,467.018,262.9978,3.6932,1.166e-06,Heun
0,3.6037,0.40529,-0.91708,0.041504,0.0034603,0.0032631,0.00019715,0.904,16.2934,0.026676,0.0055428,467.018,4.7266,3.166,7.1451e-05,Heun
0,34.2357,0.21484,-1.1834,0.065605,0.05919,0.05888,0.00031064,0.80067,8.154,0.25516,0.10734,467.018,81.7505,3.5938,4.2534e-05,Heun
0,3.4663,0.55505,-0.71178,0.064464,0.00027271,0.00015083,0.00012188,0.92953,22.3858,0.0016887,0.0002554,467.018,0.452,2.8392,3.356e-05,Heun
0,2.8486,0.53613,-0.71495,0.060482,0.00029665,0.00016744,0.00012921,0.92722,21.6222,0.0018107,0.00028353,467.018,0.45586,2.8429,4.2876e-05,Heun
0,4.0822,0.90653,-0.90371,0.046251,0.0026801,0.0024674,0.00021267,0.95402,36.4728,0.045118,0.0041891,467.018,8.4437,3.1832,3.0685e-05,Heun
0,4.6338,0.31145,-1.0403,0.051012,0.012981,0.012782,0.00019852,0.87321,12.4013,0.080302,0.021943,467.018,18.1217,3.3608,8.575e-05,Heun
0,54.4836,0.62084,-1.3955,0.027246,0.73783,0.72752,0.010315,0.34777,6.5662,9.1106,3.8999,467.018,2309.685,4.4101,1.5267e-05,Euler
3,23.681,0.93588,-1.212,0.011064,0.021754,-0.023341,0.045095,4.3627,36.9337,-0.44063,0,467.018,98.0464,3.6348,0.1457,Euler
0,3.8152,0.97527,-0.89855,0.072833,0.0016031,0.0014673,0.00013585,0.95771,39.2811,0.028864,0.0024895,467.018,8.4776,3.1782,3.0688e-05,Heun
0,2.5545,0.78741,-0.50971,0.020391,0.00043358,3.5573e-05,0.00039801,0.94912,31.7519,0.000565,6.0236e-05,467.018,0.046843,2.5206,6.0575e-05,Heun
0,2.5097,0.55736,-0.6845,0.080913,0.00018143,8.4663e-05,9.6768e-05,0.92986,22.481,0.00095183,0.00014335,467.018,0.31966,2.7942,2.5514e-05,Heun
0,26.7573,0.553,-1.1722,0.077946,0.044039,0.043523,0.00051513,0.90113,21.3267,0.48549,0.078168,467.018,164.3775,3.6344,5.4086e-05,Heun
0,62.2063,0.92238,-1.203,0.03199,0.14818,0.14554,0.0026374,0.85703,31.6966,2.7079,0.28282,467.018,381.4491,3.7506,2.2469e-06,Heun
0,3.1469,0.43711,-0.91108,0.0254,0.0052571,0.0049325,0.00032466,0.90909,17.541,0.043489,0.0083847,467.018,4.6845,3.1595,4.1842e-05,Heun
0,147.8856,0.22783,-1.3099,0.077427,0.19793,0.19706,0.00086383,0.71992,7.3718,0.90561,0.46169,467.018,417.2782,3.8692,1.3184e-06,Heun
0,191.8582,0.44393,-1.2828,0.065289,0.18057,0.17898,0.0015996,0.79481,14.6749,1.6026,0.38659,467.018,531.2283,3.8766,2.9822e-07,Heun
0,34.7166,0.96058,-1.1622,0.072618,0.04193,0.041118,0.00081204,0.93073,37.1269,0.79669,0.07378,467.018,243.6324,3.66,1.1279e-06,Heun
0,6.8854,0.83924,-0.96247,0.011828,0.021248,0.020306,0.00094129,0.9386,33.1372,0.34375,0.034845,467.018,16.587,3.2782,5.9835e-05,Heun
0,4.2012,0.94205,-0.89973,0.03933,0.0030066,0.0027566,0.00024994,0.95541,37.8898,0.052382,0.0046805,467.018,8.3222,3.1784,2.3644e-05,Heun
0,4.0829,0.56145,-0.55212,0.073565,0.00012271,1.7007e-05,0.0001057,0.93037,22.6471,0.00019261,2.8791e-05,467.018,0.058771,2.5747,6.3575e-05,Heun
0,3.4243,0.74576,-0.66732,0.042161,0.00032321,0.00013028,0.00019293,0.94652,30.0757,0.0019598,0.0002206,467.018,0.3369,2.7797,7.3116e-05,Heun
0,7.0586,0.93612,-1.0004,0.027888,0.014535,0.014034,0.00050111,0.94766,37.2159,0.26499,0.024041,467.018,30.0135,3.3492,2.5149e-05,Heun
0,3.4676,0.26146,-0.76586,0.0234,0.0011083,0.00083213,0.00027616,0.86102,10.5362,0.0043886,0.0014093,467.018,0.46003,2.8942,9.5136e-05,Heun
0,71.0006,0.97724,-1.2548,0.076916,0.11577,0.11292,0.0028574,0.88165,34.8594,2.2258,0.22884,467.018,793.3456,3.92,1.4057e-06,Heun
0,2.5181,0.99455,-0.52206,0.073429,0.00012391,1.1579e-05,0.00011233,0.95943,40.1168,0.00023228,1.9604e-05,467.018,0.068613,2.5526,3.5859e-05,Heun
0,2.7913,0.30847,-0.61511,0.056123,0.00017118,5.0074e-05,0.00012111,0.88014,12.4423,0.00031157,8.4754e-05,467.018,0.076654,2.6513,6.5406e-05,Heun
0,2.4206,0.46126,-0.63478,0.067605,0.00016509,5.3499e-05,0.00011159,0.9165,18.6048,0.00049775,9.0582e-05,467.018,0.14171,2.7026,6.4534e-05,Heun
3,47.9951,0.78859,-1.3979,0.063961,0.47167,0.41484,0.056834,0.59706,16.8078,6.5987,1.713,467.018,3551.0055,4.6757,0.0027675,Euler
0,2.5717,0.30276,-0.83422,0.081241,0.00066235,0.00057655,8.58e-05,0.87785,12.2059,0.003521,0.00097677,467.018,1.2578,3.0144,4.6291e-05,Heun
0,9.3731,0.41496,-1.0362,0.06594,0.009578,0.0094021,0.00017592,0.90212,16.5798,0.078696,0.016103,467.018,22.2459,3.3681,1.8617e-05,Heun
0,17.6723,0.59529,-1.0528,0.039479,0.019716,0.019331,0.00038525,0.9215,23.5416,0.23212,0.033327,467.018,38.3166,3.4158,9.2655e-05,Heun
0,5.3158,0.5458,-0.61796,0.019598,0.00054509,0.00014869,0.0003964,0.92825,22.0065,0.001637,0.00025178,467.018,0.13335,2.6827,6.542e-05,Heun
0,76.32,0.62284,-1.2644,0.078402,0.125,0.12333,0.0016764,0.85455,21.9854,1.5494,0.25403,467.018,584.1105,3.8733,5.0527e-07,Heun
0,30.1915,0.90097,-1.0963,0.040295,0.033349,0.032663,0.00068624,0.93377,35.1347,0.5936,0.057063,467.018,98.6267,3.5196,5.6247e-05,Heun
0,4.6587,0.917,-0.98808,0.069006,0.0050588,0.0048688,0.00019002,0.95296,36.8065,0.090057,0.008299,467.018,25.2142,3.327,4.5255e-05,Heun
0,2.6141,0.55113,-0.50182,0.05353,0.00015708,1.2247e-05,0.00014484,0.92914,22.2302,0.00013615,2.0736e-05,467.018,0.030274,2.4903,6.3503e-05,Heun
0,3.2837,0.89705,-0.50669,0.075896,0.00011726,9.1962e-06,0.00010807,0.95523,36.1844,0.0001664,1.5569e-05,467.018,0.051025,2.522,8.7056e-05,Heun
0,4.0561,0.65391,-0.8301,0.050882,0.001038,0.00087281,0.00016515,0.93903,26.3523,0.011512,0.0014792,467.018,2.4078,3.0439,2.8203e-05,Heun
0,133.9475,0.38196,-1.3807,0.071882,0.36306,0.35931,0.0037557,0.65313,9.8145,2.7683,1.235,467.018,1520.648,4.2207,6.6481e-06,Heun
0,2.6262,0.34411,-0.81103,0.063146,0.000665,0.0005508,0.0001142,0.89089,13.8729,0.0038232,0.00093304,467.018,1.0459,2.9817,4.9025e-05,Heun
0,3.0157,0.36713,-0.72357,0.073445,0.00025202,0.00015406,9.7959e-05,0.89726,14.807,0.0011409,0.00026084,467.018,0.36039,2.8394,4.1866e-05,Heun
0,27.1338,0.31043,-1.1485,0.054942,0.046295,0.045929,0.0003657,0.85202,11.9435,0.28759,0.081873,467.018,71.8807,3.5504,4.5225e-05,Heun
0,9.3861,0.45998,-1.0436,0.022663,0.027327,0.026779,0.0005478,0.89738,18.0493,0.24846,0.051549,467.018,26.7857,3.3859,6.1905e-05,Heun
0,105.8765,0.35606,-1.3755,0.064131,0.37629,0.37327,0.0030234,0.63837,8.959,2.6808,1.2935,467.018,1327.1164,4.1708,1.0884e-05,Heun
0,2.8373,0.4033,-0.72038,0.01073,0.021467,0.00099352,0.020473,0.90286,15.9205,0.0080822,0.0017138,467.018,0.36964,2.8375,4.3735e-05,Heun
0,3.6465,0.38365,-0.86791,0.011179,0.0071134,0.0064352,0.00067822,0.89694,15.3672,0.0498,0.010942,467.018,2.389,3.0813,3.0189e-05,Heun
0,2.8721,0.80104,-0.70402,0.072911,0.0002336,0.00012073,0.00011287,0.95007,32.3078,0.0019507,0.00020439,467.018,0.57768,2.8441,1.3287e-05,Heun
0,2.7576,0.4571,-0.64354,0.028398,0.00040751,0.00014255,0.00026496,0.91565,18.4325,0.0013143,0.00024131,467.018,0.15726,2.7167,7.906e-05,Heun
0,15.8379,0.88081,-1.0841,0.081891,0.014198,0.013896,0.00030167,0.94532,35.029,0.24689,0.024012,467.018,83.0606,3.4955,1.5864e-05,Heun
0,1.9732,0.29803,-0.7045,0.038509,0.00040347,0.00023,0.00017347,0.87632,12.0184,0.0013827,0.00038941,467.018,0.23444,2.7982,1.7684e-05,Heun
0,3.6134,0.59617,-0.92555,0.050943,0.0031461,0.0029638,0.00018227,0.93223,23.975,0.035641,0.0050349,467.018,7.5197,3.1989,4.0588e-05,Heun
0,24.8716,0.53708,-1.0836,0.071653,0.016023,0.015774,0.00024852,0.9173,21.3198,0.17089,0.027245,467.018,51.722,3.4645,1.882e-05,Heun
0,170.1425,0.75889,-1.2573,0.03037,0.27335,0.26938,0.0039668,0.75894,22.2466,4.1236,0.5988,467.018,607.6795,3.8728,6.0388e-06,Heun
0,2.4687,0.44677,-0.80285,0.059126,0.00065972,0.00052952,0.0001302,0.91372,18.0117,0.0047719,0.00089701,467.018,1.1918,2.9803,4.8718e-05,Heun
0,27.8131,0.8455,-1.1506,0.067144,0.039381,0.038694,0.00068639,0.92705,32.7658,0.65991,0.068792,467.018,186.1014,3.6235,6.8334e-06,Heun
0,22.6716,0.52248,-1.1204,0.012972,0.13222,0.13061,0.0016073,0.83894,18.2909,1.3765,0.2416,467.018,77.8938,3.5275,5.7777e-05,Heun
0,2.999,0.96638,-0.80568,0.076617,0.00053797,0.00042374,0.00011423,0.95803,38.9644,0.0082598,0.00071786,467.018,2.55,3.0225,2.7356e-05,Heun
0,2.9367,0.80739,-0.77545,0.06834,0.00044536,0.00032228,0.00012308,0.9503,32.557,0.0052486,0.00054583,467.018,1.4568,2.9633,6.8914e-05,Heun
0,2.8484,0.26516,-0.62059,0.010213,0.000925,0.00029513,0.00062987,0.86279,10.687,0.0015785,0.00049975,467.018,0.072064,2.6536,6.5457e-05,Heun
0,2.5389,0.63848,-0.72765,0.076785,0.0002597,0.00015528,0.00010442,0.93816,25.7506,0.0019998,0.00026292,467.018,0.63167,2.8724,4.5872e-05,Heun
0,2.7421,0.24422,-0.62935,0.015874,0.00060398,0.0002125,0.00039149,0.85299,9.8462,0.0010468,0.00035978,467.018,0.075149,2.6646,7.2e-05,Heun
0,3.3769,0.40837,-0.97822,0.039114,0.0077943,0.0075616,0.00023279,0.90191,16.3461,0.062286,0.012899,467.018,10.4239,3.2689,2.3173e-05,Heun
0,79.3937,0.39103,-1.3826,0.036302,0.59815,0.59431,0.003842,0.46224,6.3392,4.6876,2.4806,467.018,1421.7464,4.1999,2.9692e-05,Euler
0,4.0769,0.79676,-0.87166,0.055653,0.0015228,0.0013599,0.00016291,0.94898,32.0938,0.021856,0.0023064,467.018,4.9485,3.123,1.7004e-05,Heun
0,2.079,0.87309,-0.51986,0.022108,0.00040577,3.7385e-05,0.00036839,0.95388,35.2076,0.00065838,6.33e-05,467.018,0.058882,2.5425,7.4015e-05,Heun
1,1.3199,0.9273,-1.117,0.015741,,,,,,,,,,,0,Heun
0,26.9226,0.21429,-1.1512,0.028699,0.089285,0.088771,0.00051404,0.78171,7.8732,0.38371,0.16226,467.018,53.4657,3.5343,3.8132e-05,Heun
0,2.1515,0.63769,-0.68848,0.030234,0.00050244,0.00023842,0.00026401,0.93793,25.7124,0.0030668,0.00040372,467.018,0.38145,2.8072,6.6416e-05,Heun
0,118.9302,0.6995,-1.3457,0.046858,0.42042,0.4106,0.0098258,0.64132,16.355,5.7933,1.2084,467.018,1646.0898,4.2141,2.4041e-05,Heun
0,11.0159,0.34897,-1.0721,0.026489,0.036963,0.036495,0.0004681,0.86946,13.5579,0.25689,0.063636,467.018,29.9636,3.4208,2.9482e-05,Heun
0,4.211,0.73824,-0.95839,0.070091,0.0034339,0.0032804,0.00015359,0.944,29.6795,0.048847,0.0055798,467.018,14.0168,3.265,2.0456e-05,Heun
0,2.9351,0.22443,-0.55336,0.011905,0.00060546,0.00010675,0.00049871,0.8421,9.0485,0.00048326,0.00018076,467.018,0.026358,2.5347,6.517e-05,Heun
0,20.716,0.78141,-1.0942,0.082817,0.015902,0.015603,0.0002999,0.93875,31.0222,0.24592,0.027018,467.018,84.2896,3.5066,2.7514e-05,Heun
0,64.7734,0.6568,-1.2101,0.052283,0.10083,0.099519,0.0013087,0.87379,23.8251,1.3185,0.18962,467.018,308.1397,3.7325,2.0535e-06,Heun
0,4.8546,0.4336,-0.99373,0.01856,0.019846,0.019322,0.00052457,0.8992,17.1449,0.16899,0.033175,467.018,13.383,3.2978,5.9606e-05,Heun
0,5.5445,0.51537,-1.0051,0.023014,0.018512,0.018038,0.00047434,0.9129,20.4061,0.18751,0.030977,467.018,18.1656,3.3258,7.3303e-05,Heun
0,3.5066,0.56542,-0.57207,0.044541,0.00021103,3.6283e-05,0.00017474,0.93077,22.8051,0.00041381,6.1441e-05,467.018,0.076436,2.6082,8.3673e-05,Heun
1,1.1696,0.35149,-1.2959,0.056955,,,,,,,,,,,0,Heun
0,3.1991,0.5232,-0.60895,0.033662,0.00030594,7.7117e-05,0.00022882,0.92555,21.1004,0.00081385,0.00013056,467.018,0.11422,2.6657,6.6678e-05,Heun
0,58.7451,0.37553,-1.2283,0.041211,0.154,0.15288,0.0011201,0.79967,12.8165,1.158,0.30396,467.018,228.861,3.7201,3.3917e-06,Heun
0,2.3534,0.28875,-0.66815,0.079793,0.00015305,6.9598e-05,8.3452e-05,0.87301,11.647,0.00040536,0.00011781,467.018,0.14297,2.7364,3.8353e-05,Heun
0,3.2941,0.30407,-0.84446,0.048323,0.0012505,0.0011052,0.00014531,0.87795,12.2515,0.0067786,0.0018731,467.018,1.4398,3.0317,2.3179e-05,Heun
3,77.9627,0.7726,-1.2783,0.015465,0.54677,0.54059,0.0061828,0.5355,14.1263,8.4246,1.5246,467.018,716.0969,3.9233,0.00055993,Euler
0,2.4378,0.52689,-0.70522,0.060032,0.00027831,0.00014891,0.0001294,0.92605,21.2496,0.0015826,0.00025212,467.018,0.3959,2.8259,5.4305e-05,Heun
0,113.0185,0.57259,-1.2417,0.04177,0.17611,0.17419,0.0019284,0.81456,19.0311,2.0118,0.35638,467.018,396.4566,3.7943,2.6405e-07,Heun
0,14.054,0.3093,-1.0474,0.079696,0.0091094,0.0089779,0.00013146,0.87489,12.3641,0.056012,0.015393,467.018,19.7624,3.3727,8.2693e-05,Heun
0,2.5724,0.60438,-0.54295,0.048139,0.00018644,2.3099e-05,0.00016334,0.93495,24.377,0.00028159,3.911e-05,467.018,0.055957,2.563,6.34e-05,Heun
0,47.8064,0.25957,-1.2201,0.080517,0.075046,0.074625,0.00042042,0.81433,9.6858,0.39073,0.14001,467.018,152.8491,3.6764,2.2383e-05,Heun
0,26.0177,0.91767,-1.0956,0.062412,0.021471,0.02102,0.0004508,0.94231,36.2256,0.38909,0.036519,467.018,99.8819,3.5198,4.1864e-05,Heun
0,66.6286,0.99056,-1.3775,0.020624,0.76933,0.73891,0.030417,0.31873,9.2178,14.7637,4.0864,467.018,2806.0255,4.4985,1.0117e-05,Euler
0,10.5935,0.67835,-1.0385,0.049758,0.013113,0.012812,0.00030083,0.93331,27.0069,0.17531,0.021984,467.018,36.0829,3.3979,3.5073e-05,Heun
0,1.7712,0.50284,-0.53991,0.025729,0.00033808,4.1561e-05,0.00029652,0.92276,20.2784,0.00042153,7.0369e-05,467.018,0.045355,2.5492,8.3141e-05,Heun
0,2.4115,0.32752,-0.63762,0.044777,0.00023879,8.3791e-05,0.000155,0.88627,13.2097,0.00055355,0.00014184,467.018,0.10791,2.6914,6.5429e-05,Heun
0,2.1172,0.97648,-0.61317,0.052867,0.00020796,5.1241e-05,0.00015672,0.95866,39.3848,0.0010093,8.7762e-05,467.018,0.21729,2.703,6.2706e-05,Heun
3,48.7567,0.23026,-1.3126,0.019947,0.66784,0.57602,0.091813,0.93373,3.0855,2.6754,0,467.018,139.3073,3.7615,3.3182,Euler
0,8.6086,0.49245,-1.0073,0.034303,0.012794,0.012474,0.0003203,0.91334,19.6122,0.12391,0.021355,467.018,17.9314,3.3272,6.8982e-05,Heun
0,3.4053,0.24968,-0.50425,0.013028,0.00053217,5.1941e-05,0.00048023,0.85578,10.067,0.00026158,8.7905e-05,467.018,0.015357,2.4579,6.4893e-05,Heun
0,59.428,0.81993,-1.1765,0.036494,0.096662,0.095106,0.0015565,0.8875,29.8802,1.5729,0.17642,467.018,247.0979,3.6757,9.0989e-07,Heun
0,3.6886,0.83651,-0.77749,0.039896,0.00077823,0.00056655,0.00021168,0.95173,33.7199,0.0095595,0.00095983,467.018,1.5466,2.9684,4.8259e-05,Heun
0,3.5002,0.61185,-0.9346,0.021642,0.0082439,0.0078139,0.00043005,0.93054,24.4797,0.096436,0.013313,467.018,8.6404,3.2153,4.9897e-05,Heun
0,64.2274,0.73243,-1.2199,0.045207,0.12936,0.12749,0.0018623,0.86002,25.7255,1.8836,0.24878,467.018,383.4882,3.7682,2.8393e-07,Heun
0,2.2696,0.27385,-0.62838,0.047727,0.00020655,6.9822e-05,0.00013673,0.86699,11.0451,0.00038568,0.00011819,467.018,0.08192,2.668,6.5622e-05,Heun
0,2.3097,0.57638,-0.74052,0.067047,0.0003279,0.00020977,0.00011814,0.93192,23.2445,0.0024388,0.00035523,467.018,0.6772,2.8888,3.2167e-05,Heun
0,43.6064,0.82262,-1.1959,0.060914,0.074283,0.073057,0.0012252,0.90273,30.7207,1.2122,0.13572,467.018,320.7173,3.7229,6.6096e-07,Heun
0,2.4713,0.51034,-0.59903,0.03643,0.00027354,6.2728e-05,0.00021081,0.92384,20.5824,0.00064573,0.00010621,467.018,0.098266,2.648,6.8429e-05,Heun
0,129.0172,0.38247,-1.2705,0.037969,0.2532,0.25147,0.001732,0.73296,11.5227,1.9401,0.56727,467.018,385.9923,3.8196,1.8079e-05,Heun
0,3.0631,0.87968,-0.76947,0.058649,0.00049216,0.00034776,0.0001444,0.95415,35.4703,0.0061706,0.00058902,467.018,1.464,2.9575,4.5986e-05,Heun
0,24.593,0.9676,-1.143,0.054104,0.044458,0.043582,0.00087682,0.92934,37.2995,0.8506,0.077443,467.018,191.7021,3.6185,7.8528e-07,Heun
0,2.4219,0.7622,-0.54546,0.062245,0.00014832,1.8449e-05,0.00012987,0.94772,30.744,0.00028363,3.1235e-05,467.018,0.071896,2.5784,6.5889e-05,Heun
0,1.9277,0.59234,-0.739,0.052067,0.00041728,0.00026465,0.00015263,0.93357,23.8859,0.003162,0.00044856,467.018,0.68118,2.8876,3.8782e-05,Heun
3,86.1199,0.83388,-1.2772,0.013196,0.60215,0.59521,0.0069336,0.48655,13.3839,10.0116,1.7619,467.018,736.3284,3.9276,0.00050751,Euler
0,93.2365,0.87625,-1.374,0.043401,0.4801,0.44412,0.035978,0.60029,18.3783,7.8498,1.8751,467.018,2840.1749,4.5022,3.3208e-05,Heun
0,2.2484,0.85138,-0.54071,0.068889,0.00013426,1.5686e-05,0.00011857,0.95294,34.3414,0.00026937,2.6554e-05,467.018,0.07515,2.5759,6.2185e-05,Heun
0,3.9937,0.65971,-0.94618,0.04898,0.0042172,0.0040127,0.00020455,0.93749,26.5018,0.053397,0.0068251,467.018,10.7727,3.2386,3.9713e-05,Heun
0,2.5051,0.69407,-0.52143,0.044872,0.00019692,1.8794e-05,0.00017813,0.94286,27.9944,0.00026312,3.1821e-05,467.018,0.048327,2.5339,6.379e-05,Heun
0,25.3589,0.76765,-1.0967,0.074093,0.018332,0.017994,0.00033829,0.93631,30.4008,0.27862,0.031206,467.018,85.5796,3.5102,2.7428e-05,Heun
0,78.7983,0.99277,-1.3382,0.020279,0.67475,0.65931,0.015442,0.42399,13.0263,13.2027,2.5342,467.018,1799.8744,4.241,7.8013e-05,Heun
0,2.6672,0.89472,-0.59222,0.07359,0.00014013,2.8453e-05,0.00011168,0.95511,36.0897,0.00051351,4.8172e-05,467.018,0.1527,2.6639,6.3436e-05,Heun
0,16.4479,0.5034,-1.089,0.014802,0.080176,0.079057,0.0011184,0.87122,18.6797,0.80274,0.14136,467.018,51.141,3.4692,3.8709e-05,Heun
0,14.5958,0.22559,-1.0863,0.048795,0.024086,0.023871,0.00021469,0.82858,8.8816,0.10862,0.041439,467.018,24.7071,3.4241,1.5099e-05,Heun
0,3.2024,0.53516,-0.78751,0.017773,0.0018925,0.001446,0.0004465,0.92608,21.5485,0.015609,0.0024506,467.018,1.1552,2.9633,9.2803e-05,Heun
0,165.8793,0.37279,-1.3179,0.078079,0.20817,0.20657,0.0016021,0.76222,11.9084,1.5533,0.50705,467.018,705.087,3.96,4.2061e-07,Heun
0,78.0699,0.49908,-1.2659,0.020063,0.41271,0.40948,0.0032292,0.63061,11.8244,4.1222,1.0117,467.018,433.8499,3.8303,1.2413e-07,Heun
0,76.3147,0.41184,-1.2996,0.024734,0.46577,0.46285,0.0029257,0.57606,8.8758,3.8449,1.266,467.018,549.9619,3.8988,1.9128e-06,Heun
0,2.9684,0.85092,-0.53658,0.043949,0.00020916,2.3314e-05,0.00018585,0.95286,34.3204,0.00040016,3.9472e-05,467.018,0.071227,2.569,6.2703e-05,Heun
0,35.4303,0.73074,-1.1681,0.019801,0.15536,0.1532,0.0021613,0.84192,24.8996,2.2581,0.29213,467.018,195.0188,3.6451,4.184e-06,Heun
0,2.4047,0.75571,-0.51857,0.014954,0.00059423,5.4354e-05,0.00053988,0.94701,30.4686,0.00082853,9.2046e-05,467.018,0.050483,2.5333,5.4826e-05,Heun
0,144.365,0.7541,-1.3073,0.059045,0.24751,0.24214,0.0053715,0.77778,22.8921,3.6831,0.58507,467.018,1159.049,4.063,7.1485e-06,Heun
0,3.7102,0.64451,-0.86072,0.025997,0.0028593,0.0025286,0.0003307,0.93704,25.9264,0.032873,0.0042903,467.018,3.5179,3.0942,2.4878e-05,Heun
0,78.0513,0.8135,-1.3375,0.02874,0.54322,0.53234,0.010882,0.54442,14.9906,8.7352,1.7716,467.018,1598.1326,4.195,4.6504e-06,Heun
0,24.5369,0.46962,-1.0895,0.058907,0.020938,0.020648,0.00028959,0.90467,18.5486,0.19559,0.035784,467.018,49.2685,3.4675,8.0495e-05,Heun
0,38.4041,0.34973,-1.1786,0.07045,0.052289,0.051877,0.00041173,0.85992,13.371,0.36596,0.093982,467.018,117.36,3.6145,3.98e-05,Heun
0,27.4885,0.61571,-1.1297,0.071607,0.028521,0.028119,0.0004018,0.91784,24.1304,0.34923,0.04933,467.018,105.8646,3.558,5.0736e-05,Heun
0,3.0696,0.6328,-0.56631,0.02506,0.00037579,5.9891e-05,0.0003159,0.93757,25.5189,0.00076446,0.00010141,467.018,0.078852,2.604,6.3381e-05,Heun
0,2.3921,0.238,-0.82074,0.081575,0.00056001,0.00048297,7.7047e-05,0.84976,9.5959,0.0023186,0.00081813,467.018,0.85912,2.9813,4.9483e-05,Heun
0,16.3669,0.83223,-1.399,0.078316,0.37439,0.32271,0.051686,0.68671,21.0038,5.4172,1.4185,467.018,3911.9142,4.7518,3.8213e-05,Euler
0,100.5678,0.87045,-1.3627,0.041706,0.45922,0.43371,0.025511,0.6208,18.9898,7.6149,1.688,467.018,2454.8338,4.4086,3.1613e-05,Heun
0,3.9655,0.91091,-0.88282,0.066899,0.0014471,0.0013057,0.00014146,0.95502,36.6945,0.02399,0.0022147,467.018,6.4894,3.1484,3.1277e-05,Heun
0,2.4736,0.92287,-0.59362,0.047095,0.00022002,4.527e-05,0.00017475,0.95636,37.222,0.0008427,7.6637e-05,467.018,0.16013,2.6677,4.9701e-05,Heun
0,29.0007,0.23402,-1.1566,0.043593,0.063826,0.063434,0.00039134,0.80884,8.8382,0.29943,0.11442,467.018,62.1284,3.549,4.6374e-05,Heun
0,8.4356,0.99914,-1.0538,0.061192,0.012998,0.012658,0.00033972,0.95124,39.7831,0.25511,0.021768,467.018,63.5048,3.4476,2.2272e-05,Heun
0,2.5223,0.75946,-0.59131,0.018241,0.00055695,0.00011342,0.00044353,0.94728,30.6209,0.0017375,0.00019207,467.018,0.1291,2.6543,6.3112e-05,Heun
0,25.5484,0.45111,-1.0904,0.052798,0.02358,0.023264,0.00031637,0.89993,17.7694,0.21169,0.040371,467.018,47.9772,3.4668,9.0796e-05,Heun
0,2.3607,0.66503,-0.6397,0.031146,0.00038023,0.0001237,0.00025653,0.9404,26.8182,0.0016593,0.00020944,467.018,0.21207,2.7282,6.3863e-05,Heun
0,54.9353,0.67581,-1.2003,0.063199,0.075194,0.074175,0.0010192,0.89245,25.2135,1.0111,0.13829,467.018,281.4686,3.7129,2.085e-07,Heun
0,30.7309,0.81816,-1.1492,0.01516,0.16027,0.15776,0.0025106,0.84363,27.716,2.6036,0.29911,467.018,169.8218,3.6142,1.3552e-05,Heun
0,134.3269,0.86697,-1.2895,0.024839,0.42982,0.42247,0.0073481,0.64201,19.9422,7.3881,1.1066,467.018,973.3107,4.0002,5.1157e-06,Heun
0,47.342,0.56915,-1.3907,0.045912,0.51495,0.50255,0.012391,0.55685,11.1371,5.7694,2.1964,467.018,2299.116,4.403,1.7564e-06,Heun
0,3.9854,0.85784,-0.97274,0.07875,0.0036594,0.0035078,0.00015163,0.951,34.4801,0.060696,0.0059709,467.018,19.4341,3.2971,2.275e-05,Heun
0,2.6472,0.48049,-0.61373,0.038888,0.00026617,7.0969e-05,0.0001952,0.91951,19.3785,0.00068782,0.00012016,467.018,0.11226,2.6696,6.421e-05,Heun
0,17.4373,0.79116,-1.0458,0.073167,0.0098106,0.009577,0.00023369,0.94329,31.6036,0.15283,0.01643,467.018,45.9114,3.4195,2.3347e-05,Heun
0,2.5452,0.23211,-0.58259,0.011318,0.00069728,0.00016346,0.00053382,0.84646,9.3572,0.00076528,0.00027676,467.018,0.039473,2.5847,6.5256e-05,Heun
0,31.2024,0.88673,-1.1135,0.051645,0.032349,0.031722,0.00062687,0.93377,34.6149,0.56739,0.055513,467.018,121.1523,3.5517,4.7504e-05,Heun
0,2.6625,0.30661,-0.7617,0.013595,0.001861,0.0013579,0.00050315,0.87846,12.3462,0.0083981,0.0022997,467.018,0.50092,2.8945,4.5464e-05,Heun
0,3.8094,0.23607,-0.61524,0.029794,0.00029975,9.4456e-05,0.00020529,0.84888,9.5207,0.00044978,0.00015991,467.018,0.060914,2.6397,6.5651e-05,Heun
0,24.3596,0.77623,-1.1278,0.013294,0.14135,0.13911,0.002236,0.85444,26.8883,2.1781,0.25923,467.018,123.6228,3.5675,5.7826e-05,Heun
0,25.0494,0.90482,-1.1359,0.032416,0.066962,0.065722,0.0012397,0.91168,34.058,1.1995,0.11794,467.018,162.8145,3.5974,9.8002e-06,Heun
0,3.1722,0.40735,-0.66941,0.077571,0.00016747,7.2739e-05,9.4736e-05,0.9065,16.4307,0.00059767,0.00012317,467.018,0.19741,2.7543,4.1506e-05,Heun
0,133.1336,0.42202,-1.3481,0.040727,0.45235,0.44886,0.0034939,0.58964,9.3236,3.8209,1.4326,467.018,1051.6811,4.078,7.5456e-06,Heun
0,47.9562,0.85467,-1.1802,0.062297,0.060369,0.059334,0.0010353,0.91366,32.3975,1.0229,0.10844,467.018,273.0645,3.6897,1.2188e-06,Heun
0,152.7583,0.8523,-1.2444,0.029767,0.24491,0.24086,0.0040517,0.78476,25.9625,4.1408,0.51761,467.018,581.0827,3.8525,5.3708e-07,Heun
0,1.9778,0.53004,-0.72462,0.076342,0.00025169,0.0001502,0.00010149,0.92647,21.3775,0.0016059,0.00025436,467.018,0.51076,2.8584,3.6379e-05,Heun
0,63.4906,0.55166,-1.2887,0.022648,0.45334,0.44939,0.0039552,0.60289,12.1657,5.0005,1.2019,467.018,626.1529,3.9094,1.3534e-06,Heun
0,79.7524,0.99529,-1.2597,0.043209,0.2062,0.20136,0.0048392,0.81878,31.8725,4.0425,0.43425,467.018,832.6405,3.9351,1.4994e-06,Heun
0,3.2804,0.7708,-0.7367,0.019464,0.0011107,0.0006877,0.00042304,0.94765,31.0607,0.010692,0.0011651,467.018,0.84732,2.8965,5.1603e-05,Heun
0,2.3612,0.85291,-0.751,0.039982,0.00061207,0.00040236,0.00020971,0.95271,34.387,0.0069223,0.00068151,467.018,1.1211,2.9253,3.8393e-05,Heun
0,22.3265,0.55643,-1.0682,0.077125,0.012284,0.012072,0.00021173,0.92202,22.1717,0.13549,0.020775,467.018,43.9223,3.4393,2.3475e-05,Heun
0,3.4476,0.59089,-0.57677,0.07392,0.00012936,2.323e-05,0.00010613,0.93361,23.8345,0.00027688,3.9326e-05,467.018,0.084601,2.6181,6.3564e-05,Heun
0,2.4977,0.22915,-0.57907,0.047018,0.0001656,3.7613e-05,0.00012799,0.84511,9.2426,0.00017385,6.3675e-05,467.018,0.037325,2.5783,6.5255e-05,Heun
0,3.0671,0.71651,-0.88731,0.022293,0.0045479,0.0041444,0.00040347,0.94175,28.7739,0.059897,0.0070404,467.018,5.4665,3.1438,3.2078e-05,Heun
0,2.8211,0.53349,-0.75743,0.060398,0.00041952,0.00028937,0.00013015,0.92681,21.5131,0.003114,0.00049003,467.018,0.78315,2.9132,2.4817e-05,Heun
0,2.3952,0.30745,-0.83216,0.082231,0.00064002,0.00055475,8.527e-05,0.8795,12.3953,0.0034404,0.00093988,467.018,1.2417,3.0117,2.225e-05,Heun
0,128.2572,0.27965,-1.3493,0.05829,0.34928,0.3475,0.0017795,0.63664,7.3411,1.9602,1.0166,467.018,778.9499,4.0108,6.2156e-06,Heun
0,3.375,0.63419,-0.71871,0.068712,0.00027128,0.00015469,0.00011659,0.93776,25.5776,0.0019788,0.00026194,467.018,0.5596,2.8572,3.7028e-05,Heun
0,3.7443,0.70613,-0.89113,0.012788,0.0082692,0.0075731,0.00069611,0.93859,28.2512,0.10787,0.01289,467.018,5.6559,3.1494,2.5296e-05,Heun
0,33.1601,0.40196,-1.1677,0.05887,0.054691,0.054198,0.0004933,0.87072,15.329,0.43944,0.097768,467.018,115.5085,3.6024,4.0054e-05,Heun
0,2.3353,0.81561,-0.74,0.05477,0.00040684,0.00025506,0.00015178,0.9508,32.8899,0.0041961,0.00043197,467.018,0.93293,2.9048,3.06e-05,Heun
0,2.5003,0.72444,-0.65093,0.066449,0.00018867,6.6981e-05,0.00012169,0.94512,29.2197,0.00097878,0.0001134,467.018,0.26557,2.751,6.3895e-05,Heun
0,17.5363,0.44561,-1.0758,0.0245,0.041812,0.041219,0.00059333,0.8873,17.2252,0.37049,0.072116,467.018,39.0999,3.4399,3.1116e-05,Heun
0,2.5902,0.4954,-0.79336,0.039286,0.00090494,0.00070536,0.00019958,0.92133,19.967,0.0070484,0.0011951,467.018,1.1599,2.9694,4.8922e-05,Heun
0,5.7048,0.24722,-0.99814,0.010127,0.037867,0.037128,0.00073842,0.83171,9.5956,0.18515,0.064354,467.018,8.5708,3.2784,4.9873e-05,Heun
0,2.3896,0.51962,-0.58618,0.079277,0.00012131,2.4436e-05,9.6879e-05,0.92519,20.9598,0.00025612,4.1375e-05,467.018,0.084708,2.6275,7.2669e-05,Heun
0,2.4691,0.66729,-0.66233,0.059491,0.00022613,9.1381e-05,0.00013475,0.94069,26.9136,0.00123,0.00014665,467.018,0.28454,2.766,6.4886e-05,Heun
0,2.6803,0.95664,-0.6102,0.060995,0.00017906,4.3247e-05,0.00013581,0.95786,38.5855,0.00083451,7.3221e-05,467.018,0.20509,2.697,6.2975e-05,Heun
0,4.0982,0.797,-0.88041,0.03098,0.0030277,0.0027314,0.00029634,0.94803,32.0551,0.04391,0.0046363,467.018,5.5361,3.1376,3.1561e-05,Heun
0,174.8615,0.5838,-1.3026,0.052152,0.26595,0.26255,0.003394,0.75142,17.288,3.0918,0.62414,467.018,853.6946,3.9834,1.3906e-06,Heun
0,4.1903,0.43445,-0.94214,0.0087143,0.0222,0.021233,0.00096787,0.89786,17.1372,0.18606,0.036425,467.018,6.9064,3.211,3.7161e-05,Heun
0,19.0288,0.95106,-1.0979,0.015449,0.086326,0.084549,0.0017776,0.90068,35.0555,1.622,0.15196,467.018,104.1615,3.5251,2.0409e-05,Heun
0,73.4635,0.96955,-1.3506,0.0086551,0.95896,0.95049,0.008465,0.070898,1.6053,18.5885,6.8996,467.018,1556.6073,4.1988,1.3397e-07,Euler
0,2.436,0.61457,-0.69688,0.021278,0.0007511,0.00037728,0.00037382,0.9356,24.7744,0.0046769,0.00063905,467.018,0.41046,2.8194,3.7344e-05,Heun
0,2.7783,0.7401,-0.77109,0.033692,0.00086428,0.00061804,0.00024624,0.94578,29.8311,0.0092264,0.0010468,467.018,1.2681,2.9517,2.2363e-05,Heun
0,2.5712,0.4367,-0.57119,0.068186,0.00013269,2.3445e-05,0.00010925,0.91224,17.6149,0.00020652,3.9684e-05,467.018,0.059562,2.5945,8.0304e-05,Heun
0,7.7072,0.20113,-0.57442,0.057737,0.00012561,2.8856e-05,9.6755e-05,0.82729,8.1129,0.00011707,4.8852e-05,467.018,0.031531,2.565,6.5461e-05,Heun
0,2.0844,0.47586,-0.50275,0.04246,0.00019336,1.5627e-05,0.00017773,0.91883,19.1932,0.00014999,2.6455e-05,467.018,0.026748,2.4849,6.379e-05,Heun
0,2.2086,0.51159,-0.6913,0.050006,0.00030386,0.00014947,0.00015438,0.924,20.6324,0.0015425,0.00025311,467.018,0.32218,2.8014,5.6379e-05,Heun
0,1.9887,0.69811,-0.73279,0.032879,0.00063473,0.00038726,0.00024747,0.94289,28.1451,0.0054532,0.00065593,467.018,0.73386,2.8852,5.3989e-05,Heun
0,32.8806,0.40657,-1.1846,0.026046,0.14545,0.14424,0.0012033,0.81187,14.0161,1.1829,0.27457,467.018,140.7388,3.6343,5.4182e-05,Heun
0,2.8716,0.67204,-0.87907,0.0099734,0.0091837,0.008315,0.00086868,0.93533,26.8621,0.11272,0.014155,467.018,4.622,3.1268,2.4498e-05,Heun
3,33.1141,0.71062,-1.194,0.0095836,0.029274,0.029131,0.00014221,9.2279,27.8285,0.41756,0,467.018,27.7205,3.5383,0.53345,Euler
0,155.5601,0.31496,-1.326,0.05454,0.30972,0.30793,0.0017816,0.67634,8.7708,1.9563,0.80572,467.018,649.6071,3.9531,3.0009e-06,Heun
0,4.2234,0.89194,-0.9261,0.036988,0.0043871,0.0041077,0.00027944,0.95223,35.8246,0.073902,0.0069833,467.018,11.0776,3.22,2.9979e-05,Heun
0,93.9427,0.3928,-1.2568,0.066375,0.13441,0.13338,0.0010365,0.81658,13.7164,1.0568,0.2721,467.018,345.8263,3.7925,1.0144e-07,Heun
0,2.717,0.76891,-0.69865,0.076819,0.00021374,0.00010722,0.00010652,0.94811,31.0126,0.0016629,0.00018108,467.018,0.51868,2.8332,5.2862e-05,Heun
0,2.0388,0.60637,-0.52369,0.022139,0.00039442,3.9213e-05,0.0003552,0.93502,24.4525,0.00047961,6.6399e-05,467.018,0.043824,2.5312,6.7029e-05,Heun
0,48.5738,0.5041,-1.215,0.07418,0.076461,0.075682,0.00077906,0.87379,18.7814,0.76955,0.1424,467.018,258.8178,3.7189,5.8753e-06,Heun
0,3.1161,0.56354,-0.89759,0.022402,0.0050885,0.0047039,0.0003846,0.92745,22.6185,0.053469,0.0079946,467.018,4.9789,3.1492,4.1689e-05,Heun
0,23.3498,0.71525,-1.1588,0.073015,0.040037,0.03944,0.00059697,0.91861,27.6994,0.56901,0.070305,467.018,176.4512,3.6271,5.6695e-05,Heun
0,123.4857,0.90061,-1.236,0.021541,0.2974,0.29183,0.0055691,0.74828,25.5269,5.3014,0.64215,467.018,537.9189,3.8317,9.5447e-06,Heun
0,72.9623,0.4283,-1.3961,0.079358,0.37362,0.36661,0.0070104,0.65472,10.8227,3.1672,1.3626,467.018,2037.5819,4.3515,2.3278e-05,Heun
0,38.7334,0.83188,-1.3191,0.02332,0.54996,0.54115,0.0088132,0.53713,15.1032,9.0803,1.7077,467.018,1289.1519,4.1056,6.2848e-05,Euler
0,3.7238,0.92388,-0.89252,0.01899,0.0057068,0.0051992,0.00050751,0.95286,37.0583,0.096891,0.0088368,467.018,7.4398,3.1653,7.1727e-05,Heun
0,7.0288,0.84866,-1.0515,0.06926,0.011138,0.010871,0.00026738,0.94567,33.8551,0.18609,0.018673,467.018,52.7787,3.4337,5.3825e-05,Heun
