Error,time,CO2share,E_appl,v,X_tot,X_het,X_hom,FE,CO2_out,CO_out,H2_out,delP,CD,Vcell
0,7.91533,0.671399,-0.869916,0.00895004,0.000943582,0.000827098,0.000116485,0.940564,27.0599,0.0112011,0.00140263,0.144071,4.11663,3.11161
0,45.080396,0.77071797,-1.2985304,0.010251377,0.15410595,0.11731839,0.036787558,0.84435374,26.300658,1.8238401,0.30129145,0.14407067,1096.6007,4.0393359
0,67.9473,0.222663,-1.21659,0.0233902,0.84667,0.00397384,0.842696,0.438053,1.3773,0.0178478,0.0460939,0.144071,38.6383,3.58005
0,10.5636557,0.5648313865,-1.64771092,0.0215442845,0.5683503347,0.4120421867,0.1563081479,-0.03684802112,9.835702773,4.694460351,0,0.1440706667,-833455.1034,-160.384448
1,0.18993,0.98732,-1.9973,0.018296,,,,,,,,,,
0,24.2404,0.304703,-1.17382,0.0210126,0.0169457,0.016565,0.000380728,0.868413,12.084,0.101811,0.0296192,0.144071,98.7125,3.59713
0,4.82419,0.725868,-0.533421,0.00873853,0.000101822,1.12579e-05,9.05643e-05,0.945279,29.2799,0.000164831,1.90638e-05,0.144071,0.0588157,2.55604
0,8.884916,0.4432609,-1.166199,0.02207677,0.01485401,0.01437028,0.0004837319,0.9040677,17.61632,0.1284842,0.02556416,0.1440707,125.3483,3.606961
0,6.07851,0.400895,-0.77145,0.0151063,0.000189197,0.000138493,5.0704e-05,0.90512,16.1698,0.00111991,0.000234596,0.144071,0.721628,2.92301
0,6.92355,0.594165,-0.965975,0.0130716,0.00206044,0.00193911,0.000121326,0.932707,23.9203,0.0232399,0.00329836,0.144071,12.6033,3.26681
0,44.8023773,0.88886248,-1.64014643,0.0161216649,0.320690361,0.0658841049,0.254806256,1.43291528,24.3588913,1.18124612,0,0.144070667,48164.8166,13.7151855
0,12.5311,0.45694,-1.03184,0.0232062,0.00263304,0.00253502,9.80228e-05,0.914212,18.3852,0.023365,0.00432977,0.144071,23.0319,3.36568
0,21.3669966,0.707099059,-1.58502231,0.0229379789,0.815650855,0.762613189,0.0530376663,0.453682366,5.25867769,10.8770153,0,0.144070667,16177.4715,7.39257927
0,6.17391,0.456064,-0.85462,0.0158814,0.000439196,0.000383144,5.60522e-05,0.915457,18.3903,0.00352462,0.000649459,0.144071,2.36173,3.06742
0,4.74452,0.686917,-0.531076,0.0116297,7.58976e-05,8.20828e-06,6.76893e-05,0.942375,27.7094,0.000113732,1.38995e-05,0.144071,0.0541759,2.54947
2,6.9240165,0.60984989,-1.6013371,0.020169167,0.38316307,-0.0214634,0.40462647,2.6288946,15.175691,-0.26402597,0,0.14407067,9935.111,6.1716778
0,4.84671,0.573883,-0.511507,0.00889208,9.48878e-05,8.3493e-06,8.65385e-05,0.931796,23.1493,9.66492e-05,1.41383e-05,0.144071,0.0356003,2.50832
0,38.3105,0.879214,-1.02901,0.0132985,0.00453217,0.00426318,0.000268987,0.951495,35.3083,0.0756055,0.00728582,0.144071,40.9816,3.39595
0,42.50577,0.20041992,-1.4331637,0.02158219,0.21982671,0.15638195,0.063444761,0.68873898,6.3079339,0.63219738,0.80671125,0.14407067,1817.5377,4.3399254
0,6.02053,0.726148,-0.661261,0.0113124,0.000116289,4.49222e-05,7.13665e-05,0.94529,29.2907,0.000657979,7.60755e-05,0.144071,0.303949,2.76832
0,0.4563022,0.973595405,-1.78549407,0.0176340273,0,0,0,-8.37705628,39.2765815,0,0,0.144070667,-85930.8447,-14.9728409
0,44.87148,0.3465354,-1.288922,0.0245842,0.05667583,0.0521045,0.00457133,0.8560475,13.18754,0.3642068,0.1110484,0.1440707,479.3709,3.867353
0,35.337649,0.984708621,-1.65047822,0.0165459931,0.84246895,0.153190142,0.689278808,0.276504467,6.25790657,3.04273219,0,0.144070667,73224.283,18.6131831
0,5.15701,0.583499,-0.620777,0.00881822,0.000122532,3.42619e-05,8.82699e-05,0.932826,23.5365,0.000403251,5.80202e-05,0.144071,0.147143,2.69053
0,32.4053011,0.5131375281,-1.722272942,0.01954409687,0.6941290293,0.4282784426,0.2658505867,0.4801530988,6.331800244,4.432871712,0,0.1440706667,107294.7947,25.32054914
2,10.745103,0.845795317,-1.61721175,0.0149411642,0.0659316038,-0.0684977357,0.13442934,3.23374255,31.8712517,-1.1686021,0,0.144070667,20799.2027,8.33514607
0,17.0139,0.8796602,-1.124985,0.008580903,0.02340783,0.02199733,0.001410495,0.9391582,34.65639,0.3903104,0.03873648,0.1440707,139.809,3.574165
0,146.3848,0.9619599,-1.256282,0.008489305,0.122766,0.09731478,0.02545124,0.8754567,34.04298,1.888256,0.2114535,0.1440707,795.641,3.922161
2,16.2069061,0.82711450099582,-1.8073355017083,0.016835275711578,-1.3813776489173,-1.4543739332372,0.072996284319867,-0.0013451704957116,79.460093952273,-24.264250869513,0,0.14407066666667,-1433242919.0318,-278311.28211222
1,0.514,0.84593,-1.9557,0.017354,,,,,,,,,,
2,15.3594288,0.67232939399,-1.7117624356,0.023480020995,-46.394779199,-49.556739464,3.161960265,-3.8136733068,1285.4872377,-672.06301202,0,0.14407066667,-2396200.6192,-463.83448033
0,6.16061,0.614782,-0.813758,0.0109187,0.000411337,0.000329822,8.15154e-05,0.935836,24.7912,0.00409003,0.000558882,0.144071,1.84258,3.01371
0,9.9346782,0.897215424,-1.43672505,0.0122202848,0.00937453547,0.00927646366,9.80718071e-05,-0.664269332,35.8559625,0.167882083,0,0.144070667,-11213.3382,-0.708045302
2,12.786164,0.6266587425,-1.758861757,0.02465652936,-0.347284606,-0.3764108043,0.0291261983,3.162874405,34.06007631,-4.757933349,0,0.1440706667,140185.6555,31.75774844
0,4.95842,0.671635,-0.559243,0.0133401,6.92363e-05,1.02751e-05,5.89611e-05,0.941147,27.0931,0.000139202,1.73994e-05,0.144071,0.0761611,2.59514
2,15.130064,0.49592655,-1.5166945,0.020338694,0.67011627,-0.22770258,0.89781885,0.79078285,6.5998403,-2.2777732,0,0.14407067,4842.8318,5.061275
0,4.87001,0.598062,-0.556858,0.0111642,8.14076e-05,1.19074e-05,6.95002e-05,0.934379,24.1249,0.000143644,2.01634e-05,0.144071,0.0662478,2.58559
0,7.61494,0.306816,-1.04511,0.0195654,0.00365553,0.00355681,9.87244e-05,0.877411,12.3322,0.0220122,0.00608944,0.144071,19.0872,3.36853
0,5.96648,0.292528,-0.730566,0.0146458,0.000130916,8.45042e-05,4.64113e-05,0.874458,11.7996,0.000498622,0.000143119,0.144071,0.322385,2.84065
1,0.1121,0.92991,-1.912,0.017617,,,,,,,,,,
0,5.28651,0.48232,-0.622054,0.00857161,0.000123977,3.58305e-05,8.81463e-05,0.919877,19.4552,0.000348588,6.06764e-05,0.144071,0.125379,2.68357
0,39.90288,0.3304467,-1.28229,0.01947935,0.06567668,0.06159426,0.004082424,0.8456829,12.45529,0.4105507,0.1287057,0.1440707,420.8778,3.842676
0,5.76811,0.261071,-0.656901,0.0191229,5.8574e-05,2.51285e-05,3.34454e-05,0.861479,10.5315,0.000132328,4.2552e-05,0.144071,0.113385,2.71325
2,0.7948539,0.7215803221816,-1.906471984836,0.0227107040127,0.2529604104134,-0.003157204320048,0.2561176147335,-0.01303022302846,21.74620438161,-0.04595285937674,0,0.1440706666667,-144679559.7899,-28092.97002129
0,6.3474,0.63089,-0.761563,0.00893251,0.000299964,0.000206275,9.3689e-05,0.937437,25.4436,0.00262497,0.000349425,0.144071,0.965607,2.92814
0,6.08785,0.358421,-0.802194,0.0189178,0.000204463,0.000164116,4.03473e-05,0.895058,14.4564,0.00118651,0.000278046,0.144071,0.968349,2.96892
2,8.152776,0.6437383259282,-1.5724209192307,0.023639552612538,-0.020915875801721,-0.021048249753622,0.00013237395190132,-7.0098934881005e-06,26.512732486292,-0.27330685527062,0,0.14407066666667,-4489860693.8924,-871857.14850115
0,23.1097916,0.898940891,-1.63515981,0.0182466706,0.335284562,0.187892167,0.147392396,1.15612543,24.1058288,3.40694389,0,0.144070667,55410.541,15.1244018
0,0.5072867,0.831005037055029,-1.899857785074526,0.01828603318489808,0,0,0,-2.85036339081408e-26,33.52423083455461,0,0,0.1440706666666666,-9.365634356997481e+31,-1.81865421800347e+28
0,79.5779,0.227665,-1.372855,0.02202008,0.1354351,0.1111487,0.02428646,0.7599461,7.940522,0.5104177,0.3643883,0.1440707,955.6237,4.079214
2,42.8125113,0.4746759483,-1.782441585,0.02379061167,0.6428394722,-0.1765482712,0.8193877434,0.5417689572,6.839366061,-1.690385919,64.98838772,0.1440706667,222474.5982,47.78423641
0,76.503721,0.77126312,-1.4309997,0.012148321,0.40866582,0.2742195,0.13444632,0.6520599,18.398852,4.2660513,1.3938799,0.14407067,5446.057,5.0987485
0,6.13506,0.379471,-0.920007,0.0167082,0.000902659,0.000842361,6.02983e-05,0.899854,15.2947,0.00644766,0.00142977,0.144071,4.62809,3.16782
0,6.2405,0.452826,-0.889009,0.017074,0.000610899,0.000554002,5.68971e-05,0.914797,18.2567,0.00506021,0.000939595,0.144071,3.64931,3.12442
0,8.61869,0.658677,-0.666754,0.0118503,0.000113514,4.6018e-05,6.74962e-05,0.94003,26.5692,0.0006114,7.79306e-05,0.144071,0.297517,2.77271
0,7.64793,0.254722,-1.01935,0.0209629,0.00615703,0.00238296,0.00377407,0.85658,10.2127,0.0122436,0.00408224,0.144071,11.6295,3.31586
2,3.7300231,0.76728414419,-1.6429073913,0.015795281892,-0.10617991517,-0.10619886899,1.8953813466e-05,-0.026644714182,34.24026826,-1.6436195022,0,0.14407066667,-3772427.0726,-731.16750002
0,6.26404,0.671497,-0.810977,0.0134715,0.000324983,0.000257957,6.70266e-05,0.94097,27.0806,0.00349394,0.000437081,0.144071,1.93151,3.01337
0,36.85096,0.2088651,-1.304985,0.02286825,0.07089002,0.06833836,0.002551663,0.7894399,7.828673,0.2879092,0.146738,0.1440707,379.2992,3.851952
2,22.455793,0.99184806,-1.4287828,0.010535871,-0.062519308,-0.12573955,0.063220237,2.5988302,42.514507,-2.5156036,0,0.14407067,3068.8209,4.6054381
2,12.8077038,0.5072425586,-1.752308123,0.0249560509,0.4422743923,-0.3895291466,0.8318035389,1.187498884,11.41277975,-3.985481655,0,0.1440706667,115010.9106,26.85249718
0,5.36458,0.488247,-0.705352,0.00982019,0.000169785,9.11637e-05,7.86217e-05,0.920743,19.6934,0.000897815,0.000154397,0.144071,0.369639,2.82247
0,42.738823,0.42637193,-1.4076166,0.019946653,0.24505092,0.15471621,0.090334705,0.74487519,12.985582,1.3306064,0.62868152,0.14407067,2491.816,4.4615249
0,6.24788,0.259215,-0.878562,0.0171933,0.000525059,0.000481182,4.38777e-05,0.86034,10.4517,0.00251591,0.000815897,0.144071,1.94245,3.08124
0,0.7035943,0.812826378621,-1.782730468561,0.01619590915598,0.03740511282862,0.03740510881863,4.009995238641e-09,-0.0008537977603015,31.56432497307,0.6132730529422,0,0.1440706666667,-653930681.8233,-126981.4756632
0,33.144945,0.37468944,-1.3521166,0.024106313,0.10706064,0.083034952,0.02402569,0.83008185,13.497352,0.62756333,0.25501521,0.14407067,1139.3624,4.1031913
0,136.54236,0.99959628,-1.2810004,0.010852866,0.12621535,0.094259392,0.031955962,0.87455051,35.235806,1.9005287,0.22721374,0.14407067,1132.4412,4.0304181
0,6.12322,0.319779,-0.847268,0.0142917,0.000441904,0.000387426,5.44786e-05,0.883715,12.8948,0.00249899,0.000656666,0.144071,1.56087,3.03864
0,6.3143,0.21488,-0.95163,0.016088,0.0013645,0.0013117,5.2737e-05,0.83579,8.6567,0.0056854,0.002229,0.14407,4.2336,3.1948
0,5.5466,0.21968,-0.55847,0.017551,4.1258e-05,7.7338e-06,3.3524e-05,0.83958,8.8618,3.4269e-05,1.3095e-05,0.14407,0.02765,2.5423
0,51.6874,0.4568719,-1.269185,0.02090428,0.0543725,0.04923467,0.005137836,0.8808359,17.42889,0.4537228,0.1013518,0.1440707,477.836,3.847153
0,5.5566,0.685007,-0.713123,0.0133435,0.000135765,7.41342e-05,6.16308e-05,0.942185,27.6307,0.00102433,0.000125556,0.144071,0.560015,2.85163
1,0.46645,0.65247,-1.8901,0.022017,,,,,,,,,,
0,12.8387064,0.5282476179,-1.819471823,0.0200380653,0.4310804931,0.3527746837,0.07830580944,1.240972428,12.1239333,3.758894433,0,0.1440706667,277032.8561,58.4268644
2,4.6230541,0.71714923,-1.5878858,0.022687045,0.0402569,-0.0013312744,0.041588175,8.994757,27.766408,-0.019257606,0,0.14407067,4469.8187,5.0559147
0,27.933858,0.80272218,-1.4464774,0.013745259,0.35586576,0.27261976,0.083246008,1.2328767,20.85916,4.4141568,0,0.14407067,3983.8029,4.8142153
0,45.04034,0.4299832,-1.212044,0.02075241,0.02748815,0.0264143,0.001073855,0.8935647,16.86947,0.2290951,0.04900488,0.1440707,218.837,3.699592
0,119.31946,0.32681675,-1.3772407,0.024056675,0.1262737,0.095277682,0.030996013,0.80520697,11.519533,0.62808824,0.35286978,0.14407067,1384.2507,4.1858724
2,0.7326971,0.55393946509031,-1.809326371373,0.024961966169661,-0.13669851964228,-0.13669851964228,-2.7755575615629e-17,-0.00027382195399552,25.401699137286,-1.5273947350431,0,0.14407066666667,-2309130750.9518,-448394.5087435
0,50.849098,0.26927319,-1.4958677,0.024287881,0.29155269,0.29155151,1.1790878e-06,0.67337229,7.6958367,1.5835566,1.6040395,0.14407067,5075.0769,5.0879533
0,25.5182,0.370511,-1.09554,0.0210311,0.0064477,0.00627315,0.000174555,0.894207,14.8507,0.0468827,0.0108272,0.144071,43.1048,3.46548
0,6.81418,0.419235,-0.993424,0.01935,0.00194258,0.00186123,8.13469e-05,0.907779,16.8799,0.0157392,0.00317008,0.144071,13.001,3.29593
0,6.43157,0.722721,-0.902165,0.00911227,0.00136129,0.00122839,0.000132893,0.944241,29.1162,0.0179075,0.00208469,0.144071,6.67662,3.1692
0,6.14195,0.315666,-0.877056,0.0165583,0.000539632,0.00049007,4.9562e-05,0.882321,12.7277,0.0031204,0.000830968,0.144071,2.26234,3.08763
2,13.7314975,0.8437588073467,-1.59536651308543,0.0166475474251198,-36.028774872136,-39.7521462247344,3.72337135259836,-6.11551264486716e-05,1260.41286851562,-676.55649998932,0,0.144070666666667,-32852657625.4978,-6379452.15495674
0,4.72144,0.719756,-0.528048,0.0120267,7.33879e-05,7.63453e-06,6.57533e-05,0.944859,29.0341,0.000110839,1.29279e-05,0.144071,0.0544569,2.54671
0,6.51465,0.565092,-0.945989,0.0101478,0.00206807,0.00193378,0.000134295,0.929545,22.7497,0.022042,0.00328673,0.144071,9.30417,3.23059
0,6.05927,0.550595,-0.847872,0.00944538,0.000688749,0.000590695,9.80547e-05,0.928738,22.1967,0.00656026,0.00100133,0.144071,2.5765,3.06519
0,47.4487,0.2905053,-1.259968,0.02315702,0.04252919,0.04109907,0.001430116,0.8472333,11.22108,0.2408304,0.0812774,0.1440707,284.1329,3.773612
0,13.0292611,0.48422061,-1.62323847,0.0221599646,0.48329915,0.0462993592,0.43699979,1.32071473,10.093403,0.452213394,0,0.144070667,17426.1466,7.67708827
0,6.23773,0.269249,-0.627084,0.0147468,6.59906e-05,2.2218e-05,4.37726e-05,0.865113,10.8613,0.000120666,3.76224e-05,0.144071,0.0793939,2.66512
1,1.7103,0.58983,-1.9551,0.023052,,,,,,,,,,
1,0.45842,0.75058,-1.9639,0.016179,,,,,,,,,,
2,22.3032407,0.706196764,-1.68343797,0.0234675248,0.942631528,-0.403389729,1.34602126,0.111562631,1.63438426,-5.74613374,0,0.144070667,72381.5399,18.481901
0,25.0054648,0.662374,-1.61326932,0.0249926623,0.523452073,0.453970202,0.0694818712,0.976632957,12.7340053,6.06534899,0,0.144070667,26157.3693,9.38345035
0,36.60595,0.2285314,-1.226749,0.02178655,0.03068294,0.03010028,0.0005826598,0.8261675,8.936487,0.1387527,0.05638331,0.1440707,151.452,3.6823
2,10.365953,0.91583852,-1.4970084,0.0084228173,-0.1269765,-0.14000991,0.013033416,-14.497077,41.637911,-2.5864427,0,0.14407067,-1294.2371,1.3893107
0,6.24442,0.476121,-0.833133,0.00985468,0.000556239,0.000468597,8.7642e-05,0.918644,19.1969,0.0045003,0.000794201,0.144071,1.8642,3.03369
0,18.1432867,0.6442553188,-1.761386383,0.02348136464,0.1628049314,0.03542032825,0.1273846032,-1.008169427,21.7590455,0.4602944779,0,0.1440706667,-290221.5873,-54.72943351
2,7.811701,0.8084323,-1.389009,0.01343853,0.06240824,-0.01849024,0.08089849,6.647879,30.57825,-0.3015168,0,0.1440707,517.6838,3.97883
0,4.70441,0.674245,-0.60198,0.0104217,9.86719e-05,2.2772e-05,7.58999e-05,0.941342,27.1976,0.000309702,3.85622e-05,0.144071,0.132349,2.66628
0,6.24748,0.273279,-0.917182,0.0193395,0.000746301,0.000701946,4.43553e-05,0.866419,11.0163,0.00386932,0.00119122,0.144071,3.33875,3.14796
0,52.64489,0.946102,-1.234546,0.01178669,0.06976541,0.05793072,0.0118347,0.9110223,35.50468,1.105534,0.1151983,0.1440707,603.1594,3.848818
0,5.10674,0.375895,-0.531926,0.0152148,5.31246e-05,6.34315e-06,4.67815e-05,0.899536,15.1635,4.80947e-05,1.07409e-05,0.144071,0.0313995,2.52229
1,0.22546,0.89262,-1.8371,0.016383,,,,,,,,,,
2,16.7308038,0.719611422,-1.65374797,0.019636418,-0.0875820554,-0.204243996,0.11666194,2.162631,31.5729562,-2.96464378,0,0.144070667,49260.7657,13.9427586
0,33.559,0.218273,-1.18901,0.0215685,0.0199298,0.0195288,0.000400979,0.826716,8.63004,0.0859809,0.0350763,0.144071,90.0178,3.6059
0,6.33226,0.316658,-0.91528,0.0141239,0.00100262,0.00093787,6.47503e-05,0.882357,12.7617,0.00599043,0.00159175,0.144071,3.70623,3.1515
0,14.134108,0.44653183,-1.4440122,0.021875293,0.041260624,0.035391468,0.0058691555,1.8397749,17.270629,0.31876907,0,0.14407067,2141.4708,4.4221037
0,5.56815,0.414839,-0.610726,0.0155235,6.42656e-05,1.71061e-05,4.71594e-05,0.908091,16.7343,0.000143138,2.89668e-05,0.144071,0.0944509,2.65769
0,6.1894,0.574197,-0.793148,0.00850837,0.000424843,0.000324852,9.99915e-05,0.931619,23.1543,0.00376245,0.000550395,0.144071,1.32663,2.97612
0,32.904,0.844868,-1.0499,0.0129633,0.0060413,0.00570453,0.000336775,0.948752,33.8776,0.0972151,0.00977423,0.144071,51.5699,3.4307
2,12.0844579,0.70610832139,-1.5731235524,0.021269084628,0.022550815399,-0.018272805897,0.040823621296,-0.016491913242,27.843298568,-0.26025659353,0,0.14407066667,-2022362.6676,-391.3711398
0,5.08448,0.296039,-0.686218,0.0185396,7.41152e-05,3.77694e-05,3.63458e-05,0.875796,11.9419,0.000225535,6.39611e-05,0.144071,0.184299,2.76754
0,6.17406,0.362795,-0.899988,0.0172234,0.000685811,0.000632228,5.35827e-05,0.895889,14.6258,0.00462658,0.00107252,0.144071,3.43736,3.13229
0,19.7286,0.265302,-1.14761,0.0214444,0.0120405,0.0118053,0.000235137,0.85602,10.5739,0.0631747,0.0207265,0.144071,62.579,3.54048
0,5.20428,0.497302,-0.604822,0.0112202,8.94557e-05,2.19379e-05,6.75178e-05,0.922123,20.0603,0.000220059,3.71493e-05,0.144071,0.103356,2.65641
0,24.8289,0.96987,-1.06618,0.0135333,0.0071533,0.00671283,0.000440467,0.953857,38.8464,0.131324,0.0115408,0.144071,72.5015,3.46855
0,29.127399,0.97885403,-1.3134771,0.0116037,0.16241306,0.11477713,0.047635928,0.84831989,33.075239,2.2662011,0.3225164,0.14407067,1663.1407,4.1856959
0,6.32127,0.296376,-0.928278,0.0152024,0.00109026,0.00102925,6.10096e-05,0.875291,11.9433,0.00615306,0.00174754,0.144071,4.13188,3.17017
0,38.217214,0.20635725,-1.3907686,0.019802316,0.17469403,0.1394341,0.035259927,0.72167642,6.8705245,0.58038197,0.51003385,0.14407067,1095.9726,4.1314227
2,21.1846971,0.802892755,-1.62680988,0.0154486095,-7.76407323,-11.004794,3.24072079,7.11933944,283.869481,-178.22336,0,0.144070667,95186.3537,22.8676706
0,6.23228,0.548397,-0.886659,0.00973768,0.00104818,0.000942331,0.000105853,0.928244,22.1001,0.0104237,0.0015985,0.144071,4.22415,3.1297
0,59.23001,0.9150977,-1.255215,0.009594075,0.1070065,0.0859082,0.02109834,0.8843497,32.96635,1.585723,0.1845593,0.1440707,752.3559,3.909815
0,48.307573,0.31391586,-1.4769252,0.024046821,0.25758018,0.25757897,1.2112631e-06,0.71202789,9.401951,1.6309807,1.2702141,0.14407067,4597.1947,4.9711322
0,6.1505,0.22474,-0.87611,0.017855,0.00048804,0.00044902,3.9012e-05,0.84235,9.0619,0.0020355,0.00076132,0.14407,1.6668,3.0709
0,6.03666,0.566024,-0.731414,0.0131698,0.00015598,9.50001e-05,6.09801e-05,0.930876,22.8309,0.00108464,0.000160902,0.144071,0.592391,2.87281
0,6.9533,0.586831,-0.984755,0.0114326,0.00297582,0.00281823,0.000157593,0.93135,23.6034,0.0333591,0.00480004,0.144071,15.8521,3.29801
0,4.79166,0.575743,-0.555485,0.0127786,7.06106e-05,1.02212e-05,6.03894e-05,0.932017,23.2249,0.000118702,1.7308e-05,0.144071,0.06282,2.58148
0,4.8689,0.689876,-0.518439,0.0123738,7.01389e-05,6.55881e-06,6.35801e-05,0.942612,27.8289,9.12685e-05,1.11063e-05,0.144071,0.0462456,2.5287
0,52.22823,0.938631,-1.179272,0.01314254,0.03089824,0.02809134,0.002806904,0.9368436,36.69606,0.5318541,0.05079432,0.1440707,298.0466,3.698075
0,6.23374,0.467041,-0.75676,0.0117342,0.000214627,0.00014764,6.69872e-05,0.917417,18.8372,0.00139086,0.000250082,0.144071,0.686788,2.90578
0,49.03927,0.9333726,-1.182376,0.0116719,0.03602291,0.03269601,0.003326894,0.9332076,36.29752,0.6155665,0.05952064,0.1440707,307.9961,3.704798
0,6.17975,0.48632,-0.747736,0.0105045,0.000221919,0.000146876,7.50427e-05,0.920421,19.6147,0.00144078,0.000248782,0.144071,0.634785,2.8927
0,2.953592,0.732051076,-1.79386438,0.0206807643,0.320609557,0.238206551,0.0824030066,6.37576261,20.063929,3.51738781,0,0.144070667,64222.0253,17.0017365
0,53.97279,0.8247512,-1.264157,0.00930126,0.120334,0.09710555,0.02322842,0.8708576,29.26819,1.615445,0.2135399,0.1440707,760.8638,3.920987
0,41.9012,0.210018,-1.15687,0.0205717,0.455927,0.00748624,0.44844,0.723529,4.60966,0.0317135,0.0243357,0.144071,36.355,3.51675
0,13.655968,0.65728645,-1.5074474,0.024476946,0.020407781,0.0096025237,0.010805257,2.5848922,25.974977,0.1273108,0,0.14407067,5177.874,5.1205249
0,5.72731,0.645674,-0.652783,0.0137888,9.06604e-05,3.30525e-05,5.76079e-05,0.938913,26.0453,0.00043047,5.59729e-05,0.144071,0.244031,2.74855
0,40.109888,0.6900780243,-1.721994732,0.0207401665,0.8494500477,0.6013151646,0.2481348831,0.2340539486,4.191157542,8.37000128,0,0.1440706667,145176.799,32.6918781
0,50.404258,0.81833175,-1.3572684,0.011334551,0.23239346,0.15926373,0.073129729,0.79379899,25.34097,2.6288843,0.57947044,0.14407067,2389.9324,4.3892474
1,0.28756,0.4882,-1.9945,0.019819,,,,,,,,,,
0,6.20881,0.343594,-0.952461,0.0172975,0.00129706,0.00123308,6.39828e-05,0.890345,13.8432,0.00854599,0.00209535,0.144071,6.42326,3.21746
2,17.0084402,0.5725289194,-1.780159504,0.02030089025,-1.039085618,-1.125203511,0.08611789371,-5.002623456,47.09643738,-12.9943236,0,0.1440706667,-161115.9277,-29.61019661
0,6.23905,0.657385,-0.831659,0.010543,0.000518518,0.0004298,8.87182e-05,0.939659,26.5064,0.00569916,0.000728432,0.144071,2.46928,3.04677
0,44.8321613,0.824943214,-1.65496704,0.0176019788,0.755775351,0.493950464,0.261824887,0.333410774,8.12771963,8.21925819,17.0832325,0.144070667,83552.2134,20.629968
0,5.3525067,0.94981404564,-1.550341703601,0.01785242247756,0.3449689686116,0.1878419903762,0.1571269782354,-6.669381972992e-05,25.09895433446,3.598789456243,0,0.1440706666667,-336427993.1559,-65327.80381059
0,37.91592,0.3720463,-1.267881,0.01949537,0.05663482,0.05317749,0.003457331,0.8624728,14.15898,0.3990709,0.1068712,0.1440707,389.8667,3.818312
0,6.12272,0.459153,-0.854766,0.0144158,0.000485609,0.000423731,6.18782e-05,0.915948,18.514,0.00392439,0.000716828,0.144071,2.38079,3.06799
0,5.6034,0.23578,-0.55958,0.014137,5.2865e-05,9.7407e-06,4.3124e-05,0.84887,9.5112,4.6325e-05,1.649e-05,0.14407,0.029774,2.5472
2,0.7397786,0.8824264557,-1.937880109,0.01463915754,0.1016514444,-0.03727584685,0.1389272913,28.63720523,31.98000741,-0.6634851534,0,0.1440706667,144921.2288,32.85804535
1,95.752,0.37196,-1.31557,0.0201969,,,,,,,,,,
0,5.14269,0.461069,-0.53841,0.0173516,4.90165e-05,6.039e-06,4.29775e-05,0.916543,18.5994,5.61637e-05,1.02362e-05,0.144071,0.0410831,2.54258
0,7.23391,0.426882,-1.01705,0.0206542,0.00244967,0.00235733,9.23401e-05,0.908941,17.179,0.020298,0.00402281,0.144071,17.8993,3.33694
1,0.24687,0.91273,-1.9087,0.01848,,,,,,,,,,
2,0.7727604,0.5530352712981985,-1.937800240404455,0.02079358070905484,-0.02013469286317105,-0.02013469286317103,-1.387778780781446e-17,-5.053903671171279e-09,22.75964658446792,-0.2246068567506539,0,0.1440706666666666,-583817478084800.2,-113367880763.2716
0,5.47356,0.405433,-0.679472,0.0174269,7.93188e-05,3.68458e-05,4.24731e-05,0.90615,16.3546,0.000301323,6.23972e-05,0.144071,0.223698,2.77076
0,25.9016913,0.928681837,-1.66865138,0.0189613297,0.863074901,0.570160114,0.292914787,0.24077658,5.1298561,10.6804353,0,0.144070667,87055.6884,21.326081
0,43.84839,0.3462508,-1.227332,0.02483869,0.02730109,0.02641817,0.0008829201,0.8747291,13.58702,0.1845095,0.04982691,0.1440707,219.1194,3.715001
2,6.8419839,0.5634395,-1.5297294,0.024060022,-0.0076657696,-0.017978653,0.010312883,4.1335679,22.904402,-0.20432881,0,0.14407067,3801.2927,4.8596171
0,6.10722,0.550752,-0.777284,0.0138554,0.000222518,0.000162739,5.97795e-05,0.929055,22.2134,0.00180789,0.00027568,0.144071,1.04096,2.94774
2,22.1948036,0.9231772926,-1.688305782,0.01863059426,-20.23893817,-20.42359409,0.1846559193,-26.64944838,790.9938018,-380.3141242,0,0.1440706667,-156110.488,-28.72845354
2,12.8123308,0.713457703,-1.73037144,0.0229422534,-0.224629289,-0.259545523,0.0349162339,6.83956713,35.2474773,-3.73514051,0,0.144070667,46527.2762,13.4856494
0,39.78163,0.2467847,-1.268768,0.02045824,0.06301475,0.05085933,0.01215542,0.8206415,9.328377,0.253171,0.1030082,0.1440707,273.0424,3.778212
0,47.1538668,0.87723178,-1.50701691,0.01941676,0.464098172,0.350502752,0.11359542,0.907161179,18.9650836,6.20198854,0,0.144070667,10712.9077,6.23226592
0,5.16576,0.42234,-0.682969,0.0154544,9.16197e-05,4.34576e-05,4.81621e-05,0.909557,17.0364,0.000370214,7.35942e-05,0.144071,0.242817,2.77848
0,5.76552,0.424154,-0.639386,0.0158615,7.07541e-05,2.41917e-05,4.65625e-05,0.909922,17.1099,0.000206973,4.0966e-05,0.144071,0.139267,2.70631
0,6.16251,0.656746,-0.660965,0.0130255,0.000100118,3.88666e-05,6.12512e-05,0.939874,26.4916,0.000514871,6.58195e-05,0.144071,0.275438,2.76295
0,0.471441,0.6299564958171608,-1.947866567009978,0.02006796184482367,0,0,0,-1.00106567015078e-08,25.41357277008076,0,0,0.1440706666666666,-374538228817066.5,-72729246484.61182
1,0.36951,0.89504,-1.8377,0.018043,,,,,,,,,,
0,6.00332,0.480003,-0.812341,0.0127392,0.000343353,0.000277606,6.57474e-05,0.919382,19.3575,0.00268781,0.000470378,0.144071,1.43807,2.99948
0,17.6614741,0.704091957,-1.782924805,0.02347592558,0.2647788386,0.1988690433,0.06590979529,-1.343511151,20.88346448,2.824370966,0,0.1440706667,-275635.7777,-51.87291803
0,19.8748077,0.981022597,-1.57922465,0.0191693317,0.1759239,0.127381118,0.0485427815,1.77043111,32.613807,2.5206308,0,0.144070667,23865.2783,8.89960671
0,47.389951,0.28509767,-1.3908779,0.020514638,0.16895225,0.12630147,0.042650777,0.76245801,9.5581713,0.72631872,0.49301571,0.14407067,1445.1762,4.2135536
0,6.32405,0.395986,-0.94795,0.0160667,0.00132523,0.00125296,7.22688e-05,0.903342,15.9536,0.0100079,0.00212885,0.144071,6.88522,3.21661
0,11.02216,0.4628264,-1.172014,0.0220352,0.01599149,0.01543561,0.000555877,0.9066724,18.37267,0.1441011,0.02759875,0.1440707,140.4641,3.621562
0,42.4351676,0.5659299795,-1.72336865,0.02049385753,0.8897641508,0.6712659079,0.2184982429,0.1679040748,2.516753718,7.662711278,35.32502621,0.1440706667,123686.704,28.51199277
2,16.039253,0.42804587,-1.4874147,0.020368,0.55909267,-0.026795891,0.58588856,0.88904054,7.613648,-0.23135756,0,0.14407067,3411.6021,4.7360733
0,33.540328,0.90930636,-1.3081195,0.012201355,0.14695041,0.10598727,0.040963142,0.8564773,31.292457,1.943968,0.28632117,0.14407067,1454.8648,4.1330199
0,6.39427,0.709542,-0.760763,0.00930394,0.000287675,0.000196015,9.16596e-05,0.943972,28.6159,0.00280539,0.000332044,0.144071,1.06745,2.93251
0,0.4986321,0.5296195673572219,-1.973819653950558,0.0231469595933343,0,0,0,-4.216027445679873e-30,21.36580145591189,0,0,0.1440706666666666,-1.043486041444793e+36,-2.026280568260099e+32
2,23.5376715,0.629403098,-1.57520644,0.0231460866,-0.246215669,-0.576525872,0.330310202,1.90299016,31.6429708,-7.31935561,0,0.144070667,20458.2923,8.22609233
0,35.94546,0.319019,-1.275147,0.02410877,0.04920925,0.04668886,0.002520383,0.8527183,12.23648,0.3004381,0.09487478,0.1440707,374.1229,3.820403
0,5.17213,0.435443,-0.699275,0.0148256,0.000106623,5.5853e-05,5.07703e-05,0.912029,17.5647,0.000490572,9.45895e-05,0.144071,0.30784,2.80699
0,6.16705,0.684,-0.750393,0.0131871,0.000184711,0.000121058,6.36523e-05,0.942074,27.5887,0.00167023,0.000205051,0.144071,0.902603,2.91349
0,78.764703,0.23609908,-1.3833228,0.021864703,0.14699757,0.11644732,0.030550247,0.75660369,8.1245577,0.55456053,0.41979333,0.14407067,1123.4344,4.1305812
0,41.6608912,0.6294481675,-1.745068832,0.02007275502,0.5046568305,0.2145325531,0.2901242774,0.7825944489,12.57828174,2.723819629,0,0.1440706667,175259.4218,38.56618548
0,6.11041,0.491987,-0.749194,0.0109487,0.000215785,0.000143581,7.22042e-05,0.921268,19.8434,0.00142487,0.0002432,0.144071,0.653725,2.89567
0,16.7009836,0.4907464749,-1.789299223,0.02069008276,0.2144950845,0.150622039,0.06387304558,1.657616133,15.55110529,1.490976785,0,0.1440706667,180555.5989,39.64037727
0,42.83317,0.8236281,-1.234829,0.01266796,0.06425752,0.05499849,0.009259031,0.908855,31.09157,0.9137073,0.1075736,0.1440707,531.3706,3.828648
0,4.93441,0.572643,-0.592129,0.0127916,7.68335e-05,1.63483e-05,6.04852e-05,0.93167,23.0997,0.000188834,2.76837e-05,0.144071,0.100076,2.64206
2,10.8414808,0.5034687609377,-1.562824626143,0.02141344302376,-11.69698935616,-11.75564717407,0.05865781791009,-0.0008700794427983,257.8864064258,-119.3834821741,0,0.1440706666667,-311047659.2435,-60399.33829273
0,30.8223176,0.6167151439,-1.806302534,0.02090287547,0.9997203933,0.6869452893,0.3127751039,0.0005106180294,0.006956446134,8.545390888,0,0.1440706667,326194.7668,67.9685342
2,16.9179045,0.9191254808,-1.521483857,0.01480273594,-3.379902097,-3.385289193,0.005387096345,-0.1675986828,162.4031225,-62.76185215,0,0.1440706667,-597948.7009,-114.7620904
1,0.70525,0.90152,-1.8307,0.014468,,,,,,,,,,
0,20.067787,0.39357358,-1.4989492,0.020364703,0.82947237,0.2981463,0.53132608,0.29243951,2.7075461,2.3669034,0,0.14407067,4277.3207,4.9273363
0,0.4295673,0.788975017,-1.82830635,0.0164240388,0,0,0,15.065405,31.8286646,0,0,0.144070667,67107.4033,17.5987302
0,48.66135,0.36355165,-1.411116,0.021692586,0.20034664,0.13826278,0.062083852,0.76449725,11.727975,1.0139034,0.60465916,0.14407067,2293.5405,4.422262
2,26.259841,0.79156231,-1.4938373,0.0095097011,0.099516586,-0.065295643,0.16481223,2.1087286,28.755174,-1.0425442,0,0.14407067,5899.4364,5.2537339
0,38.91713,0.7725544,-1.242806,0.009034688,0.09636949,0.08273517,0.01363432,0.8842236,28.16276,1.289272,0.1671101,0.1440707,548.108,3.84147
2,13.2437088,0.644307444,-1.60265839,0.0222535718,0.405218795,-0.0550571553,0.46027595,1.34423777,15.4598598,-0.715536988,0,0.144070667,20132.4831,8.18945253
1,0.23956,0.72501,-1.9138,0.023532,,,,,,,,,,
0,6.14338,0.552667,-0.896932,0.0101009,0.00114245,0.00103634,0.000106112,0.928694,22.2701,0.0115529,0.00175839,0.144071,4.85469,3.14724
0,9.8287535,0.559797537,-1.61867086,0.0223477584,0.00176973707,0.00157168492,0.000198052152,3.11963797,22.5432684,0.0177468647,0,0.144070667,15538.364,7.30005242
2,18.5065502,0.483621529,-1.62055176,0.0238382562,-0.238473433,-0.260586133,0.0221127,2.93024573,24.1628127,-2.54203835,0,0.144070667,18164.7114,7.81995169
0,51.025556,0.39400746,-1.3879087,0.023158825,0.14840538,0.10563755,0.042767833,0.80668408,13.536068,0.83955264,0.42038245,0.14407067,1862.0334,4.3045535
0,5.59973,0.305847,-0.592007,0.0189586,4.66345e-05,1.10136e-05,3.56209e-05,0.879314,12.3378,6.79449e-05,1.86493e-05,0.144071,0.0565459,2.6126
2,22.4568681,0.650955898,-1.6154392,0.0199489608,-1.57655104,-1.72380786,0.147256825,4.68582249,67.6621015,-22.6342232,0,0.144070667,29786.8518,10.0970833
0,6.7364,0.21683,-1.0159,0.021702,0.002268,0.0022122,5.5825e-05,0.83648,8.7275,0.0096755,0.0037744,0.14407,9.7415,3.303
0,47.0348,0.454982,-1.212451,0.02210233,0.02602412,0.02491627,0.001107843,0.8989259,17.87712,0.2286665,0.04625345,0.1440707,231.7358,3.705447
2,1.0549815,0.509242820936,-1.81251483956,0.0235821962197,-0.603724069219,-0.603724078104,8.88463647097e-09,-0.0176866335181,32.9465336543,-6.20138340471,0,0.144070666667,-48306466.493,-9378.91672123
0,16.0349767,0.7587490038,-1.883650301,0.01631852499,0.9806474129,0.8895534114,0.09109400143,0.04625119186,0.592369012,13.61430055,0,0.1440706667,828200.4084,165.5751078
0,1.3605471,0.76075906,-1.6840397,0.017568161,0.52927277,0.071819907,0.45745287,7.4008269,14.446799,1.1020902,0,0.14407067,9719.4236,6.2113695
0,8.9139,0.301639,-1.04345,0.0229139,0.00305777,0.00297543,8.23467e-05,0.875971,12.1314,0.0181034,0.00508985,0.144071,18.4104,3.36488
0,6.13149,0.416698,-0.905263,0.0154264,0.000819587,0.000755225,6.43612e-05,0.907986,16.7966,0.0063478,0.0012814,0.144071,4.16801,3.14761
0,6.45489,0.286754,-0.956991,0.0148836,0.00158761,0.00151848,6.91284e-05,0.871355,11.5498,0.00878301,0.00258108,0.144071,5.80396,3.21666
0,5.34917,0.32034,-0.507771,0.0189184,3.97273e-05,3.74066e-06,3.59867e-05,0.884145,12.9226,2.41705e-05,6.33395e-06,0.144071,0.0199629,2.47486
1,0.35277,0.59606,-1.9762,0.020316,,,,,,,,,,
0,45.808736,0.21733007,-1.4867065,0.022930409,0.30004723,0.30004624,9.9439308e-07,0.64445754,6.1368247,1.3153253,1.510385,0.14407067,3759.1201,4.8078318
0,6.1435,0.64776,-0.891624,0.0127099,0.00085702,0.000769491,8.75291e-05,0.938604,26.1094,0.0100541,0.00130534,0.144071,5.26036,3.14614
0,43.596852,0.21089275,-1.4651164,0.02296817,0.26269333,0.17252676,0.09016657,0.6656295,6.272851,0.73391079,1.1427042,0.14407067,2819.2264,4.5889457
0,39.401399,0.90802336,-1.3463408,0.0099077563,0.26871885,0.18252813,0.08619072,0.76683341,26.78777,3.3431203,0.57610486,0.14407067,2272.7398,4.3529795
0,6.37657,0.519908,-0.796835,0.013349,0.000279745,0.000217107,6.26373e-05,0.925132,20.9682,0.00227681,0.000367824,0.144071,1.26848,2.97749
0,4.76394,0.584131,-0.521545,0.00967982,8.84263e-05,8.72538e-06,7.97009e-05,0.932915,23.5628,0.000102806,1.47751e-05,0.144071,0.0411737,2.52583
0,43.19947,0.2907607,-1.29973,0.02373892,0.06474143,0.06027084,0.004470591,0.833281,10.9704,0.3534826,0.132129,0.1440707,470.6818,3.875533
0,46.361492,0.80967617,-1.3622512,0.011976567,0.23616118,0.16056426,0.075596923,0.79006218,24.949868,2.6223183,0.58465514,0.14407067,2520.4403,4.4223047
1,0.27029,0.99127,-1.9218,0.015165,,,,,,,,,,
0,31.531481,0.3307609,-1.3534816,0.020604589,0.12451455,0.099192622,0.025321923,0.80730653,11.682029,0.66178772,0.30363204,0.14407067,1031.8788,4.0785934
0,18.758371,0.9118216,-1.4568376,0.010684972,0.35866009,0.18224744,0.17641265,1.4658161,23.591378,3.3519419,0,0.14407067,4329.0058,4.8958782
0,16.5338199,0.923224194,-1.63343243,0.0144990101,0.110601092,0.0691279619,0.0414731304,2.25673371,33.1252325,1.28731876,0,0.144070667,38152.045,11.7521791
2,17.3361138,0.635706349,-1.57500769,0.0197426246,0.191063081,-0.113368671,0.304431752,1.76621105,20.7456178,-1.45369995,0,0.144070667,14414.6384,7.0343228
1,0.36132,0.55978,-1.9911,0.023923,,,,,,,,,,
0,6.09769,0.512335,-0.746901,0.0106068,0.000218938,0.000143907,7.50304e-05,0.924151,20.664,0.00148718,0.000243753,0.144071,0.658936,2.89378
2,11.523375,0.7213625141,-1.782229076,0.02148030943,0.7488869338,-0.3823717107,1.131258645,0.6188539745,7.307655196,-5.563710126,0,0.1440706667,207531.0538,44.87865734
0,4.77005,0.600507,-0.529812,0.0110269,7.87739e-05,8.51759e-06,7.02563e-05,0.93463,24.2236,0.000103172,1.44232e-05,0.144071,0.0469841,2.54088
0,6.16534,0.452481,-0.921816,0.0161407,0.000960175,0.000892392,6.77823e-05,0.914516,18.2364,0.00814482,0.00151484,0.144071,5.55741,3.17921
0,32.9439218,0.5490616452,-1.823613386,0.02153644536,0.9050989375,0.594024156,0.3110747815,-0.1398932947,2.102070841,6.578856044,0,0.1440706667,-449369.7233,-85.59365653
0,11.7432,0.212304,-1.08847,0.0223616,0.00549264,0.00539462,9.80197e-05,0.83165,8.5177,0.0231018,0.00929964,0.144071,24.2766,3.42526
1,0.23738,0.24203,-1.2485,0.020764,,,,,,,,,,
0,6.30579,0.685366,-0.845811,0.00880875,0.000727794,0.00061683,0.000110964,0.941832,27.6288,0.00852733,0.00104564,0.144071,3.07981,3.0724
0,5.32692,0.689958,-0.714048,0.0136564,0.00013361,7.33012e-05,6.03084e-05,0.942577,27.8304,0.00102014,0.000124145,0.144071,0.570566,2.85351
0,42.89982,0.939801,-1.3330752,0.009048084,0.27623009,0.19017677,0.086053322,0.76321296,27.440473,3.6051101,0.53200857,0.14407067,1972.6881,4.2741735
0,5.02944,0.374739,-0.513626,0.0144151,5.4619e-05,5.29261e-06,4.93264e-05,0.899256,15.1168,4.00059e-05,8.96197e-06,0.144071,0.0247534,2.49177
0,6.59904,0.607717,-0.955232,0.0120668,0.0019546,0.00183071,0.000123892,0.93415,24.4685,0.0224411,0.00311248,0.144071,11.2131,3.24979
0,20.6063,0.815706,-1.00872,0.0110425,0.0042134,0.00396408,0.000249315,0.948335,32.7684,0.0652231,0.00676132,0.144071,29.4056,3.35636
0,5.90074,0.378183,-0.668056,0.0141481,9.05094e-05,3.91951e-05,5.13142e-05,0.900059,15.2552,0.000298992,6.63752e-05,0.144071,0.181421,2.74857
0,22.8806,0.266532,-1.16696,0.0214843,0.0152504,0.0149505,0.000299833,0.854586,10.5884,0.0803768,0.0265278,0.144071,80.4886,3.57625
0,5.98535,0.622521,-0.78825,0.00855833,0.000403671,0.000303271,0.000100399,0.936585,25.1035,0.00380812,0.000513816,0.144071,1.34345,2.97187
0,27.0195586,0.569107139,-1.57528895,0.0203429406,0.90868371,0.68693843,0.221745281,0.201534994,2.0965125,7.88564128,0,0.144070667,12812.5605,6.71745272
0,7.9354695,0.5396892214695,-1.554423100184,0.02410360255291,0.2681471258983,0.01264949524112,0.2554976306572,-4.259503370454e-05,15.93392223959,0.1377025906946,0,0.1440706666667,-352414415.3346,-68432.10589344
0,24.6350971,0.6541305895,-1.711791219,0.02206436434,0.6738980718,0.5480125839,0.1258854878,0.5863868712,8.605438232,7.230696959,0,0.1440706667,104363.3993,24.73941464
0,11.50431,0.9266407,-1.413978,0.009484529,0.3449941,0.1198457,0.2251484,6.371496,24.48565,2.240057,0,0.1440707,596.067,4.026264
0,20.2313544,0.6603338685,-1.8078472,0.02443582931,0.5379141599,0.11779577,0.4201183899,0.9363582612,12.30952797,1.568983725,0,0.1440706667,321071.6047,66.97443051
0,52.58926,0.8213431,-1.173698,0.01016947,0.03629884,0.03371737,0.002581464,0.9275764,31.93171,0.5586033,0.06110851,0.1440707,243.8427,3.671661
0,33.339901,0.3879194,-1.340214,0.022812372,0.099672578,0.079262096,0.020410482,0.83809843,14.089551,0.62020066,0.23127475,0.14407067,1010.9696,4.0602137
2,22.6333786,0.628848445,-1.60348165,0.0209748872,-1.58639282,-2.58168526,0.995292444,-3.22685704,65.6138684,-32.7472215,0,0.144070667,-35972.9719,-5.40910249
1,0.23356,0.51485,-1.9632,0.022144,,,,,,,,,,
0,42.04935,0.4151618,-1.30145,0.023899,0.06773286,0.05826363,0.009469232,0.8646611,15.61395,0.4879104,0.1341772,0.1440707,660.0286,3.931395
1,0.28455,0.6239,-1.9265,0.022616,,,,,,,,,,
0,5.43599,0.486491,-0.686539,0.0100097,0.000147192,7.024e-05,7.69521e-05,0.920494,19.623,0.000689262,0.000118955,0.144071,0.289328,2.79106
0,33.5517,0.843033,-1.05043,0.0115978,0.00679561,0.00641779,0.000377817,0.948163,33.7784,0.109133,0.0110001,0.144071,51.8042,3.43151
0,5.6668,0.22008,-0.52778,0.017311,3.9073e-05,5.2859e-06,3.3787e-05,0.83983,8.878,2.3465e-05,8.9502e-06,0.14407,0.018669,2.4914
0,4.88209,0.669163,-0.613904,0.0119049,8.97534e-05,2.32345e-05,6.65189e-05,0.940929,26.9928,0.00031361,3.93454e-05,0.144071,0.153161,2.68571
0,5.7249,0.22024,-0.75125,0.014982,0.00014813,0.00010774,4.0388e-05,0.83986,8.8835,0.00047864,0.00018248,0.14407,0.32961,2.8625
0,43.61666,0.9065941,-1.229341,0.008605019,0.08777544,0.07470051,0.01307493,0.8970739,33.36336,1.366034,0.1475874,0.1440707,538.369,3.825192
0,10.2623,0.431204,-1.03515,0.0210773,0.00301711,0.00291041,0.000106709,0.909399,17.3431,0.0253141,0.00497417,0.144071,22.79,3.3684
0,4.98871,0.484879,-0.55445,0.0102684,8.57256e-05,1.2552e-05,7.31736e-05,0.92029,19.5592,0.000122764,2.12549e-05,0.144071,0.0528717,2.57159
0,6.12863,0.694383,-0.846981,0.0104133,0.000624208,0.000529711,9.44965e-05,0.942605,27.9952,0.00741931,0.000897927,0.144071,3.16533,3.07499
0,6.14084,0.455007,-0.898962,0.0139655,0.000841432,0.000769455,7.19771e-05,0.915023,18.3404,0.00706198,0.00130539,0.144071,4.16496,3.14127
0,5.28564,0.616868,-0.672374,0.0136177,0.000101342,4.30431e-05,5.82991e-05,0.936237,24.883,0.000535576,7.28932e-05,0.144071,0.300709,2.77888
1,0.4262,0.93995,-1.7905,0.016103,,,,,,,,,,
0,48.048091,0.93266176,-1.3271708,0.013555024,0.16693729,0.11577661,0.051160681,0.84316636,31.344188,2.1780617,0.32918333,0.14407067,1890.6852,4.250164
0,11.1986,0.215865,-1.04627,0.0231446,0.172526,0.00252971,0.169996,0.807506,7.20596,0.0110149,0.00522484,0.144071,12.3,3.34579
0,6.01762,0.55972,-0.751955,0.0109393,0.000223168,0.000148889,7.42793e-05,0.93011,22.5751,0.00168097,0.000252197,0.144071,0.763242,2.90641
0,2.954249,0.632233671789,-1.88445370642,0.0234304929679,0.771475088435,0.75841956813,0.0130555203044,-0.00463440527997,5.82862799203,9.67191168399,0,0.144070666667,-82171292.2675,-15954.871727
0,45.128422,0.29352727,-1.4610919,0.023162934,0.25026696,0.25026584,1.1216737e-06,0.71086139,8.8779004,1.4817509,1.0760094,0.14407067,3547.9076,4.7382318
0,6.14773,0.24975,-0.893818,0.0187538,0.000577367,0.00053647,4.08966e-05,0.855788,10.0695,0.00270256,0.000909941,0.144071,2.28866,3.10499
0,5.62487,0.691363,-0.707499,0.0100704,0.000172522,9.13831e-05,8.11386e-05,0.942662,27.886,0.00127438,0.00015477,0.144071,0.525534,2.84273
0,17.508924,0.5579456253,-1.839988748,0.02494785179,0.4828630253,0.3533417512,0.1295212741,1.186265743,11.6399907,3.97660088,0,0.1440706667,362137.1464,74.98701823
0,6.15052,0.432371,-0.881953,0.0147671,0.000648477,0.000585104,6.33731e-05,0.911117,17.4313,0.00510287,0.000992246,0.144071,3.19528,3.11045
0,6.48043,0.26748,-0.972262,0.0143349,0.001991,0.0019166,7.43974e-05,0.863162,10.7692,0.0103407,0.00326063,0.144071,6.64697,3.23907
0,6.21355,0.673847,-0.754884,0.00951255,0.000266167,0.000177777,8.83905e-05,0.941201,27.177,0.00241636,0.000301139,0.144071,0.942802,2.92023
0,6.17979,0.594013,-0.808696,0.0107876,0.000394005,0.000312831,8.11737e-05,0.933761,23.9541,0.00374827,0.000530068,0.144071,1.672,3.00362
2,20.756844,0.53840213,-1.5317011,0.022262297,0.28500609,-0.029601004,0.31460709,1.3219534,15.529743,-0.32146847,0,0.14407067,8265.7906,5.7684349
0,8.479347,0.4053536,-1.168696,0.02193534,0.01537509,0.01491732,0.0004577688,0.8964527,16.10127,0.1219692,0.02656733,0.1440707,119.306,3.605746
0,5.36034,0.535017,-0.706153,0.0110688,0.000153007,8.17161e-05,7.1291e-05,0.927169,21.5802,0.000881862,0.000138396,0.144071,0.406404,2.82815
2,24.8487654,0.698940701,-1.60741783,0.0233731687,-0.920065704,-0.99085265,0.070786946,3.91049638,54.1391693,-13.9692978,0,0.144070667,25763.0844,9.30025471
0,34.1425,0.346676,-1.12014,0.0235374,0.00783545,0.00764004,0.000195414,0.887113,13.8759,0.053425,0.0132701,0.144071,55.6871,3.50569
0,38.4085,0.2289113,-1.29307,0.01978514,0.071437,0.06898037,0.002456634,0.8010726,8.574994,0.3185062,0.1455355,0.1440707,351.3235,3.830668
2,15.0426975,0.8351786994,-1.6253595198,0.018874791929,-36.754583332,-44.707858926,7.9532755944,-0.54675593297,1272.0502195,-753.16208978,0,0.14407066667,-5451495.5635,-1057.2518205
2,23.61154,0.587636293,-1.72132281,0.0211582992,0.68973,-0.343454306,1.03318431,0.763154574,7.35535371,-4.07101541,0,0.144070667,77467.9316,19.5109701
0,5.1533,0.530816,-0.699711,0.0107366,0.000150697,7.75549e-05,7.31423e-05,0.926637,21.4108,0.000830383,0.000131347,0.144071,0.371404,2.81708
0,6.61757,0.411844,-0.971764,0.0165955,0.00172669,0.00164527,8.14157e-05,0.906435,16.5858,0.0136677,0.00279854,0.144071,9.68636,3.25851
0,18.0322549,0.659667573,-1.61456978,0.0197059533,0.336713062,0.0755456488,0.261167413,1.58742758,17.6515053,1.00521685,0,0.144070667,22683.1172,8.7027849
0,33.98644,0.2828211,-1.353936,0.02135043,0.1181112,0.09740728,0.02070396,0.7960244,10.06192,0.5556847,0.2947417,0.1440707,906.6507,4.048083
0,0.4197933,0.7922753470754633,-1.790234777937128,0.01664872147992709,0,0,0,-3.435369823196706e-06,31.96180580807464,0,0,0.1440706666666666,-181221789663.0828,-35190329.93567957
0,49.13654,0.7656717,-1.196475,0.01254091,0.03915902,0.03604783,0.003111195,0.9223465,29.679,0.5567329,0.06639377,0.1440707,305.3859,3.717952
0,6.58855,0.658233,-0.952386,0.00998514,0.002286,0.00213283,0.00015316,0.938593,26.4936,0.028318,0.00362631,0.144071,11.6498,3.24899
0,49.42714,0.7725185,-1.189342,0.0103721,0.04311946,0.03990909,0.00321037,0.9201658,29.82097,0.6218789,0.07324869,0.1440707,280.6465,3.701674
1,0.50369,0.72492,-1.96,0.02239,,,,,,,,,,
2,10.632249,0.8613591504,-1.883156056,0.01757657445,0.6507100681,-0.2269151059,0.877625174,1.34145618,12.13739554,-3.942510423,0,0.1440706667,581377.1163,117.6273534
0,17.4408449,0.566403968,-1.663451,0.0232716286,0.410365925,0.0704061831,0.339959742,1.3286779,13.4729912,0.804381843,0,0.144070667,38756.1391,11.9003101
0,5.51911,0.561046,-0.716846,0.0133173,0.00013766,7.79179e-05,5.97418e-05,0.930318,22.6305,0.000881781,0.000131964,0.144071,0.487273,2.84819
1,0.24632,0.93703,-1.9859,0.015562,,,,,,,,,,
0,17.5456,0.290813,-1.16305,0.0248899,0.0125617,0.0122948,0.000266939,0.866118,11.5846,0.0721206,0.0217755,0.144071,82.6288,3.5741
0,4.82462,0.581207,-0.518167,0.0124181,6.86166e-05,6.51268e-06,6.2104e-05,0.932614,23.4453,7.63512e-05,1.10281e-05,0.144071,0.0392418,2.51999
0,5.7597,0.415824,-0.72465,0.0151741,0.000125138,7.55933e-05,4.95451e-05,0.90825,16.773,0.000634043,0.000128027,0.144071,0.408931,2.84697
0,18.6694089,0.565883681,-1.65735015,0.0233775381,0.174615693,0.14319688,0.0314188132,1.87145236,18.8425008,1.63450366,0,0.144070667,35581.369,11.2733289
0,18.2034167,0.71246987,-1.58597192,0.020992887,0.136720138,0.0834726607,0.0532474773,2.47794071,24.8126574,1.19959854,0,0.144070667,14147.0428,6.99236147
2,1.4113849,0.9761470435380448,-1.958906101395798,0.01705735027269467,-26159.90493153101,-27500.21936074928,1340.31442921827,-0.00129614459254389,1030203.858167539,-541472.7082271376,0,0.1440706666666666,-135128252342597.6,-26239713907.17475
0,25.6674733,0.712073901,-1.786072057,0.0203790427,0.7162013907,0.4303755145,0.2858258761,0.5940238617,8.152494179,6.181555797,0,0.1440706667,253406.468,53.80102315
0,39.805547,0.37403525,-1.3899445,0.021064782,0.16374865,0.11741627,0.046332379,0.7923587,12.618407,0.88586185,0.47441749,0.14407067,1814.0017,4.2959195
0,54.53897,0.8424154,-1.188497,0.01170097,0.03835819,0.03511812,0.003240063,0.9273097,32.68096,0.5967367,0.06422896,0.1440707,301.8979,3.708707
0,31.33928,0.8857843,-1.211513,0.01267264,0.04819224,0.04244501,0.005747232,0.9228196,34.01202,0.7583677,0.07970378,0.1440707,424.3254,3.772987
2,13.2411439,0.8675294261,-1.519934857,0.01630657501,0.28153536,-0.02752876352,0.3090641235,-0.05872919646,25.1446028,-0.4817215669,0,0.1440706667,-258994.0943,-48.90116327
0,10.0536686,0.98689521083,-1.4361406217,0.0091109735571,0.54486850881,0.38440477823,0.16046373058,-0.0010490142073,18.120204453,7.6521766887,0,0.14407066667,-3561551.7943,-690.42275393
0,87.8843668,0.909797882,-1.48701523,0.00858458329,0.691115623,0.442237216,0.248878408,0.399999671,11.3369447,8.11568868,4.05044043,0.144070667,11232.9853,6.31569068
0,4.93019,0.469701,-0.578859,0.0138727,6.6664e-05,1.2712e-05,5.3952e-05,0.917939,18.9473,0.000120437,2.15258e-05,0.144071,0.0702573,2.61061
2,9.4976519,0.6671520106,-1.67314506,0.02370367382,0.08122200745,-0.0004002535218,0.08162226097,-0.107877012,24.72808867,-0.005386232941,0,0.1440706667,-992283.1102,-191.2097981
0,4.99822,0.531762,-0.612964,0.0113975,9.15666e-05,2.39775e-05,6.75891e-05,0.926795,21.4503,0.000257185,4.06034e-05,0.144071,0.122084,2.67312
0,53.0323,0.9308148,-1.172897,0.008872473,0.04161235,0.03813747,0.003474881,0.9294086,35.98816,0.716045,0.06932449,0.1440707,271.4699,3.68174
2,15.4548878,0.729946435129027,-1.56611140208367,0.0228440963650379,-3256.12880516184,-4256.57964992663,1000.4508447648,-0.00787025351801075,95913.7986343558,-62672.4866955137,0,0.144070666666667,-13340891912.3305,-2590583.849616
0,5.13677,0.509168,-0.606633,0.00869314,0.000116538,2.89813e-05,8.75568e-05,0.923781,20.5383,0.000297649,4.90773e-05,0.144071,0.108116,2.66054
2,27.0473123,0.474719899,-1.68762928,0.0195285398,0.129297873,-0.329383407,0.45868128,1.38411267,16.6748605,-3.15401914,0,0.144070667,62815.113,16.6211637
0,6.1396,0.700777,-0.880479,0.0106702,0.000897157,0.000794457,0.0001027,0.94292,28.2452,0.0112299,0.00134746,0.144071,4.90906,3.13137
0,46.10747,0.8343583,-1.244952,0.01266416,0.07241803,0.06052129,0.01189674,0.9039895,31.22195,1.018558,0.1225488,0.1440707,610.9695,3.861401
0,1.4331697,0.694897535,-1.81758785,0.020542135,0.208815789,0.0189215543,0.189894235,9.95495834,22.1795918,0.26521785,0,0.144070667,61667.217,16.5272718
0,12.2385799,0.554761798,-1.73580148,0.0197528994,0.16254428,0.11150887,0.0510354102,1.88431386,18.7423294,1.24778894,0,0.144070667,96287.4572,23.1910696
0,5.08769,0.575605,-0.613374,0.0100898,0.00010413,2.72281e-05,7.6902e-05,0.93198,23.2185,0.000316131,4.61084e-05,0.144071,0.132107,2.67758
0,26.8230702,0.6478285718,-1.874459272,0.01945475996,0.8417789085,0.6030243797,0.2387545288,0.3321067662,4.135039292,7.879889715,0,0.1440706667,715478.0177,143.6695401
0,6.49798,0.394738,-0.965935,0.0155756,0.0017088,0.00162686,8.19311e-05,0.902826,15.8972,0.0129534,0.00276667,0.144071,8.64882,3.24666
2,19.0355678,0.974597524,-1.62293609,0.0142519025,-0.536173529,-0.586368233,0.0501947038,3.29920833,60.3977482,-11.5271225,0,0.144070667,41581.191,12.4119897
0,76.021164,0.87205754,-1.4412639,0.0095594594,0.52431047,0.33582767,0.18848279,0.55807146,16.73493,5.9072696,2.0210016,0.14407067,6603.4577,5.3436627
0,21.002656,0.9951243,-1.3853809,0.010078898,0.031919357,0.026621079,0.0052982779,2.2074002,38.86369,0.53435288,0,0.14407067,1891.2981,4.3085097
0,0.441801,0.7686221165106364,-1.790254835181147,0.01596608454904556,0,0,0,-1.802518825480714e-60,31.00759214380091,0,0,0.1440706666666666,-3.351604191771209e+65,-6.508271482848003e+61
0,12.77679,0.9703607,-1.106847,0.01368683,0.01181484,0.01105802,0.0007568255,0.9508203,38.68358,0.216439,0.0192385,0.1440707,122.1068,3.545633
0,6.12004,0.348121,-0.66329,0.0178484,6.89838e-05,2.9225e-05,3.97588e-05,0.892376,14.0429,0.000205216,4.94902e-05,0.144071,0.158439,2.73684
0,3.1298656,0.60094614,-1.5908526,0.019812267,0.25993176,0.1473555,0.11257626,6.9196676,17.941654,1.7861876,0,0.14407067,3900.2026,4.9412669
0,85.495606,0.74928499,-1.2957315,0.013884397,0.11245323,0.086260905,0.026192326,0.87195039,26.828318,1.3037257,0.21459953,0.14407067,1044.9482,4.0240279
1,0.23344,0.7592,-1.8414,0.019034,,,,,,,,,,
0,6.60026,0.467631,-0.657228,0.00939322,0.000131855,5.13697e-05,8.04851e-05,0.917565,18.8626,0.000484546,8.69934e-05,0.144071,0.191471,2.74052
0,56.336876,0.87694651,-1.2935707,0.01123558,0.13664944,0.10224648,0.034402952,0.86225454,30.543264,1.8086172,0.25793264,0.14407067,1170.0895,4.0519795
0,8.0550122,0.852679031,-1.58765827,0.0161819729,0.227166525,0.224565209,0.0026013165,-0.486934636,26.5843885,3.86236423,0,0.144070667,-78821.8341,-13.7857852
0,6.26018,0.692053,-0.722726,0.0109021,0.000178612,0.000102643,7.59685e-05,0.942712,27.9137,0.00143283,0.000173847,0.144071,0.639664,2.86808
0,25.29643,0.87682664,-1.4170549,0.0083545983,0.097473519,0.038360224,0.059113295,1.9490232,31.924849,0.67845342,0,0.14407067,2643.0201,4.5033515
2,11.5473558,0.740734860499,-1.872964686314,0.01833357248336,-0.08601282555975,-0.671387682672,0.5853748571122,-0.003287473658299,32.45285462102,-10.03139481749,0,0.1440706666667,-556477406.3725,-108057.5323978
0,14.56471,0.9903122,-1.094302,0.01068029,0.01292047,0.01209644,0.0008240253,0.9508944,39.43478,0.2416323,0.020985,0.1440707,105.9441,3.522654
0,5.13453,0.565794,-0.682387,0.0103525,0.000140287,6.43885e-05,7.58981e-05,0.93086,22.8219,0.000734838,0.000109045,0.144071,0.315467,2.79136
0,5.32843,0.495655,-0.626759,0.012298,8.82961e-05,2.65298e-05,6.17663e-05,0.921885,19.9938,0.00026524,4.49257e-05,0.144071,0.13658,2.69268
0,0.4279265,0.6998882196678862,-1.764286886374161,0.02044018687782709,0,0,0,-2.406397832919381e-57,28.2347436998483,0,0,0.1440706666666666,-1.637646336304288e+62,-3.180043447769765e+58
2,1.3929963,0.920059877,-1.89383946,0.0170165968,0.540287592,-0.091083496,0.631371088,20.8464917,17.0630822,-1.6903668,0,0.144070667,60329.5667,16.3426466
2,20.038779,0.31985608,-1.4930572,0.021167883,0.83577861,-0.29354123,1.1293198,0.24900999,2.1190416,-1.8938644,0,0.14407067,3644.9074,4.7904189
0,7.37384,0.207964,-1.04798,0.0200106,0.00375951,0.00360604,0.000153463,0.829868,8.35808,0.0151267,0.00617794,0.144071,14.1918,3.35523
0,9.7329073,0.98441517509,-1.56165907554,0.0159404125368,0.0774092523578,0.00507647442594,0.0723327779318,-0.00118332125946,36.638911342,0.100801193214,0,0.144070666667,-32010711.5339,-6214.77524799
2,24.1630819,0.9013055078096,-1.659786136865,0.01502392038226,-2.566381912073,-8.462582190713,5.89620027864,-0.001060252562264,129.6746366164,-153.850919149,0,0.1440706666667,-445961776.5477,-86597.39220191
0,6.20825,0.652879,-0.803731,0.0113224,0.000357997,0.000279651,7.83454e-05,0.939373,26.3289,0.00368277,0.000473826,0.144071,1.71391,2.99994
0,6.29234,0.388642,-0.916209,0.0162749,0.000885363,0.00082369,6.16723e-05,0.901985,15.6646,0.00645712,0.00139796,0.144071,4.50371,3.1626
0,5.72261,0.447865,-0.633156,0.0184951,5.9485e-05,1.91514e-05,4.03336e-05,0.914288,18.0666,0.00017301,3.24306e-05,0.144071,0.135096,2.69851
0,4.93957,0.583918,-0.601045,0.0111535,9.06379e-05,2.10241e-05,6.96138e-05,0.932891,23.5542,0.000247625,3.5602e-05,0.144071,0.114277,2.6578
0,6.2881,0.272169,-0.977498,0.0152091,0.00200447,0.00193161,7.28591e-05,0.865176,10.9578,0.0106043,0.00328705,0.144071,7.21711,3.24864
2,34.153006,0.44531516,-1.4691231,0.019586256,-0.037219705,-1.5828027,1.545583,1.6135113,18.633456,-14.217375,0,0.14407067,3637.2235,4.7648842
0,0.4854838,0.5714372191943782,-1.978747479347967,0.02316305254911372,0,0,0,-8.326315184285422e-180,23.05280039170177,0,0,0.1440706666666666,-6.073392308838617e+185,-1.179354234751507e+182
0,15.544684,0.4930093,-1.5001828,0.022315111,0.4203996,0.046946345,0.37345326,1.2690049,11.527601,0.46685505,0,0.14407067,4263.724,4.925766
2,40.9581885,0.9606734007286,-1.657496043426,0.01849235856551,-11.62483912451,-11.81754772069,0.1927085961821,-0.006842201337434,489.2792352371,-228.9962135015,0,0.1440706666667,-253184841.9526,-49163.212855
0,5.90234,0.308558,-0.828804,0.0175058,0.000292273,0.000249572,4.2701e-05,0.880095,12.4441,0.00155331,0.000422907,0.144071,1.19316,3.0063
0,47.3445,0.985682,-1.02358,0.0135786,0.00416952,0.00389737,0.000272149,0.956443,39.5984,0.0774878,0.0066549,0.144071,42.6433,3.39288
0,6.92087,0.447597,-1.00784,0.0195907,0.00230277,0.00220961,9.31576e-05,0.912818,18.0153,0.0199493,0.00376796,0.144071,16.6054,3.32362
2,14.18214,0.5373875411,-1.876192807,0.0248149244,0.2974435462,-0.04672816068,0.3441717069,2.283059525,15.23084461,-0.5065139963,0,0.1440706667,391986.9099,80.82363175
0,32.41105,0.9686384,-1.130652,0.008925789,0.02434008,0.02267543,0.001664646,0.9425035,38.12548,0.4430395,0.0400516,0.1440707,164.83,3.59315
0,45.595798,0.20745036,-1.4970369,0.02307341,0.31848481,0.3184838,1.011957e-06,0.62623549,5.7035454,1.3326826,1.7140176,0.14407067,4105.5524,4.8899634
0,25.687,0.388719,-1.09362,0.0208714,0.00634934,0.00617015,0.000179191,0.898559,15.5821,0.048379,0.0106453,0.144071,43.9161,3.46468
0,4.93264,0.541862,-0.594447,0.0114781,8.59337e-05,1.87696e-05,6.71641e-05,0.928064,21.8578,0.000205149,3.1784e-05,0.144071,0.0979367,2.64327
0,6.13038,0.454508,-0.827737,0.0151053,0.000341213,0.000285283,5.59298e-05,0.915255,18.3294,0.00261543,0.00048344,0.144071,1.66693,3.0225
0,0.4336786,0.7698932199409159,-1.892676435916577,0.01703615387375869,0,0,0,-6.750846881025091e-07,31.0588707316688,0,0,0.1440706666666666,-3340759745473.705,-648721331.8615513
0,5.03322,0.373914,-0.527694,0.014892,5.38824e-05,6.13783e-06,4.77445e-05,0.899057,15.0836,4.62926e-05,1.03932e-05,0.144071,0.0295975,2.51502
0,20.6711,0.971723,-1.00304,0.0123609,0.0035328,0.00329382,0.000238979,0.956298,39.0625,0.0645605,0.00561469,0.144071,32.3132,3.35608
0,6.20246,0.481928,-0.83713,0.0117463,0.000488159,0.000413843,7.43168e-05,0.919585,19.4323,0.00402293,0.000701403,0.144071,1.98445,3.04092
0,5.9486,0.23815,-0.83741,0.016066,0.00034574,0.00030371,4.2026e-05,0.84997,9.604,0.0014589,0.00051468,0.14407,1.065,3.009
0,6.72013,0.349486,-0.980643,0.0148727,0.00214386,0.00205626,8.75984e-05,0.891453,14.0687,0.0144955,0.00349992,0.144071,9.36357,3.26558
0,4.74714,0.730533,-0.570808,0.0112066,8.50888e-05,1.41901e-05,7.08987e-05,0.94562,29.4685,0.000209098,2.40291e-05,0.144071,0.0956511,2.61842
2,14.7300661,0.578501751,-1.64649448,0.0225618502,0.126478326,-0.0667489756,0.193227301,2.10865342,20.3860709,-0.778886997,0,0.144070667,29718.951,10.1148361
0,7.5871495,0.6271292834787,-1.568652740306,0.01970687939642,0.04588245222364,0.008360218201425,0.03752223402222,-0.0001878516527086,24.13871403893,0.1057547452814,0,0.1440706666667,-145334366.9868,-28220.46100477
0,52.828086,0.37065476,-1.4184887,0.024770357,0.17693138,0.11949951,0.057431877,0.78025333,12.307243,0.89343068,0.58212691,0.14407067,2592.4622,4.4939754
0,46.7642,0.886979,-1.03782,0.0121455,0.00554811,0.00522153,0.000326585,0.951213,35.5838,0.0934191,0.00893285,0.144071,46.2611,3.41201
0,6.16032,0.481071,-0.927252,0.0129248,0.00128373,0.00119472,8.90087e-05,0.918948,19.3824,0.0115931,0.00202855,0.144071,6.30324,3.19126
2,6.6927015,0.590431043,-1.6474446,0.0199840436,0.0531738567,-0.00940157076,0.0625754275,6.19872314,22.5524947,-0.11196822,0,0.144070667,11321.3365,6.49367898
0,38.720034,0.44496336,-1.3937374,0.024031064,0.14830763,0.10263485,0.045672782,0.81590105,15.288405,0.92117948,0.43661979,0.14407067,2240.9823,4.3934863
0,20.0039,0.27467,-1.116,0.0238492,0.007303,0.00715253,0.000150469,0.862966,10.9998,0.0396274,0.0124187,0.144071,43.0307,3.48584
1,0.23613,0.6757,-1.9883,0.022879,,,,,,,,,,
0,5.31413,0.297256,-0.523282,0.0181552,4.13914e-05,4.7573e-06,3.66341e-05,0.876262,11.9914,2.85244e-05,8.05541e-06,0.144071,0.0228118,2.49722
0,28.73563,0.2333759,-1.230071,0.02498298,0.02789687,0.02734574,0.00055113,0.8305804,9.152158,0.1287274,0.05131322,0.1440707,161.0099,3.690623
0,6.21695,0.342682,-0.912036,0.0146006,0.000934479,0.000870297,6.41818e-05,0.890314,13.8115,0.00601567,0.00147693,0.144071,3.81299,3.14974
0,23.1519292,0.91971346,-1.6180026,0.0148245652,0.420175263,0.334964424,0.0852108396,1.07529574,21.5131719,6.21407365,0,0.144070667,42652.1839,12.6163323
0,51.86975,0.883266,-1.253544,0.01285847,0.07966876,0.06446095,0.01520782,0.9016098,32.79373,1.148453,0.1347794,0.1440707,718.4929,3.899202
2,42.8996214,0.9596003803,-1.453402814,0.008373611647,0.04270380306,-0.1656457823,0.2083495853,-0.04346113152,37.05884768,-3.206239529,0,0.1440706667,-219454.5683,-41.28124893
1,0.23953,0.89598,-1.9134,0.014144,,,,,,,,,,
1,0.3578,0.49498,-1.9205,0.021204,,,,,,,,,,
0,14.3953034,0.954187664,-1.61877565,0.0170317491,0.0717885318,0.0717869157,1.61611043e-06,-0.849195105,35.7302367,1.38166979,0,0.144070667,-90595.2809,-16.0480332
0,5.5691,0.459983,-0.634323,0.0139991,7.92881e-05,2.56841e-05,5.3604e-05,0.916344,18.5551,0.000238305,4.34936e-05,0.144071,0.14053,2.70171
0,0.747646,0.649948679,-1.78587582,0.021601871,0.261046812,0.00758839665,0.253458415,-5.90653029,19.3754215,0.0994842338,0,0.144070667,-60416.4387,-9.99987441
0,21.1686903,0.492923183,-1.69801996,0.0211512964,0.880137,0.766796135,0.113340865,0.210273367,2.38352414,7.62402531,0,0.144070667,67541.7835,17.5531249
0,9.85329,0.412137,-1.03143,0.0215423,0.00281392,0.00271596,9.79588e-05,0.905808,16.5796,0.0225783,0.00463929,0.144071,20.8506,3.35973
0,14.5108,0.283195,-0.648393,0.0162691,6.72241e-05,2.64792e-05,4.07449e-05,0.870896,11.4238,0.000151257,4.48381e-05,0.144071,0.109067,2.70275
1,0.33114,0.64901,-1.9047,0.022969,,,,,,,,,,
0,41.87009,0.2803227,-1.316713,0.01964123,0.0928704,0.08433169,0.008538716,0.8112881,10.25847,0.4768417,0.1986236,0.1440707,562.2695,3.919437
0,42.51918,0.4131209,-1.299089,0.02453498,0.06421661,0.05559889,0.008617728,0.8665109,15.5958,0.4633065,0.126794,0.1440707,638.1979,3.923066
1,0.24723,0.85482,-1.9231,0.019218,,,,,,,,,,
0,6.62365,0.378837,-0.854675,0.0146649,0.00237815,0.000414435,0.00196372,0.899793,15.2466,0.0031669,0.000703825,0.144071,1.99349,3.0587
1,0.24469,0.59976,-1.9974,0.022619,,,,,,,,,,
0,6.26933,0.662041,-0.736476,0.0129953,0.000166372,0.000102741,6.36311e-05,0.940283,26.7035,0.001372,0.000174017,0.144071,0.732024,2.88878
0,34.31497,0.9576273,-1.134171,0.009682666,0.02345774,0.02184904,0.001608693,0.9426305,37.72617,0.4220405,0.03862816,0.1440707,170.623,3.599569
0,55.04366,0.30422026,-1.4834665,0.020703774,0.34841939,0.23697255,0.11144684,0.64199499,7.9967119,1.4541571,1.6046327,0.14407067,4716.7438,5.0022072
0,24.71516,0.3139028,-1.225112,0.02340524,0.02818428,0.02739998,0.0007843008,0.8644543,12.30649,0.1734884,0.05139182,0.1440707,195.1806,3.702188
0,4.89012,0.532697,-0.547179,0.0132956,6.61959e-05,8.82967e-06,5.73662e-05,0.92693,21.4885,9.48746e-05,1.49516e-05,0.144071,0.0525283,2.56398
0,24.8792,0.270695,-1.1773,0.0217743,0.01708,0.0167357,0.00034428,0.85525,10.7338,0.0913798,0.02989,0.144071,93.1038,3.59652
0,33.027697,0.9203052176,-1.356840471,0.01188618778,0.8280462801,0.810734603,0.0173116771,-0.004405781321,6.384084485,15.04997451,0,0.1440706667,-107885.1416,-19.67635346
0,11.89958,0.80841079,-1.4976619,0.013423888,0.13289342,0.00090774689,0.13198568,9.9789714,28.27872,0.014802056,0,0.14407067,1287.7289,4.2838368
0,5.17685,0.341812,-0.546902,0.0154157,5.27668e-05,7.58842e-06,4.51784e-05,0.890617,13.7886,5.23195e-05,1.28494e-05,0.144071,0.0349554,2.54278
2,29.993827,0.756787882,-1.54320722,0.0165558284,-0.0959824133,-0.140272225,0.0442898116,2.12415634,33.4605381,-2.14126799,0,0.144070667,12848.9957,6.69259202
0,0.4404392,0.5859650663827,-1.842574518826,0.02333525120486,0,0,0,-0.001734669076786,23.63887975459,0,0,0.1440706666667,-519920888.3553,-100958.8766923
0,4.8542,0.572833,-0.599252,0.0102402,9.79695e-05,2.23776e-05,7.55919e-05,0.931677,23.1068,0.000258563,3.78941e-05,0.144071,0.109697,2.6539
0,5.51746,0.280438,-0.72984,0.0185686,0.000102108,6.60348e-05,3.60732e-05,0.869771,11.3122,0.000373538,0.000111836,0.144071,0.307852,2.83755
0,40.375486,0.88752378,-1.2980272,0.012098158,0.13448389,0.099263423,0.035220463,0.86413154,30.989197,1.7770286,0.25365453,0.14407067,1254.3816,4.0763784
2,26.043658,0.51180565,-1.5613425,0.023604552,-3.2188241,-3.2644939,0.04566972,9.8743299,87.10672,-33.701257,0,0.14407067,9083.0873,5.9616269
0,42.59404,0.216638,-1.327604,0.02081716,0.09509756,0.08869007,0.006407497,0.7792701,7.908453,0.3875563,0.2155428,0.1440707,519.0343,3.917821
0,6.90366,0.250438,-1.02421,0.0226961,0.00241312,0.00235058,6.25409e-05,0.855006,10.0787,0.0118741,0.0040138,0.144071,12.24,3.32348
0,9.97498,0.273203,-1.06952,0.0214858,0.00455034,0.00441849,0.000131852,0.864061,10.9713,0.0243492,0.00758764,0.144071,23.5945,3.40471
0,6.11566,0.400844,-0.919986,0.0147963,0.00102062,0.00095088,6.97439e-05,0.904585,16.1543,0.00768824,0.00161409,0.144071,4.86134,3.17037
0,18.46254,0.3458474,-1.197379,0.0196578,0.02410595,0.02344953,0.0006564173,0.8766499,13.61577,0.1635851,0.04285174,0.1440707,149.1272,3.651684
0,16.6747573,0.731152453,-1.69921934,0.022290154,0.861680879,0.808697666,0.052983213,0.298318765,4.07986063,11.9266727,0,0.144070667,82754.7055,20.5188644
0,4.92043,0.568497,-0.535005,0.0130962,6.64392e-05,7.66649e-06,5.87727e-05,0.931213,22.9327,8.79124e-05,1.29819e-05,0.144071,0.0477229,2.54688
0,24.46,0.292206,-1.10916,0.0243382,0.00658263,0.00643843,0.000144197,0.870346,11.7105,0.0379485,0.0111452,0.144071,41.6004,3.47699
0,19.1626425,0.988496773,-1.58277909,0.0166049672,0.36075832,0.0985348527,0.262223468,1.30116843,25.4915067,1.9646731,0,0.144070667,26566.4964,9.43320341
0,47.394094,0.23539519,-1.3831304,0.024250273,0.13065607,0.10326187,0.027394204,0.76642121,8.2555191,0.49030096,0.37756242,0.14407067,1124.1379,4.1305575
0,32.252926,0.98268782,-1.3362225,0.011209962,0.21606559,0.14754299,0.068522598,0.81131901,31.077814,2.9245518,0.44712415,0.14407067,2188.4085,4.3245426
0,22.077142,0.60122189,-1.6567418,0.023202772,0.50518134,0.29633385,0.20884749,24.180507,12.001513,3.593695,0,0.14407067,1740.3639,4.5462882
0,31.88877,0.757573,-1.225168,0.009729801,0.07220769,0.06426463,0.007943068,0.8995908,28.35505,0.982023,0.1237139,0.1440707,432.4594,3.789198
0,16.561544,0.68393245,-1.542461,0.023849838,0.985427,0.79156142,0.19386558,-0.094788069,0.40208443,10.920009,0,0.14407067,-3427.0753,0.9705652
0,6.14238,0.584289,-0.83085,0.00867104,0.000621761,0.000517166,0.000104595,0.93259,23.5566,0.00609513,0.000876535,0.144071,2.18826,3.0397
2,13.3661078,0.722601234,-1.58182925,0.0225659814,0.0479736654,-0.0130614809,0.0610351463,2.62975382,27.7525457,-0.190377793,0,0.144070667,14137.1344,6.98625875
2,29.25078,0.64648864,-1.5449662,0.020498224,-0.041515981,-0.048067799,0.0065518177,3.366426,27.163267,-0.62681633,0,0.14407067,6732.0596,5.4733284
0,6.08264,0.626784,-0.827657,0.0107398,0.000486232,0.000400805,8.54274e-05,0.936935,25.2733,0.0050673,0.000679256,0.144071,2.24294,3.03779
0,34.435429,0.9991675,-1.3256757,0.012127237,0.19204571,0.13189594,0.060149769,0.82766709,32.567188,2.6582444,0.36094082,0.14407067,1963.1784,4.2646792
0,16.5175092,0.6624176434,-1.730224102,0.02153799478,0.1530399835,0.06881806414,0.08422191936,1.812201378,22.63340871,0.919516472,0,0.1440706667,112545.9333,26.35064133
0,5.57083,0.252839,-0.780582,0.0193066,0.000155927,0.000121852,3.40746e-05,0.857553,10.1984,0.000621445,0.000206403,0.144071,0.54017,2.91723
0,15.9899,0.255056,-1.13654,0.0204283,0.0110112,0.0108024,0.000208801,0.851965,10.1761,0.0555754,0.0188759,0.144071,52.4972,3.51844
0,38.792285,0.81638539,-1.3019512,0.011739166,0.14197283,0.10578105,0.036191778,0.85538552,28.258651,1.7419203,0.27492529,0.14407067,1215.2869,4.071084
2,8.4411139,0.44919058,-1.4992967,0.021327534,0.90570964,-0.049510552,0.95522019,0.32402745,1.7086499,-0.44859412,0,0.14407067,2447.0428,4.5435791
0,33.6297,0.938887,-1.04613,0.0125501,0.00597951,0.00561554,0.000363969,0.953317,37.6499,0.106348,0.00961843,0.144071,54.3396,3.43015
0,13.3069,0.759315,-1.10867,0.0112249,0.0147062,0.0137908,0.000915445,0.938182,30.1816,0.21122,0.0240151,0.144071,98.8458,3.53208
0,5.7552,0.22421,-0.59689,0.016956,4.8061e-05,1.3112e-05,3.4949e-05,0.84231,9.0444,5.9298e-05,2.2202e-05,0.14407,0.046075,2.607
0,44.47125,0.30192,-1.297107,0.02130068,0.0695821,0.06472492,0.004857182,0.8342064,11.33248,0.3941745,0.1423746,0.1440707,469.5857,3.872577
0,5.49708,0.661952,-0.711934,0.0094482,0.000189273,0.000103108,8.61652e-05,0.94026,26.6993,0.00137672,0.000174631,0.144071,0.534022,2.84799
0,34.33299,0.2180499,-1.23486,0.02329831,0.03160734,0.03101883,0.0005885068,0.8194397,8.518489,0.1364289,0.05851405,0.1440707,161.5353,3.69568
0,41.63142,0.8828342,-1.15343,0.01236104,0.02337072,0.02176386,0.001606865,0.9393149,34.78276,0.3875611,0.03875069,0.1440707,202.1737,3.633673
0,17.4253,0.963001,-1.08327,0.0111447,0.0107618,0.0101008,0.000660916,0.951212,38.4311,0.196205,0.0174543,0.144071,89.5807,3.49983
2,28.479036,0.44357773,-1.4634195,0.024175132,0.91089741,-0.31055304,1.2214504,0.16446753,1.594466,-2.7786298,0,0.14407067,2837.6976,4.5911711
1,0.17184,0.69054,-1.8589,0.021251,,,,,,,,,,
0,8.73886,0.371061,-1.04523,0.0249542,0.00288359,0.00279487,8.8721e-05,0.896583,14.9261,0.0209186,0.00478187,0.144071,22.643,3.37812
0,6.02983,0.633926,-0.894154,0.011404,0.000983604,0.000885842,9.77618e-05,0.937278,25.5485,0.0113271,0.00150286,0.144071,5.32488,3.14931
0,33.249399,0.97343342,-1.4029156,0.01022525,0.49996311,0.062976175,0.43698694,-0.26970769,19.636472,1.2365387,0,0.14407067,-9796.7838,-0.45984369
0,36.5835,0.3460362,-1.266681,0.02207408,0.04915128,0.0466046,0.002546674,0.8606757,13.27358,0.3252936,0.09294311,0.1440707,360.65,3.807437
0,5.71496,0.565418,-0.823282,0.0128232,0.00038657,0.000317368,6.92024e-05,0.930659,22.8012,0.00361958,0.000537808,0.144071,1.92587,3.02552
0,4.84418,0.519538,-0.598285,0.0116039,8.52366e-05,1.95044e-05,6.57322e-05,0.925207,20.9573,0.000204397,3.30283e-05,0.144071,0.098952,2.64764
0,13.9084,0.403815,-1.1361,0.0249518,0.00904915,0.00879205,0.000257095,0.900143,16.1432,0.071614,0.0153664,0.144071,78.3774,3.54362
1,0.27808,0.75246,-1.7601,0.016866,,,,,,,,,,
0,46.94956,0.8603921,-1.168406,0.01204234,0.02890748,0.02679103,0.002116451,0.9345353,33.70638,0.464955,0.04821327,0.1440707,238.6883,3.66427
0,5.72211,0.46979,-0.736858,0.00973966,0.000217541,0.000137757,7.9784e-05,0.917858,18.948,0.0013054,0.000233329,0.144071,0.534735,2.87299
0,5.91792,0.288011,-0.897796,0.0179303,0.000636808,0.000590481,4.63269e-05,0.872428,11.6115,0.00343037,0.00100163,0.144071,2.72451,3.11801
1,0.25942,0.92429,-1.8586,0.018419,,,,,,,,,,
2,16.462259,0.777679104,-1.58483251,0.014148524,-0.126417873,-0.217280102,0.0908622295,2.43094988,35.339071,-3.40836076,0,0.144070667,20239.8032,8.19273966
0,48.0581833,0.540653855,-1.5671242,0.0202605972,0.379398774,0.235408942,0.143989832,0.995958168,13.5358988,2.56724566,0,0.144070667,15072.6059,7.15649936
0,18.4155598,0.4848819354,-1.782092333,0.02278431483,0.1814718593,0.07202159375,0.1094502656,-0.4902170624,16.01123329,0.7044073883,0,0.1440706667,-573016.0411,-109.6577755
1,0.22183,0.88224,-1.8508,0.018,,,,,,,,,,
0,6.24199,0.459059,-0.973983,0.0139102,0.00212323,0.00201882,0.000104409,0.914892,18.4799,0.0186935,0.0034353,0.144071,11.0018,3.26753
0,48.722574,0.25880446,-1.4947007,0.022291372,0.31226843,0.31226721,1.2260595e-06,0.65466579,7.1803544,1.630134,1.7217007,0.14407067,4797.9755,5.0300926
0,42.02383,0.9658713,-1.232184,0.009763386,0.08154358,0.06786282,0.01368075,0.9038251,35.78763,1.322137,0.1349139,0.1440707,594.488,3.844027
0,5.95262,0.287096,-0.93699,0.0152319,0.00121049,0.00114853,6.19573e-05,0.871721,11.5679,0.0066511,0.00195065,0.144071,4.49417,3.18327
0,10.3639,0.302087,-1.13741,0.0231312,0.00985697,0.0096412,0.000215773,0.871908,12.0666,0.0587473,0.0168563,0.144071,61.5051,3.52919
0,8.2011,0.24381,-0.69294,0.018998,7.3354e-05,4.0283e-05,3.3071e-05,0.8531,9.8349,0.0001981,6.8049e-05,0.14407,0.16988,2.7701
0,36.16853,0.7691775,-1.217687,0.01293288,0.049994,0.04480598,0.005188022,0.9152751,29.47868,0.6951647,0.08454605,0.1440707,401.4047,3.771857
1,0.42733,0.73219,-1.8262,0.022946,,,,,,,,,,
2,10.1551666,0.899706881,-1.72067123,0.0165770897,-0.0323504086,-0.0389459117,0.00659550313,3.57794489,37.4699697,-0.706786242,0,0.144070667,83472.9605,20.6802338
0,16.4968833,0.653302769,-1.739160903,0.02496529508,0.1862054724,0.09116603765,0.09503943472,1.725841325,21.44788292,1.201358841,0,0.1440706667,125609.7426,28.90200066
0,45.36292,0.9542838,-1.151779,0.009752975,0.02910771,0.02693416,0.002173549,0.9387393,37.37694,0.5184491,0.04808235,0.1440707,212.8231,3.636727
1,0.21894,0.57843,-1.8506,0.02053,,,,,,,,,,
0,5.1824,0.23947,-0.55886,0.015793,4.73e-05,8.6372e-06,3.8663e-05,0.85086,9.6602,4.172e-05,1.4625e-05,0.14407,0.02989,2.5467
2,23.909397,0.532546274083761,-1.85106439495998,0.0216382308126208,-15513.478507697,-33307.2468913738,17793.7683836768,-0.82171391330553,333311.040068501,-357784.281878195,0,0.144070666666667,-17259029984.7515,-3351422.41277818
0,37.3205,0.456462,-1.09758,0.0231629,0.00604411,0.00585011,0.000193998,0.911963,18.3032,0.0538634,0.0100916,0.144071,53.4734,3.48061
0,11.55568,0.8285778,-1.108702,0.01346161,0.01218252,0.01151391,0.0006686155,0.9438635,33.01909,0.1924337,0.020032,0.1440707,107.5263,3.538123
0,14.3834,0.205176,-1.10338,0.0195375,0.0075677,0.00744146,0.00012624,0.825657,8.21453,0.0307971,0.0128903,0.144071,28.5595,3.44935
0,5.4811,0.303901,-0.623989,0.0165669,5.98841e-05,1.9006e-05,4.08781e-05,0.878627,12.2592,0.000116506,3.21838e-05,0.144071,0.0847954,2.66541
0,5.39213,0.276578,-0.629935,0.0188073,5.27584e-05,1.80706e-05,3.46878e-05,0.868224,11.1571,0.000100813,3.05997e-05,0.144071,0.0842945,2.67105
0,5.13341,0.320088,-0.609451,0.0177101,5.34042e-05,1.47507e-05,3.86536e-05,0.884056,12.9122,9.52371e-05,2.49778e-05,0.144071,0.0736437,2.64362
0,4.9974,0.20716,-0.6546,0.014188,7.3096e-05,3.2872e-05,4.0223e-05,0.83151,8.3568,0.00013736,5.5681e-05,0.14407,0.090495,2.6994
0,4.3282,0.62385,-0.505167,0.0121663,6.95346e-05,5.62514e-06,6.39094e-05,0.936926,25.1655,7.07846e-05,9.52523e-06,0.144071,0.0354789,2.5018
0,12.368024,0.42527818,-1.4970413,0.022498671,0.0066042548,0.0008011382,0.0058031166,4.225842,17.043177,0.0068723569,0,0.14407067,1818.1337,4.4039355
0,41.9849182,0.58794179,-1.63116589,0.0200969931,0.686285516,0.492142419,0.194143098,0.395181379,7.44087598,5.83647057,11.0211526,0.144070667,47536.0422,13.583432
0,38.57839,0.43918371,-1.4117813,0.022626801,0.24586676,0.14568335,0.10018341,0.74568994,13.361324,1.2905693,0.5846691,0.14407067,2701.8537,4.5106337
0,48.59135,0.7545748,-1.264006,0.009050919,0.1226752,0.1011467,0.02152846,0.8652799,26.70655,1.539498,0.2190203,0.1440707,697.3898,3.904034
