Error,time,CO2share,E_appl,v,X_tot,X_het,X_hom,FE,CO2_out,CO_out,H2_out,delP,CD,Vcell
0,69.54,0.222663,-1.21659,0.0233902,0.84667,0.00397384,0.842696,0.438053,1.3773,0.0178478,0.0460939,0.144071,38.6383,3.58005
0,24.7473,0.304703,-1.17382,0.0210126,0.0169457,0.016565,0.000380728,0.868413,12.084,0.101811,0.0296192,0.144071,98.7125,3.59713
0,6.14139,0.400895,-0.77145,0.0151063,0.000189197,0.000138493,5.0704e-05,0.90512,16.1698,0.00111991,0.000234596,0.144071,0.721628,2.92301
0,12.6693,0.45694,-1.03184,0.0232062,0.00263304,0.00253502,9.80228e-05,0.914212,18.3852,0.023365,0.00432977,0.144071,23.0319,3.36568
0,4.70634,0.686917,-0.531076,0.0116297,7.58976e-05,8.20828e-06,6.76893e-05,0.942375,27.7094,0.000113732,1.38995e-05,0.144071,0.0541759,2.54947
0,37.7853,0.879214,-1.02901,0.0132985,0.00453217,0.00426318,0.000268987,0.951495,35.3083,0.0756055,0.00728582,0.144071,40.9816,3.39595
0,0.4597496,0.973595405,-1.78549407,0.0176340273,0,0,0,-8.37705628,39.2765815,0,0,0.144070667,-85930.8447,-14.9728409
0,5.13435,0.583499,-0.620777,0.00881822,0.000122532,3.42619e-05,8.82699e-05,0.932826,23.5365,0.000403251,5.80202e-05,0.144071,0.147143,2.69053
0,16.90375,0.8796602,-1.124985,0.008580903,0.02340783,0.02199733,0.001410495,0.9391582,34.65639,0.3903104,0.03873648,0.1440707,139.809,3.574165
1,0.49492,0.84593,-1.9557,0.017354,,,,,,,,,,
0,9.9138017,0.897215424,-1.43672505,0.0122202848,0.00937453547,0.00927646366,9.80718071e-05,-0.664269332,35.8559625,0.167882083,0,0.144070667,-11213.3382,-0.708045302
2,15.072979,0.49592655,-1.5166945,0.020338694,0.67011627,-0.22770258,0.89781885,0.79078285,6.5998403,-2.2777732,0,0.14407067,4842.8318,5.061275
0,5.91666,0.292528,-0.730566,0.0146458,0.000130916,8.45042e-05,4.64113e-05,0.874458,11.7996,0.000498622,0.000143119,0.144071,0.322385,2.84065
0,39.59176,0.3304467,-1.28229,0.01947935,0.06567668,0.06159426,0.004082424,0.8456829,12.45529,0.4105507,0.1287057,0.1440707,420.8778,3.842676
0,6.16304,0.63089,-0.761563,0.00893251,0.000299964,0.000206275,9.3689e-05,0.937437,25.4436,0.00262497,0.000349425,0.144071,0.965607,2.92814
0,23.0942019,0.898940891,-1.63515981,0.0182466706,0.335284562,0.187892167,0.147392396,1.15612543,24.1058288,3.40694389,0,0.144070667,55410.541,15.1244018
2,42.8708295,0.4746759483,-1.782441585,0.02379061167,0.6428394722,-0.1765482712,0.8193877434,0.5417689572,6.839366061,-1.690385919,64.98838772,0.1440706667,222474.5982,47.78423641
0,6.20978,0.452826,-0.889009,0.017074,0.000610899,0.000554002,5.68971e-05,0.914797,18.2567,0.00506021,0.000939595,0.144071,3.64931,3.12442
2,3.7619333,0.76728414419,-1.6429073913,0.015795281892,-0.10617991517,-0.10619886899,1.8953813466e-05,-0.026644714182,34.24026826,-1.6436195022,0,0.14407066667,-3772427.0726,-731.16750002
2,22.413251,0.99184806,-1.4287828,0.010535871,-0.062519308,-0.12573955,0.063220237,2.5988302,42.514507,-2.5156036,0,0.14407067,3068.8209,4.6054381
0,42.62087,0.42637193,-1.4076166,0.019946653,0.24505092,0.15471621,0.090334705,0.74487519,12.985582,1.3306064,0.62868152,0.14407067,2491.816,4.4615249
0,32.903923,0.37468944,-1.3521166,0.024106313,0.10706064,0.083034952,0.02402569,0.83008185,13.497352,0.62756333,0.25501521,0.14407067,1139.3624,4.1031913
0,6.3299,0.21488,-0.95163,0.016088,0.0013645,0.0013117,5.2737e-05,0.83579,8.6567,0.0056854,0.002229,0.14407,4.2336,3.1948
0,5.60308,0.685007,-0.713123,0.0133435,0.000135765,7.41342e-05,6.16308e-05,0.942185,27.6307,0.00102433,0.000125556,0.144071,0.560015,2.85163
2,4.7408037,0.71714923,-1.5878858,0.022687045,0.0402569,-0.0013312744,0.041588175,8.994757,27.766408,-0.019257606,0,0.14407067,4469.8187,5.0559147
0,119.47356,0.32681675,-1.3772407,0.024056675,0.1262737,0.095277682,0.030996013,0.80520697,11.519533,0.62808824,0.35286978,0.14407067,1384.2507,4.1858724
0,25.6134,0.370511,-1.09554,0.0210311,0.0064477,0.00627315,0.000174555,0.894207,14.8507,0.0468827,0.0108272,0.144071,43.1048,3.46548
0,6.25365,0.315666,-0.877056,0.0165583,0.000539632,0.00049007,4.9562e-05,0.882321,12.7277,0.0031204,0.000830968,0.144071,2.26234,3.08763
0,6.55042,0.565092,-0.945989,0.0101478,0.00206807,0.00193378,0.000134295,0.929545,22.7497,0.022042,0.00328673,0.144071,9.30417,3.23059
0,13.0440063,0.48422061,-1.62323847,0.0221599646,0.48329915,0.0462993592,0.43699979,1.32071473,10.093403,0.452213394,0,0.144070667,17426.1466,7.67708827
1,0.46516,0.75058,-1.9639,0.016179,,,,,,,,,,
0,36.79874,0.2285314,-1.226749,0.02178655,0.03068294,0.03010028,0.0005826598,0.8261675,8.936487,0.1387527,0.05638331,0.1440707,151.452,3.6823
0,18.0082809,0.6442553188,-1.761386383,0.02348136464,0.1628049314,0.03542032825,0.1273846032,-1.008169427,21.7590455,0.4602944779,0,0.1440706667,-290221.5873,-54.72943351
0,6.29171,0.273279,-0.917182,0.0193395,0.000746301,0.000701946,4.43553e-05,0.866419,11.0163,0.00386932,0.00119122,0.144071,3.33875,3.14796
1,0.22744,0.89262,-1.8371,0.016383,,,,,,,,,,
0,6.46978,0.316658,-0.91528,0.0141239,0.00100262,0.00093787,6.47503e-05,0.882357,12.7617,0.00599043,0.00159175,0.144071,3.70623,3.1515
0,6.21951,0.574197,-0.793148,0.00850837,0.000424843,0.000324852,9.99915e-05,0.931619,23.1543,0.00376245,0.000550395,0.144071,1.32663,2.97612
0,5.01089,0.296039,-0.686218,0.0185396,7.41152e-05,3.77694e-05,3.63458e-05,0.875796,11.9419,0.000225535,6.39611e-05,0.144071,0.184299,2.76754
0,5.17098,0.497302,-0.604822,0.0112202,8.94557e-05,2.19379e-05,6.75178e-05,0.922123,20.0603,0.000220059,3.71493e-05,0.144071,0.103356,2.65641
0,6.35532,0.296376,-0.928278,0.0152024,0.00109026,0.00102925,6.10096e-05,0.875291,11.9433,0.00615306,0.00174754,0.144071,4.13188,3.17017
0,6.31485,0.548397,-0.886659,0.00973768,0.00104818,0.000942331,0.000105853,0.928244,22.1001,0.0104237,0.0015985,0.144071,4.22415,3.1297
0,6.2011,0.22474,-0.87611,0.017855,0.00048804,0.00044902,3.9012e-05,0.84235,9.0619,0.0020355,0.00076132,0.14407,1.6668,3.0709
0,4.88828,0.575743,-0.555485,0.0127786,7.06106e-05,1.02212e-05,6.03894e-05,0.932017,23.2249,0.000118702,1.7308e-05,0.144071,0.06282,2.58148
0,6.3366,0.467041,-0.75676,0.0117342,0.000214627,0.00014764,6.69872e-05,0.917417,18.8372,0.00139086,0.000250082,0.144071,0.686788,2.90578
0,2.8647069,0.732051076,-1.79386438,0.0206807643,0.320609557,0.238206551,0.0824030066,6.37576261,20.063929,3.51738781,0,0.144070667,64222.0253,17.0017365
0,13.668638,0.65728645,-1.5074474,0.024476946,0.020407781,0.0096025237,0.010805257,2.5848922,25.974977,0.1273108,0,0.14407067,5177.874,5.1205249
0,50.293313,0.81833175,-1.3572684,0.011334551,0.23239346,0.15926373,0.073129729,0.79379899,25.34097,2.6288843,0.57947044,0.14407067,2389.9324,4.3892474
2,17.0237535,0.5725289194,-1.780159504,0.02030089025,-1.039085618,-1.125203511,0.08611789371,-5.002623456,47.09643738,-12.9943236,0,0.1440706667,-161115.9277,-29.61019661
0,5.463116,0.94981404564,-1.550341703601,0.01785242247756,0.3449689686116,0.1878419903762,0.1571269782354,-6.669381972992e-05,25.09895433446,3.598789456243,0,0.1440706666667,-336427993.1559,-65327.80381059
0,5.5428,0.23578,-0.55958,0.014137,5.2865e-05,9.7407e-06,4.3124e-05,0.84887,9.5112,4.6325e-05,1.649e-05,0.14407,0.029774,2.5472
0,5.02468,0.461069,-0.53841,0.0173516,4.90165e-05,6.039e-06,4.29775e-05,0.916543,18.5994,5.61637e-05,1.02362e-05,0.144071,0.0410831,2.54258
2,0.7790901,0.5530352712981985,-1.937800240404455,0.02079358070905484,-0.02013469286317105,-0.02013469286317103,-1.387778780781446e-17,-5.053903671171279e-09,22.75964658446792,-0.2246068567506539,0,0.1440706666666666,-583817478084800.2,-113367880763.2716
0,43.4959,0.3462508,-1.227332,0.02483869,0.02730109,0.02641817,0.0008829201,0.8747291,13.58702,0.1845095,0.04982691,0.1440707,219.1194,3.715001
2,22.3585344,0.9231772926,-1.688305782,0.01863059426,-20.23893817,-20.42359409,0.1846559193,-26.64944838,790.9938018,-380.3141242,0,0.1440706667,-156110.488,-28.72845354
0,47.0641581,0.87723178,-1.50701691,0.01941676,0.464098172,0.350502752,0.11359542,0.907161179,18.9650836,6.20198854,0,0.144070667,10712.9077,6.23226592
0,6.14813,0.656746,-0.660965,0.0130255,0.000100118,3.88666e-05,6.12512e-05,0.939874,26.4916,0.000514871,6.58195e-05,0.144071,0.275438,2.76295
0,6.0739,0.480003,-0.812341,0.0127392,0.000343353,0.000277606,6.57474e-05,0.919382,19.3575,0.00268781,0.000470378,0.144071,1.43807,2.99948
0,46.93055,0.28509767,-1.3908779,0.020514638,0.16895225,0.12630147,0.042650777,0.76245801,9.5581713,0.72631872,0.49301571,0.14407067,1445.1762,4.2135536
0,41.9016704,0.5659299795,-1.72336865,0.02049385753,0.8897641508,0.6712659079,0.2184982429,0.1679040748,2.516753718,7.662711278,35.32502621,0.1440706667,123686.704,28.51199277
0,6.29658,0.709542,-0.760763,0.00930394,0.000287675,0.000196015,9.16596e-05,0.943972,28.6159,0.00280539,0.000332044,0.144071,1.06745,2.93251
0,35.17789,0.319019,-1.275147,0.02410877,0.04920925,0.04668886,0.002520383,0.8527183,12.23648,0.3004381,0.09487478,0.1440707,374.1229,3.820403
0,77.888628,0.23609908,-1.3833228,0.021864703,0.14699757,0.11644732,0.030550247,0.75660369,8.1245577,0.55456053,0.41979333,0.14407067,1123.4344,4.1305812
0,16.4418806,0.4907464749,-1.789299223,0.02069008276,0.2144950845,0.150622039,0.06387304558,1.657616133,15.55110529,1.490976785,0,0.1440706667,180555.5989,39.64037727
2,10.8571388,0.5034687609377,-1.562824626143,0.02141344302376,-11.69698935616,-11.75564717407,0.05865781791009,-0.0008700794427983,257.8864064258,-119.3834821741,0,0.1440706666667,-311047659.2435,-60399.33829273
1,0.69432,0.90152,-1.8307,0.014468,,,,,,,,,,
0,48.191736,0.36355165,-1.411116,0.021692586,0.20034664,0.13826278,0.062083852,0.76449725,11.727975,1.0139034,0.60465916,0.14407067,2293.5405,4.422262
2,13.263796,0.644307444,-1.60265839,0.0222535718,0.405218795,-0.0550571553,0.46027595,1.34423777,15.4598598,-0.715536988,0,0.144070667,20132.4831,8.18945253
0,9.743473,0.559797537,-1.61867086,0.0223477584,0.00176973707,0.00157168492,0.000198052152,3.11963797,22.5432684,0.0177468647,0,0.144070667,15538.364,7.30005242
0,5.66896,0.305847,-0.592007,0.0189586,4.66345e-05,1.10136e-05,3.56209e-05,0.879314,12.3378,6.79449e-05,1.86493e-05,0.144071,0.0565459,2.6126
0,46.70313,0.454982,-1.212451,0.02210233,0.02602412,0.02491627,0.001107843,0.8989259,17.87712,0.2286665,0.04625345,0.1440707,231.7358,3.705447
0,1.3422586,0.76075906,-1.6840397,0.017568161,0.52927277,0.071819907,0.45745287,7.4008269,14.446799,1.1020902,0,0.14407067,9719.4236,6.2113695
0,6.49249,0.286754,-0.956991,0.0148836,0.00158761,0.00151848,6.91284e-05,0.871355,11.5498,0.00878301,0.00258108,0.144071,5.80396,3.21666
0,45.347762,0.21733007,-1.4867065,0.022930409,0.30004723,0.30004624,9.9439308e-07,0.64445754,6.1368247,1.3153253,1.510385,0.14407067,3759.1201,4.8078318
0,39.167619,0.90802336,-1.3463408,0.0099077563,0.26871885,0.18252813,0.08619072,0.76683341,26.78777,3.3431203,0.57610486,0.14407067,2272.7398,4.3529795
0,42.85374,0.2907607,-1.29973,0.02373892,0.06474143,0.06027084,0.004470591,0.833281,10.9704,0.3534826,0.132129,0.1440707,470.6818,3.875533
0,31.00925,0.3307609,-1.3534816,0.020604589,0.12451455,0.099192622,0.025321923,0.80730653,11.682029,0.66178772,0.30363204,0.14407067,1031.8788,4.0785934
2,17.1567696,0.635706349,-1.57500769,0.0197426246,0.191063081,-0.113368671,0.304431752,1.76621105,20.7456178,-1.45369995,0,0.144070667,14414.6384,7.0343228
2,11.2924049,0.7213625141,-1.782229076,0.02148030943,0.7488869338,-0.3823717107,1.131258645,0.6188539745,7.307655196,-5.563710126,0,0.1440706667,207531.0538,44.87865734
0,32.5991047,0.5490616452,-1.823613386,0.02153644536,0.9050989375,0.594024156,0.3110747815,-0.1398932947,2.102070841,6.578856044,0,0.1440706667,-449369.7233,-85.59365653
0,6.19209,0.685366,-0.845811,0.00880875,0.000727794,0.00061683,0.000110964,0.941832,27.6288,0.00852733,0.00104564,0.144071,3.07981,3.0724
0,5.03036,0.374739,-0.513626,0.0144151,5.4619e-05,5.29261e-06,4.93264e-05,0.899256,15.1168,4.00059e-05,8.96197e-06,0.144071,0.0247534,2.49177
0,6.00923,0.378183,-0.668056,0.0141481,9.05094e-05,3.91951e-05,5.13142e-05,0.900059,15.2552,0.000298992,6.63752e-05,0.144071,0.181421,2.74857
0,26.6679272,0.569107139,-1.57528895,0.0203429406,0.90868371,0.68693843,0.221745281,0.201534994,2.0965125,7.88564128,0,0.144070667,12812.5605,6.71745272
0,11.30443,0.9266407,-1.413978,0.009484529,0.3449941,0.1198457,0.2251484,6.371496,24.48565,2.240057,0,0.1440707,596.067,4.026264
0,32.69704,0.3879194,-1.340214,0.022812372,0.099672578,0.079262096,0.020410482,0.83809843,14.089551,0.62020066,0.23127475,0.14407067,1010.9696,4.0602137
0,41.77598,0.4151618,-1.30145,0.023899,0.06773286,0.05826363,0.009469232,0.8646611,15.61395,0.4879104,0.1341772,0.1440707,660.0286,3.931395
0,33.2871,0.843033,-1.05043,0.0115978,0.00679561,0.00641779,0.000377817,0.948163,33.7784,0.109133,0.0110001,0.144071,51.8042,3.43151
0,5.7189,0.22024,-0.75125,0.014982,0.00014813,0.00010774,4.0388e-05,0.83986,8.8835,0.00047864,0.00018248,0.14407,0.32961,2.8625
0,4.92324,0.484879,-0.55445,0.0102684,8.57256e-05,1.2552e-05,7.31736e-05,0.92029,19.5592,0.000122764,2.12549e-05,0.144071,0.0528717,2.57159
0,5.29174,0.616868,-0.672374,0.0136177,0.000101342,4.30431e-05,5.82991e-05,0.936237,24.883,0.000535576,7.28932e-05,0.144071,0.300709,2.77888
0,11.0388,0.215865,-1.04627,0.0231446,0.172526,0.00252971,0.169996,0.807506,7.20596,0.0110149,0.00522484,0.144071,12.3,3.34579
0,44.573754,0.29352727,-1.4610919,0.023162934,0.25026696,0.25026584,1.1216737e-06,0.71086139,8.8779004,1.4817509,1.0760094,0.14407067,3547.9076,4.7382318
0,17.5537537,0.5579456253,-1.839988748,0.02494785179,0.4828630253,0.3533417512,0.1295212741,1.186265743,11.6399907,3.97660088,0,0.1440706667,362137.1464,74.98701823
0,6.14802,0.673847,-0.754884,0.00951255,0.000266167,0.000177777,8.83905e-05,0.941201,27.177,0.00241636,0.000301139,0.144071,0.942802,2.92023
0,8.337486,0.4053536,-1.168696,0.02193534,0.01537509,0.01491732,0.0004577688,0.8964527,16.10127,0.1219692,0.02656733,0.1440707,119.306,3.605746
0,33.8425,0.346676,-1.12014,0.0235374,0.00783545,0.00764004,0.000195414,0.887113,13.8759,0.053425,0.0132701,0.144071,55.6871,3.50569
2,23.5026169,0.587636293,-1.72132281,0.0211582992,0.68973,-0.343454306,1.03318431,0.763154574,7.35535371,-4.07101541,0,0.144070667,77467.9316,19.5109701
0,17.9944325,0.659667573,-1.61456978,0.0197059533,0.336713062,0.0755456488,0.261167413,1.58742758,17.6515053,1.00521685,0,0.144070667,22683.1172,8.7027849
0,48.62507,0.7656717,-1.196475,0.01254091,0.03915902,0.03604783,0.003111195,0.9223465,29.679,0.5567329,0.06639377,0.1440707,305.3859,3.717952
1,0.48475,0.72492,-1.96,0.02239,,,,,,,,,,
0,5.58735,0.561046,-0.716846,0.0133173,0.00013766,7.79179e-05,5.97418e-05,0.930318,22.6305,0.000881781,0.000131964,0.144071,0.487273,2.84819
0,4.75299,0.581207,-0.518167,0.0124181,6.86166e-05,6.51268e-06,6.2104e-05,0.932614,23.4453,7.63512e-05,1.10281e-05,0.144071,0.0392418,2.51999
0,18.0069635,0.71246987,-1.58597192,0.020992887,0.136720138,0.0834726607,0.0532474773,2.47794071,24.8126574,1.19959854,0,0.144070667,14147.0428,6.99236147
0,39.233334,0.37403525,-1.3899445,0.021064782,0.16374865,0.11741627,0.046332379,0.7923587,12.618407,0.88586185,0.47441749,0.14407067,1814.0017,4.2959195
2,13.0703899,0.8675294261,-1.519934857,0.01630657501,0.28153536,-0.02752876352,0.3090641235,-0.05872919646,25.1446028,-0.4817215669,0,0.1440706667,-258994.0943,-48.90116327
0,4.88586,0.469701,-0.578859,0.0138727,6.6664e-05,1.2712e-05,5.3952e-05,0.917939,18.9473,0.000120437,2.15258e-05,0.144071,0.0702573,2.61061
0,52.63408,0.9308148,-1.172897,0.008872473,0.04161235,0.03813747,0.003474881,0.9294086,35.98816,0.716045,0.06932449,0.1440707,271.4699,3.68174
2,26.8894744,0.474719899,-1.68762928,0.0195285398,0.129297873,-0.329383407,0.45868128,1.38411267,16.6748605,-3.15401914,0,0.144070667,62815.113,16.6211637
0,1.3482533,0.694897535,-1.81758785,0.020542135,0.208815789,0.0189215543,0.189894235,9.95495834,22.1795918,0.26521785,0,0.144070667,61667.217,16.5272718
0,26.4943105,0.6478285718,-1.874459272,0.01945475996,0.8417789085,0.6030243797,0.2387545288,0.3321067662,4.135039292,7.879889715,0,0.1440706667,715478.0177,143.6695401
0,75.163679,0.87205754,-1.4412639,0.0095594594,0.52431047,0.33582767,0.18848279,0.55807146,16.73493,5.9072696,2.0210016,0.14407067,6603.4577,5.3436627
0,12.74501,0.9703607,-1.106847,0.01368683,0.01181484,0.01105802,0.0007568255,0.9508203,38.68358,0.216439,0.0192385,0.1440707,122.1068,3.545633
0,84.996724,0.74928499,-1.2957315,0.013884397,0.11245323,0.086260905,0.026192326,0.87195039,26.828318,1.3037257,0.21459953,0.14407067,1044.9482,4.0240279
0,56.53091,0.87694651,-1.2935707,0.01123558,0.13664944,0.10224648,0.034402952,0.86225454,30.543264,1.8086172,0.25793264,0.14407067,1170.0895,4.0519795
0,25.178579,0.87682664,-1.4170549,0.0083545983,0.097473519,0.038360224,0.059113295,1.9490232,31.924849,0.67845342,0,0.14407067,2643.0201,4.5033515
0,4.94607,0.565794,-0.682387,0.0103525,0.000140287,6.43885e-05,7.58981e-05,0.93086,22.8219,0.000734838,0.000109045,0.144071,0.315467,2.79136
2,1.3693605,0.920059877,-1.89383946,0.0170165968,0.540287592,-0.091083496,0.631371088,20.8464917,17.0630822,-1.6903668,0,0.144070667,60329.5667,16.3426466
0,9.7395907,0.98441517509,-1.56165907554,0.0159404125368,0.0774092523578,0.00507647442594,0.0723327779318,-0.00118332125946,36.638911342,0.100801193214,0,0.144070666667,-32010711.5339,-6214.77524799
0,6.28149,0.388642,-0.916209,0.0162749,0.000885363,0.00082369,6.16723e-05,0.901985,15.6646,0.00645712,0.00139796,0.144071,4.50371,3.1626
0,6.31408,0.272169,-0.977498,0.0152091,0.00200447,0.00193161,7.28591e-05,0.865176,10.9578,0.0106043,0.00328705,0.144071,7.21711,3.24864
0,15.309312,0.4930093,-1.5001828,0.022315111,0.4203996,0.046946345,0.37345326,1.2690049,11.527601,0.46685505,0,0.14407067,4263.724,4.925766
0,46.8607,0.985682,-1.02358,0.0135786,0.00416952,0.00389737,0.000272149,0.956443,39.5984,0.0774878,0.0066549,0.144071,42.6433,3.39288
0,32.09877,0.9686384,-1.130652,0.008925789,0.02434008,0.02267543,0.001664646,0.9425035,38.12548,0.4430395,0.0400516,0.1440707,164.83,3.59315
0,4.93724,0.541862,-0.594447,0.0114781,8.59337e-05,1.87696e-05,6.71641e-05,0.928064,21.8578,0.000205149,3.1784e-05,0.144071,0.0979367,2.64327
0,4.97264,0.373914,-0.527694,0.014892,5.38824e-05,6.13783e-06,4.77445e-05,0.899057,15.0836,4.62926e-05,1.03932e-05,0.144071,0.0295975,2.51502
0,5.9219,0.23815,-0.83741,0.016066,0.00034574,0.00030371,4.2026e-05,0.84997,9.604,0.0014589,0.00051468,0.14407,1.065,3.009
2,14.6065934,0.578501751,-1.64649448,0.0225618502,0.126478326,-0.0667489756,0.193227301,2.10865342,20.3860709,-0.778886997,0,0.144070667,29718.951,10.1148361
0,46.3618,0.886979,-1.03782,0.0121455,0.00554811,0.00522153,0.000326585,0.951213,35.5838,0.0934191,0.00893285,0.144071,46.2611,3.41201
0,38.473062,0.44496336,-1.3937374,0.024031064,0.14830763,0.10263485,0.045672782,0.81590105,15.288405,0.92117948,0.43661979,0.14407067,2240.9823,4.3934863
0,5.15259,0.297256,-0.523282,0.0181552,4.13914e-05,4.7573e-06,3.66341e-05,0.876262,11.9914,2.85244e-05,8.05541e-06,0.144071,0.0228118,2.49722
0,22.9417709,0.91971346,-1.6180026,0.0148245652,0.420175263,0.334964424,0.0852108396,1.07529574,21.5131719,6.21407365,0,0.144070667,42652.1839,12.6163323
1,0.26372,0.89598,-1.9134,0.014144,,,,,,,,,,
0,5.52083,0.459983,-0.634323,0.0139991,7.92881e-05,2.56841e-05,5.3604e-05,0.916344,18.5551,0.000238305,4.34936e-05,0.144071,0.14053,2.70171
0,9.83441,0.412137,-1.03143,0.0215423,0.00281392,0.00271596,9.79588e-05,0.905808,16.5796,0.0225783,0.00463929,0.144071,20.8506,3.35973
0,41.2411,0.2803227,-1.316713,0.01964123,0.0928704,0.08433169,0.008538716,0.8112881,10.25847,0.4768417,0.1986236,0.1440707,562.2695,3.919437
0,6.77102,0.378837,-0.854675,0.0146649,0.00237815,0.000414435,0.00196372,0.899793,15.2466,0.0031669,0.000703825,0.144071,1.99349,3.0587
0,34.06522,0.9576273,-1.134171,0.009682666,0.02345774,0.02184904,0.001608693,0.9426305,37.72617,0.4220405,0.03862816,0.1440707,170.623,3.599569
0,4.79791,0.532697,-0.547179,0.0132956,6.61959e-05,8.82967e-06,5.73662e-05,0.92693,21.4885,9.48746e-05,1.49516e-05,0.144071,0.0525283,2.56398
0,11.783359,0.80841079,-1.4976619,0.013423888,0.13289342,0.00090774689,0.13198568,9.9789714,28.27872,0.014802056,0,0.14407067,1287.7289,4.2838368
0,0.4405321,0.5859650663827,-1.842574518826,0.02333525120486,0,0,0,-0.001734669076786,23.63887975459,0,0,0.1440706666667,-519920888.3553,-100958.8766923
0,40.248499,0.88752378,-1.2980272,0.012098158,0.13448389,0.099263423,0.035220463,0.86413154,30.989197,1.7770286,0.25365453,0.14407067,1254.3816,4.0763784
0,6.90059,0.250438,-1.02421,0.0226961,0.00241312,0.00235058,6.25409e-05,0.855006,10.0787,0.0118741,0.0040138,0.144071,12.24,3.32348
0,18.23052,0.3458474,-1.197379,0.0196578,0.02410595,0.02344953,0.0006564173,0.8766499,13.61577,0.1635851,0.04285174,0.1440707,149.1272,3.651684
0,24.4307,0.292206,-1.10916,0.0243382,0.00658263,0.00643843,0.000144197,0.870346,11.7105,0.0379485,0.0111452,0.144071,41.6004,3.47699
0,31.87878,0.98268782,-1.3362225,0.011209962,0.21606559,0.14754299,0.068522598,0.81131901,31.077814,2.9245518,0.44712415,0.14407067,2188.4085,4.3245426
0,16.205277,0.68393245,-1.542461,0.023849838,0.985427,0.79156142,0.19386558,-0.094788069,0.40208443,10.920009,0,0.14407067,-3427.0753,0.9705652
2,28.611963,0.64648864,-1.5449662,0.020498224,-0.041515981,-0.048067799,0.0065518177,3.366426,27.163267,-0.62681633,0,0.14407067,6732.0596,5.4733284
0,16.749324,0.6624176434,-1.730224102,0.02153799478,0.1530399835,0.06881806414,0.08422191936,1.812201378,22.63340871,0.919516472,0,0.1440706667,112545.9333,26.35064133
0,39.548239,0.81638539,-1.3019512,0.011739166,0.14197283,0.10578105,0.036191778,0.85538552,28.258651,1.7419203,0.27492529,0.14407067,1215.2869,4.071084
0,13.6833,0.759315,-1.10867,0.0112249,0.0147062,0.0137908,0.000915445,0.938182,30.1816,0.21122,0.0240151,0.144071,98.8458,3.53208
0,5.63232,0.661952,-0.711934,0.0094482,0.000189273,0.000103108,8.61652e-05,0.94026,26.6993,0.00137672,0.000174631,0.144071,0.534022,2.84799
0,17.9276,0.963001,-1.08327,0.0111447,0.0107618,0.0101008,0.000660916,0.951212,38.4311,0.196205,0.0174543,0.144071,89.5807,3.49983
0,8.86229,0.371061,-1.04523,0.0249542,0.00288359,0.00279487,8.8721e-05,0.896583,14.9261,0.0209186,0.00478187,0.144071,22.643,3.37812
0,37.67185,0.3460362,-1.266681,0.02207408,0.04915128,0.0466046,0.002546674,0.8606757,13.27358,0.3252936,0.09294311,0.1440707,360.65,3.807437
0,14.5576,0.403815,-1.1361,0.0249518,0.00904915,0.00879205,0.000257095,0.900143,16.1432,0.071614,0.0153664,0.144071,78.3774,3.54362
0,6.10176,0.46979,-0.736858,0.00973966,0.000217541,0.000137757,7.9784e-05,0.917858,18.948,0.0013054,0.000233329,0.144071,0.534735,2.87299
2,17.2804111,0.777679104,-1.58483251,0.014148524,-0.126417873,-0.217280102,0.0908622295,2.43094988,35.339071,-3.40836076,0,0.144070667,20239.8032,8.19273966
1,0.23196,0.88224,-1.8508,0.018,,,,,,,,,,
0,44.18967,0.9658713,-1.232184,0.009763386,0.08154358,0.06786282,0.01368075,0.9038251,35.78763,1.322137,0.1349139,0.1440707,594.488,3.844027
0,8.5799,0.24381,-0.69294,0.018998,7.3354e-05,4.0283e-05,3.3071e-05,0.8531,9.8349,0.0001981,6.8049e-05,0.14407,0.16988,2.7701
2,10.6094183,0.899706881,-1.72067123,0.0165770897,-0.0323504086,-0.0389459117,0.00659550313,3.57794489,37.4699697,-0.706786242,0,0.144070667,83472.9605,20.6802338
1,0.23676,0.57843,-1.8506,0.02053,,,,,,,,,,
0,40.3079,0.456462,-1.09758,0.0231629,0.00604411,0.00585011,0.000193998,0.911963,18.3032,0.0538634,0.0100916,0.144071,53.4734,3.48061
0,6.16489,0.303901,-0.623989,0.0165669,5.98841e-05,1.9006e-05,4.08781e-05,0.878627,12.2592,0.000116506,3.21838e-05,0.144071,0.0847954,2.66541
0,5.4764,0.20716,-0.6546,0.014188,7.3096e-05,3.2872e-05,4.0223e-05,0.83151,8.3568,0.00013736,5.5681e-05,0.14407,0.090495,2.6994
0,45.7555639,0.58794179,-1.63116589,0.0200969931,0.686285516,0.492142419,0.194143098,0.395181379,7.44087598,5.83647057,11.0211526,0.144070667,47536.0422,13.583432
0,5.14489,0.63925,-0.700076,0.0105671,0.000155528,7.91693e-05,7.6359e-05,0.938295,25.7845,0.00102083,0.000134082,0.144071,0.443794,2.82661
0,17.8493814,0.6549931167,-1.772519671,0.02065732345,0.3263082646,0.1788007951,0.1475074696,1.416877281,17.80135749,2.362279887,0,0.1440706667,194917.4518,42.41636918
0,6.01335,0.413429,-0.765081,0.0159591,0.000168967,0.000120798,4.81689e-05,0.90774,16.6757,0.00100737,0.000204616,0.144071,0.683767,2.91387
0,5.96953,0.666727,-0.863673,0.0119815,0.000655481,0.00057035,8.51311e-05,0.940362,26.8793,0.00767034,0.000967011,0.144071,3.77488,3.10085
0,67.873261,0.82508049,-1.4282688,0.012383664,0.39666248,0.25313992,0.14352256,0.66532065,20.082224,4.2129095,1.3202571,0.14407067,5625.0427,5.1324353
0,42.12154,0.3705484,-1.250762,0.02084625,0.04315245,0.04116849,0.001983955,0.8708511,14.30352,0.3077054,0.08021725,0.1440707,313.0633,3.775006
0,0.4623377,0.5817977098,-1.969010779,0.02168195336,0,0,0,27.74074276,23.47076113,0,0,0.1440706667,163777.3814,36.55701986
1,0.1068,0.83997,-1.9998,0.018727,,,,,,,,,,
1,0.19498,0.64646,-1.8953,0.021967,,,,,,,,,,
0,44.882481,0.31767449,-1.4636402,0.023556242,0.24096281,0.24096165,1.1546174e-06,0.72478268,9.7274849,1.544029,1.0932488,0.14407067,3939.6268,4.8222268
1,0.24047,0.94957,-1.9893,0.018035,,,,,,,,,,
0,5.448,0.23778,-0.50932,0.015398,4.4149e-05,4.6885e-06,3.946e-05,0.84996,9.5921,2.2487e-05,7.9387e-06,0.14407,0.015724,2.4641
0,23.612,0.780161,-1.08653,0.00909087,0.0135842,0.0128942,0.000689955,0.940128,31.0456,0.202911,0.0223118,0.144071,76.3465,3.4923
0,6.1608,0.491055,-0.852648,0.0125371,0.000545451,0.000473196,7.22548e-05,0.92092,19.7992,0.00468701,0.00080213,0.144071,2.46436,3.06766
0,6.64799,0.317296,-1.00035,0.023604,0.00172631,0.00166712,5.91928e-05,0.882115,12.7782,0.0106698,0.00284044,0.144071,11.0701,3.29422
0,6.10928,0.401057,-0.86391,0.0178433,0.000433041,0.000384196,4.88449e-05,0.905001,16.1724,0.00310802,0.000651307,0.144071,2.36714,3.07683
2,6.8035918,0.75044979,-1.71324056,0.0160824442,-0.328577249,-0.740146474,0.411569225,6.32635167,40.2219959,-11.2037778,0,0.144070667,46063.275,13.377902
0,14.4554809,0.921235712,-1.453541033,0.01115064118,0.9524185191,0.8790400358,0.07337848334,-0.000628005307,1.768332324,16.33445283,0,0.1440706667,-725981.1873,-139.7018337
1,0.30696,0.5538,-1.9204,0.022662,,,,,,,,,,
2,14.1386389,0.4677250348,-1.63760053,0.02481379772,-232.6299647,-232.6303077,0.0003429981313,-12.61473079,4408.332314,-2194.73496,0,0.1440706667,-958268.1681,-184.6384006
0,20.1515,0.271655,-1.12331,0.0245453,0.00777444,0.00761711,0.000157328,0.861405,10.8739,0.0417382,0.013254,0.144071,46.809,3.49821
0,40.103907,0.33956037,-1.4448356,0.024867501,0.21028565,0.21028455,1.101006e-06,0.75210379,10.817881,1.4402886,0.81337847,0.14407067,3316.092,4.6734888
2,2.297744,0.629954404557755,-1.52837306377841,0.0211690524249927,0.347373867578498,-0.00852502803295864,0.355898895611457,-4.02549680246967e-07,16.5855066490499,-0.10832535053366,0,0.144070666666667,-27776689101.2358,-5393781.49255938
0,5.90722,0.445043,-0.733836,0.0153963,0.000133677,8.38308e-05,4.98465e-05,0.913744,17.9514,0.000752542,0.000141983,0.144071,0.489511,2.86541
2,38.000115,0.81269092,-1.4392524,0.0099388265,0.16517916,-0.046611925,0.21179108,1.3731167,27.369941,-0.76409545,0,0.14407067,4277.431,4.8676622
0,19.7444583,0.691878454,-1.70853956,0.0219195721,0.294399586,0.180506827,0.113892759,1.57427682,19.6944474,2.51911857,0,0.144070667,85326.3079,21.0291205
2,27.9513545,0.8134090391,-1.730373616,0.0184967053,-0.8927367955,-1.417579815,0.5248430199,5.473570735,62.10897835,-23.25849909,0,0.1440706667,102448.1224,24.38512962
0,16.3087973,0.730355261,-1.61725775,0.02107231,0.0558752913,0.0441774137,0.0116978775,2.08373208,27.8175381,0.650818096,0,0.144070667,28189.4408,9.78587836
0,38.79774,0.3800335,-1.260911,0.01971173,0.05164853,0.04873537,0.002913163,0.867573,14.53939,0.3735866,0.09664645,0.1440707,363.9053,3.80276
2,15.5940334,0.8659239879,-1.717014857,0.01550536898,-0.925213158,-1.379043197,0.4538300395,-1.744828358,67.25332459,-24.08700548,0,0.1440706667,-293130.0136,-55.3390866
0,47.92575,0.8576794,-1.236308,0.01208994,0.06846121,0.05795321,0.010508,0.9078716,32.23154,1.0026,0.1148793,0.1440707,562.0303,3.838964
0,6.26426,0.723857,-0.726973,0.0107612,0.000187472,0.000109815,7.76567e-05,0.94508,29.1962,0.0016034,0.000185997,0.144071,0.704796,2.87732
0,45.51705,0.3079219,-1.253055,0.02068667,0.04407455,0.04257329,0.001501263,0.8524275,11.87462,0.2644253,0.08325273,0.1440707,273.4568,3.762658
2,3.9519508,0.77681333,-1.5569989,0.014775442,0.55879034,-0.0083100621,0.5671004,3.0215106,13.826646,-0.13021053,0,0.14407067,4456.0679,5.0221994
0,5.22165,0.296948,-0.523885,0.0155647,4.83198e-05,5.59221e-06,4.27276e-05,0.876145,11.9788,3.34957e-05,9.46916e-06,0.144071,0.0229684,2.49818
0,4.65076,0.633722,-0.539408,0.0137171,6.46475e-05,7.74539e-06,5.69021e-05,0.93785,25.5638,9.90073e-05,1.31155e-05,0.144071,0.0558956,2.55941
0,50.49665,0.8629117,-1.193756,0.008452168,0.05656475,0.05141355,0.005151194,0.9161862,32.84231,0.894889,0.09513104,0.1440707,328.5319,3.723482
0,14.63875,0.95950676,-1.3665063,0.013668342,0.51625703,0.1003656,0.41589142,1.2493231,18.72483,1.942487,0,0.14407067,1263.424,4.1469824
0,5.94069,0.25679,-0.815039,0.0166177,0.000261378,0.000220328,4.10509e-05,0.859371,10.3567,0.00114123,0.000373307,0.144071,0.852143,2.97517
0,36.130624,0.25439611,-1.4023919,0.024720896,0.16082029,0.11876386,0.042056429,0.75566372,8.612329,0.60942458,0.474341,0.14407067,1523.2958,4.2429421
0,30.11046,0.2564576,-1.269205,0.02087961,0.05248421,0.05090154,0.001582674,0.8268663,9.802959,0.2633126,0.1014976,0.1440707,286.3765,3.783689
0,5.34912,0.431188,-0.618885,0.0187349,5.53583e-05,1.57399e-05,3.96184e-05,0.911271,17.3939,0.000136897,2.66534e-05,0.144071,0.10864,2.67304
0,6.91593,0.334344,-0.643831,0.0184277,5.99964e-05,2.20466e-05,3.79498e-05,0.888443,13.4872,0.000148682,3.73331e-05,0.144071,0.119041,2.70269
0,19.9654414,0.984477913,-1.52203311,0.0178913398,0.134958089,0.0949494544,0.0400086342,1.68327535,34.3556598,1.88548734,0,0.144070667,12683.7382,6.63866245
0,6.11224,0.608418,-0.843671,0.010094,0.00061711,0.000523733,9.33773e-05,0.935079,24.5295,0.00642743,0.000887758,0.144071,2.67939,3.06302
0,16.6485232,0.800445263,-1.70991346,0.0153473366,0.946127591,0.598067176,0.348060415,0.121596763,1.73961523,9.65621166,0,0.144070667,99315.1866,23.7547083
0,0.4430804,0.8310542919687649,-1.782625529522604,0.01741382548427094,0,0,0,-1.478934788648895e-06,33.52621786594936,0,0,0.1440706666666666,-400442681591.3052,-77759469.94643341
0,0.4413671,0.4809270816905153,-1.746216485634196,0.02084325762807543,0,0,0,-1.102540938822497e-71,19.40145941632108,0,0,0.1440706666666666,-1.947325809628666e+76,-3.781390733946574e+72
0,41.20052,0.4396391,-1.294151,0.02176454,0.06960342,0.06013791,0.00946551,0.8679376,16.50136,0.5332979,0.1341494,0.1440707,632.713,3.916619
0,6.15898,0.725299,-0.821137,0.00923244,0.00053022,0.000428791,0.000101429,0.944962,29.2443,0.00627318,0.000726669,0.144071,2.36656,3.03405
0,13.356663,0.70810399,-1.5939761,0.021289797,0.3528795,0.10558696,0.24729254,7.4605055,18.485762,1.5081082,0,0.14407067,3879.7462,4.9401479
0,10.1688,0.289673,-1.06244,0.0212554,0.00418428,0.00408227,0.000102005,0.870874,11.637,0.0238526,0.00700284,0.144071,22.6708,3.3954
0,6.99841,0.408618,-1.00426,0.0233299,0.00184491,0.001773,7.1918e-05,0.905699,16.454,0.0146134,0.00302198,0.144071,14.5992,3.31304
0,33.6223359,0.511385479,-1.57487604,0.0212247447,0.232041903,0.166677501,0.065364402,1.50279326,15.8431335,1.71929556,0,0.144070667,12915.9805,6.73753538
0,41.345761,0.8223516058,-1.728016218,0.01498335345,0.9297143375,0.6279567202,0.3017576173,0.1200891069,2.331736408,10.41627477,0,0.1440706667,170076.9957,37.54124752
0,9.10777,0.269644,-1.05162,0.0196031,0.00395274,0.00385742,9.53129e-05,0.862897,10.8349,0.0209804,0.00660753,0.144071,18.5383,3.37343
0,6.04736,0.446233,-0.803912,0.0181474,0.0002197,0.000174899,4.48009e-05,0.9139,17.9979,0.00157425,0.000296315,0.144071,1.20706,2.982
0,4.88156,0.678175,-0.518683,0.0102035,8.49484e-05,7.97877e-06,7.69696e-05,0.941671,27.3565,0.000109145,1.35109e-05,0.144071,0.045649,2.52827
0,6.20606,0.552995,-0.879653,0.0106323,0.000883968,0.000788915,9.50528e-05,0.928899,22.2891,0.00879989,0.001338,0.144071,3.89085,3.11841
0,6.29037,0.484,-0.742234,0.00947341,0.000234692,0.00015175,8.29422e-05,0.920062,19.5209,0.00148149,0.000257035,0.144071,0.588867,2.88333
0,13.2983,0.388726,-1.14584,0.0236361,0.0107631,0.0104664,0.000296658,0.895774,15.5131,0.0820667,0.0183829,0.144071,85.7683,3.55942
0,15.7154619,0.565411007,-1.61575078,0.0228829069,0.209163914,0.135167937,0.0739959775,2.4571942,18.0387277,1.54156952,0,0.144070667,15204.4081,7.23116715
0,34.5793,0.2175791,-1.297087,0.02170505,0.06809297,0.06580717,0.002285798,0.7966032,8.179842,0.2888122,0.1396878,0.1440707,354.862,3.835887
0,5.72775,0.296684,-0.729682,0.0163679,0.000116488,7.476e-05,4.17279e-05,0.876006,11.9674,0.000447392,0.000126615,0.144071,0.322706,2.83982
1,0.30089,0.84866,-1.8271,0.015918,,,,,,,,,,
0,6.09975,0.295738,-0.824448,0.0156757,0.000310217,0.000263549,4.66687e-05,0.875539,11.9269,0.00157215,0.00044658,0.144071,1.08697,2.99713
0,33.9264,0.82192,-1.04073,0.0126385,0.0055117,0.00520715,0.000304553,0.947842,32.975,0.0863285,0.00891154,0.144071,44.6615,3.4128
1,0.24257,0.81235,-1.9186,0.015404,,,,,,,,,,
0,6.2032,0.680146,-0.76266,0.0131848,0.000206195,0.000141734,6.44607e-05,0.941751,27.4326,0.00194448,0.000240088,0.144071,1.05102,2.93361
0,34.838788,0.81780805,-1.3447009,0.010939578,0.21493852,0.14937098,0.065567535,0.80273071,25.900623,2.4640118,0.51089082,0.14407067,2055.4473,4.3039814
0,52.81216,0.7845837,-1.177552,0.01084581,0.03559968,0.03314711,0.002452568,0.9259111,30.52473,0.5245781,0.06020563,0.1440707,245.3684,3.676132
0,6.32003,0.46479,-0.946236,0.0148156,0.00141311,0.00132921,8.38978e-05,0.916289,18.724,0.0124617,0.00225838,0.144071,7.79324,3.22144
0,5.7521,0.21815,-0.54666,0.01534,4.5578e-05,7.6025e-06,3.7975e-05,0.83864,8.8002,3.3453e-05,1.2873e-05,0.14407,0.023619,2.5224
0,5.65571,0.43598,-0.63578,0.0176979,6.26459e-05,2.07003e-05,4.19456e-05,0.912155,17.5871,0.000182041,3.50537e-05,0.144071,0.136338,2.70161
2,6.086285,0.74559633,-1.7055412,0.018240982,-0.011044973,-0.011113703,6.8729376e-05,-41.186947,30.410909,-0.16714281,0,0.14407067,-4845.7812,0.84035676
0,2.1830576,0.881901984,-1.42274631,0.0117233883,0.0388309797,0.027643392,0.0111875877,-0.272957489,34.1959954,0.491741455,0,0.144070667,-21747.9518,-2.80171159
0,33.7899,0.898788,-1.04661,0.0124492,0.00605223,0.00569659,0.00035565,0.95145,36.0393,0.103275,0.00975734,0.144071,52.4445,3.42845
0,6.42073,0.642109,-0.936001,0.0123998,0.00150329,0.00139288,0.000110408,0.937685,25.8649,0.0180405,0.00236594,0.144071,9.2238,3.22014
0,7.68841,0.499226,-0.715903,0.0103814,0.000173864,9.87482e-05,7.51156e-05,0.922346,20.1362,0.000994378,0.000167246,0.144071,0.432051,2.84105
0,5.91227,0.323652,-0.666824,0.0181261,6.8461e-05,3.01133e-05,3.83477e-05,0.885176,13.0558,0.000196591,5.09944e-05,0.144071,0.155396,2.73938
0,6.24928,0.329718,-0.933238,0.0139973,0.00126222,0.00119112,7.10944e-05,0.886306,13.2846,0.00792182,0.00202284,0.144071,4.83737,3.18336
0,5.9879,0.24167,-0.7914,0.015448,0.00021717,0.00017498,4.2191e-05,0.85191,9.7475,0.00085298,0.00029642,0.14407,0.59718,2.9332
0,6.12468,0.659684,-0.848121,0.00899248,0.000730636,0.000622406,0.00010823,0.939719,26.5934,0.00828199,0.00105512,0.144071,3.06052,3.07438
1,0.33806,0.49324,-1.9847,0.022826,,,,,,,,,,
2,50.393276,0.46496629,-1.4599507,0.02490021,-1.200097,-1.2246809,0.024583818,-2.2798,41.26848,-11.48602,0,0.14407067,-5067.6008,0.54939265
0,28.4231,0.938656,-1.05852,0.00839016,0.0104381,0.00981159,0.000626468,0.950393,37.4718,0.185768,0.01687,0.144071,63.6097,3.45244
0,6.26962,0.53427,-0.902634,0.0123943,0.000995966,0.000908708,8.72581e-05,0.926536,21.5319,0.00979288,0.00154191,0.144071,5.06219,3.15514
0,5.0946,0.665141,-0.689155,0.00836814,0.000183221,8.68884e-05,9.63321e-05,0.940533,26.828,0.00116574,0.000147155,0.144071,0.400365,2.81039
0,53.28325,0.8298089,-1.252065,0.01189934,0.08323707,0.06865438,0.01458269,0.896478,30.68953,1.149136,0.1429038,0.1440707,663.5209,3.882959
1,0.27443,0.83194,-1.9914,0.018565,,,,,,,,,,
0,8.829064,0.421848,-1.169938,0.0246253,0.01392733,0.01349269,0.0004346434,0.9006887,16.78109,0.11481,0.02404606,0.1440707,125.75,3.610943
2,12.663307,0.72510498,-1.5932902,0.023494969,-0.31371025,-0.36058615,0.046875891,11.653539,38.428696,-5.2739389,0,0.14407067,5118.0641,5.1941565
0,60.11073,0.91685392,-1.2958845,0.011790971,0.13380755,0.098707467,0.035100082,0.86589115,32.038318,1.8254726,0.2531974,0.14407067,1259.0778,4.0753396
2,10.9596446,0.940460350978978,-1.565630014449428,0.01848623153332575,-18.79149230974942,-18.79212774074937,0.000635430999949449,-2.392822413330045e-14,750.8863314803684,-356.4852927490139,0,0.1440706666666666,-3.414057507696513e+19,-6629545688210287
0,14.23205,0.9075896,-1.378575,0.01188771,0.02252462,0.004327219,0.0181974,-3.550672,35.78908,0.07921795,0,0.1440707,-992.1401,1.343198
0,48.554808,0.42594579,-1.378977,0.020130508,0.17343449,0.12419819,0.049236308,0.79638396,14.203219,1.0670745,0.43120235,0.14407067,1764.5642,4.2739322
0,6.00005,0.332825,-0.627606,0.0166118,6.16137e-05,1.98558e-05,4.17579e-05,0.88799,13.4259,0.0001333,3.3623e-05,0.144071,0.0962562,2.67554
1,0.31349,0.85475,-1.928,0.015874,,,,,,,,,,
0,4.88809,0.620808,-0.682911,0.0134325,0.000109285,4.996e-05,5.93251e-05,0.936611,25.0418,0.000625613,8.46089e-05,0.144071,0.34635,2.79669
0,5.9503,0.27277,-0.780517,0.0163779,0.000185231,0.000143516,4.1715e-05,0.866549,11.002,0.000789628,0.000243109,0.144071,0.576204,2.92049
0,36.9091,0.821431,-1.02992,0.011754,0.00516982,0.00487856,0.000291262,0.948037,32.9667,0.0808328,0.00834029,0.144071,38.8557,3.39371
0,33.4865,0.361671,-1.11808,0.0245524,0.0073275,0.00713777,0.000189726,0.891431,14.4836,0.0520717,0.0123893,0.144071,56.3333,3.50434
0,32.9996,0.908494,-1.03171,0.0104863,0.00595377,0.00559364,0.000360135,0.951969,36.4321,0.102504,0.00956562,0.144071,43.7555,3.40255
1,0.23457,0.77705,-1.8559,0.018251,,,,,,,,,,
0,5.99123,0.64434,-0.734572,0.0138728,0.000153152,9.39182e-05,5.92339e-05,0.938754,25.9898,0.00122065,0.000159071,0.144071,0.696378,2.8843
0,6.32729,0.395926,-0.964236,0.0190875,0.00136552,0.0012992,6.63276e-05,0.903303,15.9505,0.0103756,0.0022089,0.144071,8.48603,3.24395
0,6.3229,0.22368,-0.60734,0.014851,5.7223e-05,1.7121e-05,4.0102e-05,0.84199,9.0232,7.7247e-05,2.899e-05,0.14407,0.052591,2.6242
0,15.52198,0.9792458,-1.120716,0.01374564,0.01402572,0.01308437,0.0009413498,0.9497261,38.95045,0.258446,0.02289169,0.1440707,147.0938,3.573921
0,6.5302891,0.534128614,-1.65496405,0.0199083105,0.000487373919,0.000192331976,0.000295041943,4.5182629,21.5372027,0.00207215629,0,0.144070667,16336.9113,7.49398555
2,41.112219,0.97272545,-1.3839719,0.010210803,0.55751625,-2.6789778,3.2364941,0.70242269,17.36372,-52.563535,0,0.14407067,2607.8442,4.4627495
0,4.74929,0.704361,-0.544527,0.0132493,6.8179e-05,8.56378e-06,5.96152e-05,0.943726,28.4132,0.000121671,1.45014e-05,0.144071,0.0659349,2.57301
0,5.73887,0.272755,-0.700395,0.0177189,8.4429e-05,4.74117e-05,3.70173e-05,0.866604,11.0025,0.000260846,8.02913e-05,0.144071,0.205879,2.78741
0,26.0491,0.379994,-1.09864,0.0202062,0.00698061,0.00678857,0.000192037,0.896151,15.2226,0.0520332,0.0117269,0.144071,45.879,3.47232
2,30.9568491,0.650669391,-1.778648817,0.0228989484,0.6092365877,-5.376406378,5.985642965,0.7179189269,10.25721447,-70.56309723,0,0.1440706667,239814.248,51.15137862
0,6.07069,0.581922,-0.806519,0.00940559,0.000441291,0.000348898,9.23926e-05,0.932452,23.4654,0.00409533,0.000591187,0.144071,1.59496,2.999
0,7.28907,0.219855,-1.02851,0.0194777,0.00423586,0.00288947,0.0013464,0.837751,8.83179,0.0128138,0.00494219,0.144071,11.5672,3.32473
0,5.66524,0.276924,-0.607019,0.0180267,5.01812e-05,1.40461e-05,3.6135e-05,0.868369,11.1711,7.84591e-05,2.37845e-05,0.144071,0.0628693,2.63306
0,16.7676,0.395469,-1.06094,0.0216257,0.0040618,0.00393734,0.000124461,0.901503,15.8891,0.0314081,0.00675152,0.144071,29.332,3.40843
0,5.22661,0.338207,-0.537548,0.0189404,4.20459e-05,5.4771e-06,3.65688e-05,0.889587,13.6433,3.73645e-05,9.2743e-06,0.144071,0.0307072,2.52676
1,0.4575,0.69336,-1.9192,0.02197,,,,,,,,,,
2,18.177083,0.5601458918936835,-1.710308410958011,0.02168644040424544,-31190.81839160783,-31191.51070573104,0.6923141232073249,-0.001874936549866369,704850.5045306843,-352421.7758321511,0,0.1440706666666666,-2622999064613.746,-509343854.7559964
2,0.7563204,0.615693783,-1.8188849,0.0228455184,-0.00189906757,-0.00189908291,1.53392968e-08,11.9917853,24.8853588,-0.0235848905,0,0.144070667,58403.0907,15.8919341
0,6.3343,0.704589,-0.811905,0.0104356,0.000424557,0.000336979,8.75785e-05,0.943513,28.4123,0.0047892,0.000571009,0.144071,2.04529,3.01726
1,0.23451,0.90701,-1.9914,0.013933,,,,,,,,,,
0,6.27861,0.408562,-0.940815,0.0142107,0.00137294,0.00129283,8.01116e-05,0.905985,16.4595,0.0106543,0.00219612,0.144071,6.46258,3.20614
0,12.7586413,0.997294467,-1.54584001,0.0160698055,0.270372196,0.218142046,0.0522301498,1.84072863,29.3548558,4.38821566,0,0.144070667,13455.4998,6.81536795
0,72.794562,0.96620302,-1.3697043,0.01141289,0.29984133,0.19762743,0.1022139,0.74672847,27.291036,3.8515965,0.67517022,0.14407067,3209.989,4.576083
0,6.04295,0.460164,-0.765362,0.0142508,0.000191401,0.000135766,5.56348e-05,0.916302,18.5603,0.00126017,0.000229973,0.144071,0.756658,2.91937
0,4.377245,0.8456591,-1.391805,0.009917739,0.1707593,0.01321413,0.1575451,8.909298,28.28988,0.2254028,0,0.1440707,370.4422,3.935838
2,0.7592801,0.716273995,-1.76176859,0.0232525564,-0.00162925123,-0.00231911029,0.000689859061,13.5181013,28.9428537,-0.0335062448,0,0.144070667,28932.1795,10.0759533
2,0.7367278,0.90827634979,-1.9000386986,0.016271752983,0.0019193144404,-0.0034723888286,0.005391703269,-0.34949400693,36.571167371,-0.063616757073,0,0.14407066667,-8351931.3197,-1620.2166203
0,6.02844,0.305761,-0.899222,0.0185523,0.000627397,0.000581226,4.61701e-05,0.878924,12.3272,0.00358469,0.000985945,0.144071,2.92415,3.12311
0,41.53852,0.9144648,-1.221003,0.01187842,0.05824035,0.0501148,0.008125544,0.9174048,34.74259,0.9243963,0.09605722,0.1440707,492.5237,3.803379
2,14.0819544,0.917349005,-1.53823768,0.0151062335,-0.00610840461,-0.0065319929,0.00042358829,2.66223681,37.2335579,-0.120866367,0,0.144070667,10702.5754,6.26143075
0,6.3415907,0.69809982,-1.5576683,0.022549593,0.0098855338,0.007112017,0.0027735168,5.2160207,27.884194,0.10014643,0,0.14407067,5250.6354,5.1855918
0,2.8047436,0.79214849,-1.5844064,0.019319717,0.20659967,0.026028837,0.18057083,12.603143,25.354447,0.41589771,0,0.14407067,2785.644,4.7010988
0,6.7652,0.600825,-0.963777,0.00997972,0.00262634,0.0024689,0.000157443,0.933026,24.1747,0.029921,0.00419996,0.144071,12.3785,3.26364
0,6.17668,0.675734,-0.776052,0.00909584,0.000338556,0.00024399,9.45661e-05,0.941309,27.2511,0.00332562,0.000413344,0.144071,1.24063,2.95556
0,32.3183015,0.7587333232,-1.807077794,0.01935612262,0.98891037,0.742412928,0.2464974421,0.02291665607,0.3394387185,11.36213264,0,0.1440706667,358195.8814,74.18821528
0,6.28188,0.541025,-0.911359,0.00964142,0.001423,0.00130621,0.000116789,0.927106,21.7948,0.0142546,0.00221723,0.144071,5.72815,3.17034
1,58.361,0.959884,-1.25775,0.0115618,,,,,,,,,,
2,15.6844386,0.724782334,-1.5840842,0.0220879379,-2.26918929,-5.06959109,2.8004018,6.42337353,95.5878807,-74.1149296,0,0.144070667,20520.7129,8.24724769
0,5.60575,0.299892,-0.603337,0.0181014,5.03332e-05,1.33419e-05,3.69914e-05,0.87721,12.0976,8.07062e-05,2.25921e-05,0.144071,0.0642837,2.63052
1,0.33601,0.92424,-1.9336,0.019277,,,,,,,,,,
2,15.6272703,0.73142880667773,-1.5967429267911,0.024491934586698,-1.1782912227471,-1.1814111643528,0.0031199416056895,-7.5074662709475e-05,64.275160282996,-17.430036708575,0,0.14407066666667,-1389052228.293,-269730.37602692
0,26.5373,0.427157,-1.09238,0.0214147,0.00610791,0.00592148,0.000186431,0.906675,17.127,0.0510202,0.0102111,0.144071,47.0813,3.46763
0,6.85935,0.202526,-1.04222,0.0231678,0.00295648,0.0028961,6.03737e-05,0.826585,8.14609,0.0118309,0.00495559,0.144071,12.8967,3.3443
0,6.373,0.22844,-0.97289,0.01657,0.0017304,0.0016718,5.8678e-05,0.84375,9.1996,0.0077031,0.0028439,0.14407,5.8562,3.233
2,1.0907091,0.4946155472663072,-1.887766040424799,0.0199509948451084,-2359.715415896825,-2414.020257604167,54.30484170734235,-1.607597638097586e-05,47104.95200613131,-24084.28978998179,0,0.1440706666666666,-199762825199334.8,-38790699144.79369
0,6.38791,0.31517,-0.636985,0.0187273,5.6513e-05,1.98678e-05,3.66452e-05,0.882458,12.7138,0.000126305,3.36434e-05,0.144071,0.103465,2.68863
0,15.8256,0.880852,-1.00601,0.0136985,0.00329447,0.00308769,0.000206785,0.952382,35.4181,0.0548607,0.00526376,0.144071,30.5647,3.35585
0,6.17137,0.49894,-0.889572,0.0116977,0.000900447,0.000814364,8.60835e-05,0.921842,20.11,0.00819582,0.00138139,0.144071,4.01801,3.13
0,6.00478,0.441179,-0.86673,0.0187221,0.000428025,0.000379657,4.83689e-05,0.912869,17.7903,0.00337856,0.000643635,0.144071,2.67675,3.08603
0,0.4483513,0.9511340906816288,-1.812120993620317,0.01782552346825717,0,0,0,-1.351123824576887e-113,38.37045190920261,0,0,0.1440706666666666,-7.327324633240757e+118,-1.422847544861463e+115
0,33.5359,0.998854,-1.03908,0.012169,0.00565976,0.00529526,0.000364503,0.955985,40.0675,0.106688,0.00906168,0.144071,52.6795,3.42119
0,50.821491,0.32508791,-1.4294432,0.022520301,0.25356903,0.17806677,0.075502262,0.71675772,9.7891648,1.1676397,0.73702915,0.14407067,2583.8628,4.5030893
0,6.1799,0.561806,-0.888328,0.0114998,0.00090614,0.000815234,9.09065e-05,0.929913,22.6437,0.00923834,0.00138289,0.144071,4.41388,3.13366
0,4.62581,0.69485,-0.534133,0.0109326,8.11854e-05,9.08128e-06,7.21042e-05,0.942992,28.0292,0.000127281,1.53778e-05,0.144071,0.0569584,2.5551
0,39.92963,0.7648103,-1.230979,0.01284972,0.05931652,0.05204298,0.007273536,0.908781,29.02367,0.8028623,0.100936,0.1440707,472.1395,3.807225
1,0.23957,0.85855,-1.9217,0.018248,,,,,,,,,,
0,23.7685333,0.518296901,-1.7007701,0.0232144759,0.885492021,0.672419576,0.213072445,0.199504308,2.39425017,7.02981881,0,0.144070667,74079.1534,18.8300733
0,35.043779,0.74741457,-1.3154717,0.011451913,0.16229029,0.11991783,0.04237246,0.83713397,25.258658,1.8078837,0.33527186,0.14407067,1320.4677,4.1092939
0,4.71019,0.603901,-0.555075,0.00879695,0.000103195,1.47693e-05,8.84253e-05,0.934958,24.3599,0.000179908,2.50098e-05,0.144071,0.0653377,2.58309
0,5.47335,0.268424,-0.558401,0.0151704,5.12114e-05,8.9387e-06,4.22727e-05,0.864764,10.8281,4.83972e-05,1.51357e-05,0.144071,0.0327712,2.55096
0,6.01615,0.306237,-0.803686,0.0168397,0.000230962,0.000187935,4.30269e-05,0.879335,12.3513,0.00116089,0.000318397,0.144071,0.858419,2.9642
0,5.80965,0.373346,-0.773373,0.0187383,0.000154597,0.000114442,4.0155e-05,0.898856,15.0591,0.000861834,0.000193854,0.144071,0.693669,2.9229
0,15.9434,0.713705,-0.668938,0.0120218,0.000114128,4.66529e-05,6.74751e-05,0.944392,28.7889,0.000671618,7.90048e-05,0.144071,0.330015,2.78023
0,12.00122,0.7643301,-1.122881,0.01297776,0.01502604,0.01424532,0.0007807226,0.9381874,30.37112,0.2196233,0.02492976,0.1440707,119.3786,3.559976
0,33.22227,0.4056928,-1.335059,0.0195463,0.1107678,0.0885795,0.02218835,0.8345414,14.55351,0.7248626,0.2526252,0.1440707,981.5181,4.04782
0,53.552205,0.588431249,-1.56488538,0.0219321146,0.881054595,0.74046773,0.140586865,0.179393875,2.82357004,8.78874847,0,0.144070667,16960.7154,7.52696496
0,6.80732,0.494938,-0.975358,0.0113202,0.00265918,0.00252424,0.000134939,0.920143,19.9136,0.0252004,0.00429651,0.144071,11.9978,3.27355
0,47.24455,0.4335159,-1.287052,0.02240904,0.06178171,0.05449084,0.007290871,0.8719853,16.40832,0.4764899,0.1189355,0.1440707,571.6456,3.892446
0,6.7447,0.456041,-0.983094,0.0145113,0.00228036,0.00217438,0.000105973,0.914285,18.3555,0.0200016,0.00370186,0.144071,12.2928,3.28259
0,6.9046,0.586232,-0.979447,0.00913666,0.0034832,0.0032938,0.000189404,0.930961,23.5673,0.0389486,0.00561036,0.144071,14.7909,3.28893
0,13.7797447,0.8769878456,-1.744066793,0.01551810351,0.3443888041,0.2014715791,0.142917225,1.766861443,23.19503873,3.563957655,0,0.1440706667,141318.6926,31.96338452
0,5.8903,0.22493,-0.52834,0.016351,4.1819e-05,5.6369e-06,3.6183e-05,0.84274,9.0738,2.5575e-05,9.5446e-06,0.14407,0.019153,2.4933
0,6.08872,0.277697,-0.79353,0.0181156,0.000191489,0.000153346,3.81425e-05,0.8686,11.2007,0.000858954,0.000259777,0.144071,0.691695,2.94291
0,5.84209,0.697858,-0.65709,0.0134008,9.58371e-05,3.59437e-05,5.98933e-05,0.943214,28.1502,0.000505959,6.08695e-05,0.144071,0.277485,2.75946
2,31.493244,0.44143999,-1.4591801,0.021898669,0.81947773,-0.48531373,1.3047915,0.29860735,3.2148271,-4.3213498,0,0.14407067,2984.2757,4.6179826
0,12.78386,0.379136,-1.173221,0.01984024,0.01790631,0.01740476,0.0005015501,0.8890487,15.02115,0.1331031,0.03113083,0.1440707,118.9467,3.610046
0,18.173496,0.740278894,-1.61894758,0.0188412423,0.239859079,0.214798739,0.0250603401,1.59911657,22.7009821,3.20739365,0,0.144070667,30633.7935,10.2664946
0,1.559574,0.3044714,-1.494521,0.02187469,0.0119948,8.457431e-05,0.01191022,23.1496,12.13559,0.0005194099,0,0.1440707,228.7946,3.986289
0,5.34167,0.377435,-0.610083,0.0175262,5.60822e-05,1.50268e-05,4.10554e-05,0.899903,15.2255,0.000114402,2.54456e-05,0.144071,0.0860032,2.65223
2,33.556192,0.94020545,-1.3984648,0.0091206598,-0.69081141,-0.75432674,0.06351533,3.1487577,64.131751,-14.305645,0,0.14407067,2588.3247,4.473066
0,2.5522997,0.7562522575,-1.831646372,0.01666859695,0.006232190212,0.00399393601,0.002238254202,8.698635142,30.31843468,0.06092463795,0,0.1440706667,115563.4767,27.03938106
0,63.8353929,0.487131492,-1.52718027,0.0246225412,0.305004687,0.209002362,0.0960023254,0.859968892,13.6578786,2.05363175,0,0.144070667,10544.3016,6.2188736
0,6.01365,0.565246,-0.738207,0.0132778,0.000163682,0.000102817,6.08651e-05,0.930783,22.7993,0.00117226,0.000174145,0.144071,0.645574,2.88403
0,5.70168,0.33249,-0.765797,0.0160762,0.000165974,0.000121028,4.49459e-05,0.887825,13.411,0.00081169,0.000205003,0.144071,0.567435,2.90498
0,12.63114,0.766273,-1.125845,0.01190842,0.0169869,0.01609675,0.0008901513,0.937032,30.38771,0.248798,0.02822273,0.1440707,124.2322,3.565931
0,46.80995,0.413497,-1.303527,0.02105716,0.07790637,0.06685293,0.01105344,0.8577276,15.38164,0.5575938,0.156403,0.1440707,673.1866,3.937041
0,2.8117669,0.99881401702194,-1.5993055672802,0.017007085070035,0.7253699073242,0.72536989318301,1.4141189774719e-08,-2.28623935365e-06,11.065929984992,14.614007469059,0,0.14407066666667,-8115785683.5747,-1575952.9479292
2,22.9527061,0.8658360873,-1.691337468,0.01401556522,-5.859963722,-5.978010949,0.1180472269,-5.218973444,239.6142642,-104.4041013,0,0.1440706667,-251065.4202,-47.18854322
0,6.11395,0.702323,-0.762561,0.0119937,0.000226733,0.000155611,7.11224e-05,0.94347,28.3265,0.00220446,0.000263594,0.144071,1.08191,2.935
0,4.74971,0.564119,-0.555538,0.0105148,8.56037e-05,1.24302e-05,7.31735e-05,0.930704,22.7556,0.000141441,2.10488e-05,0.144071,0.0616795,2.5806
0,32.7168,0.8705815,-1.219091,0.01285343,0.0522856,0.04558681,0.006698799,0.91931,33.2845,0.8005229,0.08661661,0.1440707,459.4494,3.791472
0,5.93418,0.436864,-0.787795,0.0168797,0.000199995,0.000152886,4.71095e-05,0.91223,17.6203,0.00134722,0.000258996,0.144071,0.962508,2.95421
2,1.6704646,0.5321656321,-1.896747977,0.02338128191,-37.53200575,-54.14337044,16.6113647,-244.9918422,827.224915,-581.1888603,0,0.1440706667,-258346.5656,-48.39848196
0,37.32595,0.2067248,-1.287545,0.02175992,0.06077618,0.05919441,0.001581768,0.7943597,7.832798,0.2468303,0.1232626,0.1440707,301.4574,3.807594
2,8.9164514,0.827699869,-1.59017177,0.0187969444,0.00404841545,-0.00210433002,0.00615274547,3.63436556,33.2557142,-0.0351327308,0,0.144070667,13644.2494,6.8970676
2,9.9107389,0.94326678,-1.4594953,0.010193546,-0.099335055,-0.10224513,0.0029100738,-1.5468882,41.833074,-1.9453706,0,0.14407067,-7526.6377,0.051106247
0,70.545007,0.82180578,-1.3641079,0.012301982,0.26314496,0.18041143,0.082733522,0.76825651,24.429041,2.9906006,0.58292745,0.14407067,2599.1245,4.4410202
0,31.050737,0.99803454,-1.4444742,0.0090881946,0.58647477,0.15807259,0.42840218,0.86997784,16.64956,3.1821988,0,0.14407067,4391.7799,4.8964443
0,6.5341,0.23471,-1,0.021222,0.0019011,0.0018468,5.4344e-05,0.84717,9.4507,0.0087433,0.0031466,0.14407,8.491,3.2798
2,15.4151336,0.88659029698,-1.5529026456,0.019204937418,-0.48110798538,-0.4873658423,0.0062578569213,-0.044390279681,52.974255709,-8.7157192483,0,0.14407066667,-1102516.6236,-212.74101286
0,6.54101,0.598996,-0.946385,0.00955897,0.00221025,0.00206321,0.000147036,0.933107,24.1112,0.0249283,0.00350698,0.144071,9.87342,3.23415
0,14.2632,0.315239,-1.06008,0.0196093,0.00440852,0.00429346,0.000115054,0.879775,12.6612,0.0273006,0.00736377,0.144071,23.6866,3.39548
0,0.4698926,0.8892928825258484,-1.855750080211937,0.01405069582228833,0,0,0,-1.020075904354313e-123,35.87566686596244,0,0,0.1440706666666666,-1.589255268511933e+129,-3.086075846431042e+125
0,6.06023,0.301086,-0.887515,0.0180733,0.000559114,0.000513459,4.56547e-05,0.877322,12.1396,0.00311833,0.000870769,0.144071,2.48211,3.1029
0,5.4053,0.22926,-0.54105,0.015103,4.6981e-05,7.1848e-06,3.9797e-05,0.84525,9.2484,3.3225e-05,1.2166e-05,0.14407,0.022914,2.5152
1,0.3077,0.57025,-1.9216,0.022461,,,,,,,,,,
0,5.47897,0.257482,-0.723176,0.0143783,0.000123132,7.8284e-05,4.48476e-05,0.85978,10.386,0.00040658,0.000132581,0.144071,0.262474,2.82269
0,43.81014,0.8066007,-1.20869,0.01237127,0.04683638,0.04217569,0.004660686,0.9196387,31.01567,0.6861925,0.07873792,0.1440707,374.4551,3.754056
0,5.06365,0.619987,-0.61985,0.00968043,0.000111887,3.08408e-05,8.10463e-05,0.936531,25.0086,0.000385686,5.22267e-05,0.144071,0.153883,2.6919
0,5.42249,0.627891,-0.642728,0.0125386,9.49152e-05,3.19441e-05,6.29711e-05,0.93729,25.3279,0.000404576,5.40956e-05,0.144071,0.208917,2.7305
0,77.34184,0.2788697,-1.32579,0.02315613,0.08482859,0.07541893,0.00940966,0.8158339,10.29577,0.4242355,0.1893075,0.1440707,630.5628,3.947665
0,6.155,0.52666,-0.895747,0.00994739,0.0011419,0.00103646,0.00010544,0.925468,21.2221,0.0110106,0.00175855,0.144071,4.57223,3.14292
0,6.65359,0.406763,-0.990759,0.0184965,0.0019638,0.00188177,8.20279e-05,0.905239,16.3773,0.0154395,0.00320474,0.144071,12.2236,3.28995
0,6.09613,0.526617,-0.80188,0.0121328,0.000324427,0.000254848,6.95792e-05,0.925985,21.2378,0.00270708,0.000431787,0.144071,1.36953,2.98649
0,74.795281,0.95352108,-1.4100342,0.012882267,0.34569495,0.22569844,0.11999652,0.71034133,25.168987,4.3409424,1.0041404,0.14407067,5224.2353,5.0325722
0,6.91303,0.554611,-0.988311,0.0126652,0.00280365,0.00266244,0.000141215,0.92786,22.3113,0.0297847,0.00453538,0.144071,15.7436,3.30119
0,5.88156,0.465819,-0.75504,0.0186419,0.000132996,9.09051e-05,4.20911e-05,0.91727,18.7895,0.000854144,0.000153974,0.144071,0.67018,2.90279
0,8.1571949,0.5693427044,-1.795594868,0.02117819943,0.2322848773,0.2180994117,0.01418546561,3.000358809,17.63311426,2.504686785,0,0.1440706667,122633.5783,28.37927972
1,0.50555,0.66995,-1.9744,0.024246,,,,,,,,,,
0,33.3711,0.8695087,-1.222338,0.00932862,0.07447966,0.06473707,0.009742586,0.9042302,32.46497,1.135408,0.1244269,0.1440707,475.0127,3.799453
2,1.3394584,0.868969352,-1.82994474,0.016636832,0.607112609,-0.52738012,1.13449273,14.6366585,13.7729736,-9.24386054,0,0.144070667,30525.1826,10.4562188
0,6.25207,0.365766,-0.879461,0.0149789,0.000617079,0.000558689,5.83903e-05,0.896688,14.7466,0.00412191,0.0009474,0.144071,2.66012,3.09844
0,37.6217431,0.6053080954,-1.71200842,0.02402212456,0.7081003089,0.3664253912,0.3416749176,0.4261687435,7.127960491,4.473909687,0,0.1440706667,119276.4749,27.64237204
0,5.93685,0.695994,-0.791527,0.0128056,0.000280309,0.000211408,6.89011e-05,0.942952,28.0698,0.00296791,0.000358161,0.144071,1.55619,2.98274
0,17.6415,0.310991,-1.15617,0.0212659,0.0135126,0.0132084,0.000304129,0.872697,12.3764,0.0828562,0.0233302,0.144071,80.1994,3.56522
0,5.88686,0.586122,-0.77922,0.0135177,0.000233244,0.000171002,6.22422e-05,0.933035,23.6397,0.00202169,0.000289682,0.144071,1.13085,2.95395
0,6.54261,0.59065,-0.957259,0.0103019,0.0023451,0.00220029,0.000144807,0.932158,23.772,0.0262141,0.00374186,0.144071,11.2051,3.25178
0,188.56992,0.98049768,-1.2774195,0.0084373182,0.15344068,0.1162928,0.037147875,0.85479927,33.485681,2.2999828,0.279125,0.14407067,1051.5635,4.0073247
0,5.87287,0.330635,-0.802572,0.0145385,0.000265741,0.000214587,5.11539e-05,0.887204,13.3349,0.00143112,0.000363556,0.144071,0.905509,2.96584
0,6.40292,0.261686,-0.948839,0.0165652,0.0012861,0.00122917,5.69377e-05,0.861008,10.5433,0.00648808,0.00208851,0.144071,4.8288,3.19887
0,84.888308,0.40856367,-1.3765019,0.022112008,0.1426697,0.10326171,0.039408,0.81240309,14.130681,0.85098951,0.38027751,0.14407067,1667.0847,4.2496083
0,7.434419,0.76254605701,-1.5834955828,0.017081984595,0.93139967892,0.92498392578,0.0064157531433,-0.00087891680584,2.1103155268,14.227396533,0,0.14407066667,-3286009.6289,-636.76544418
0,26.982101,0.7790745,-1.4067011,0.0085828081,0.67879866,0.33185954,0.34693912,0.70918737,10.09512,5.2150499,0,0.14407067,2010.8582,4.3561962
0,4.68348,0.724082,-0.560094,0.0123127,7.56495e-05,1.12549e-05,6.43946e-05,0.945169,29.2086,0.000164383,1.90586e-05,0.144071,0.0826575,2.6002
0,7.04454,0.592385,-0.987729,0.00901544,0.00391577,0.00371048,0.000205287,0.93133,23.8043,0.0443363,0.00632405,0.144071,16.6101,3.30353
0,5.6271,0.22283,-0.74728,0.015499,0.00013815,9.8972e-05,3.9182e-05,0.84143,8.988,0.00044484,0.00016763,0.14407,0.31632,2.8564
0,6.2362,0.23449,-0.98615,0.018795,0.0018028,0.0017463,5.6479e-05,0.84711,9.4428,0.0082599,0.0029726,0.14407,7.0986,3.2564
0,39.392385,0.20757268,-1.4700766,0.019816002,0.45745802,0.3220096,0.13544842,0.5847068,4.543167,1.3482306,0,0.14407067,2477.3552,4.5208778
2,1.9514289,0.5885367060335168,-1.770081036959497,0.02063175535205801,-2.961882159287691,-3.544221748693857,0.5823395894061663,-7.002296218081659e-06,94.06547963585302,-42.07456271070031,0,0.1440706666666666,-201983478176.7329,-39221912.97532298
0,19.9182895,0.739305506,-1.61562159,0.0143736872,0.166510818,0.141856954,0.0246538634,-4.57951571,24.8587378,2.11543527,0,0.144070667,-11223.8517,-0.531238461
0,0.7749644,0.5990522156,-1.953520169,0.02431327646,0.05833376146,0.05833376146,3.469446952e-17,11.4265637,22.75709618,0.7048713044,0,0.1440706667,315960.2923,66.12674497
0,0.4605447,0.8928146480233,-1.865037326054,0.01413817607794,0,0,0,-0.005449889652462,36.01774119069,0,0,0.1440706666667,-336483155.4589,-65338.20074753
0,3.7495051,0.939582509,-1.55063332,0.0148430048,0.831251526,0.27284371,0.558407816,-0.143221282,6.39631647,5.17099408,0,0.144070667,-40074.787,-6.264005
1,103.0971,0.3193116,-1.3202,0.02168528,,,,,,,,,,
0,6.16249,0.490852,-0.895393,0.0131381,0.000859032,0.000781316,7.77162e-05,0.920691,19.7849,0.00773576,0.00132544,0.144071,4.26528,3.13894
0,0.5001364,0.652036784290993,-1.889935893633653,0.02229317544156916,0,0,0,-1.500673105958304e-36,26.30433113457102,0,0,0.1440706666666666,-1.228771238598776e+42,-2.386074355304466e+38
0,48.300515,0.2672486,-1.4850066,0.021138094,0.30848295,0.30848169,1.2573336e-06,0.66057986,7.4554437,1.6629148,1.6030628,0.14407067,4359.1503,4.9302573
0,5.6207,0.20163,-0.69465,0.014546,9.3792e-05,5.364e-05,4.0152e-05,0.82767,8.1333,0.00021816,9.0846e-05,0.14407,0.14801,2.7647
0,0.4685853,0.991108918,-1.78620472,0.0193928321,0,0,0,25.1777772,39.983108,0,0,0.144070667,29371.7838,10.1865283
0,5.18445,0.51558,-0.713025,0.012221,0.000144862,8.08415e-05,6.40209e-05,0.924638,20.7964,0.000840729,0.000136915,0.144071,0.428956,2.83781
0,5.37866,0.336389,-0.532667,0.0169057,4.6659e-05,5.76339e-06,4.08956e-05,0.889054,13.5699,3.91062e-05,9.75909e-06,0.144071,0.028703,2.51841
0,7.0112,0.355973,-1.02711,0.0235572,0.0024275,0.00234957,7.79282e-05,0.893021,14.3257,0.0168706,0.00401348,0.144071,17.2877,3.34509
1,242.3811,0.803936,-1.278075,0.009253493,,,,,,,,,,
0,37.67705,0.4319212,-1.261999,0.02474505,0.04249096,0.03928288,0.003208075,0.8841834,16.68409,0.3422418,0.07807108,0.1440707,415.5049,3.820681
0,22.0303,0.280227,-1.15741,0.020529,0.0142034,0.0139122,0.000291135,0.860977,11.1443,0.0786378,0.0245581,0.144071,74.3804,3.56146
2,13.385617,0.46605658,-1.472266,0.020597351,0.050642389,-0.0027146256,0.053357015,2.3156213,17.849401,-0.025519593,0,0.14407067,2527.7681,4.5338917
0,5.94039,0.379562,-0.662576,0.0172213,7.19887e-05,3.00124e-05,4.19763e-05,0.900398,15.3111,0.000229779,5.08237e-05,0.144071,0.169645,2.73964
0,6.33222,0.703493,-0.929742,0.00992676,0.00174434,0.00160556,0.000138781,0.942578,28.3307,0.022783,0.00272705,0.144071,9.27422,3.21417
0,5.96455,0.323971,-0.842963,0.0141379,0.000425543,0.000370589,5.49539e-05,0.885054,13.064,0.00242172,0.000628098,0.144071,1.49402,3.03207
0,5.85274,0.255767,-0.699981,0.0191938,7.70188e-05,4.35363e-05,3.34825e-05,0.859001,10.3173,0.000224606,7.37278e-05,0.144071,0.193733,2.78387
0,19.443554,0.764145102,-1.67050706,0.018304869,0.283447814,0.169764905,0.113682909,1.47901396,22.0891409,2.61666979,0,0.144070667,62497.7729,16.5421589
0,6.01853,0.306353,-0.821933,0.0143226,0.000330852,0.00027928,5.15716e-05,0.879313,12.3547,0.00172579,0.000473233,0.144071,1.08549,2.99455
0,5.83082,0.308089,-0.598398,0.0150217,6.00628e-05,1.50889e-05,4.4974e-05,0.880078,12.4281,9.37686e-05,2.55504e-05,0.144071,0.0617785,2.62354
0,32.3341,0.223043,-1.1901,0.0248057,0.0174713,0.0171737,0.000297601,0.831049,8.84074,0.0772639,0.0309269,0.144071,93.0221,3.60926
0,4.89644,0.699503,-0.60732,0.00929545,0.000112817,2.73437e-05,8.54731e-05,0.943329,28.216,0.000385809,4.63043e-05,0.144071,0.146745,2.67693
0,5.96867,0.315339,-0.828833,0.0156357,0.000327713,0.000279519,4.81938e-05,0.882345,12.7172,0.00177793,0.000473664,0.144071,1.21668,3.00733
0,6.07883,0.367471,-0.853803,0.0175241,0.000390879,0.000343616,4.72639e-05,0.897258,14.8186,0.00254695,0.000582431,0.144071,1.92136,3.05592
0,4.60752,0.631918,-0.536356,0.0114429,7.72199e-05,8.92772e-06,6.82922e-05,0.937676,25.4907,0.000113796,1.51177e-05,0.144071,0.053603,2.5542
0,0.444497,0.7289913190340334,-1.942207857000464,0.02383160751809504,0,0,0,-1.444059496185698e-10,29.40881482775542,0,0,0.1440706666666666,-2.793949968042478e+16,-5425397469712.476
0,37.920822,0.86741876,-1.3036071,0.011948395,0.1428923,0.10484165,0.03805065,0.85724754,29.992963,1.8343738,0.27591778,0.14407067,1314.7395,4.0960937
0,12.7552139,0.708448227,-1.6033402,0.023318005,0.257241334,0.0357397503,0.221501583,-1.24030517,21.2280945,0.510722278,0,0.144070667,-30224.1298,-4.28396499
0,6.74138,0.415109,-1.01314,0.0223957,0.00214947,0.00206848,8.09861e-05,0.906828,16.7103,0.0173197,0.00352854,0.144071,16.598,3.3289
0,5.90931,0.289053,-0.803856,0.0171136,0.000226735,0.000185334,4.14014e-05,0.873082,11.6583,0.00108058,0.000313989,0.144071,0.81785,2.96187
1,0.314,0.91928,-1.931,0.019126,,,,,,,,,,
0,47.40199,0.7663321,-1.244315,0.01162735,0.07699817,0.06580664,0.01119153,0.8970096,28.53479,1.017213,0.132388,0.1440707,558.1415,3.845859
0,6.35407,0.69479,-0.864685,0.0112096,0.000709971,0.000617575,9.23959e-05,0.942581,28.0092,0.00865503,0.00104712,0.144071,3.97561,3.10456
0,6.0024,0.24531,-0.84818,0.017591,0.000358,0.00031848,3.9519e-05,0.8537,9.8928,0.0015759,0.00053977,0.14407,1.2542,3.0282
0,9.372175,0.9795323,-1.527923,0.01800706,0.08169362,0.004928476,0.07676515,49.60855,36.28788,0.09737705,0,0.1440707,490.3018,4.109634
1,74.4007,0.265712,-1.37341,0.0217443,,,,,,,,,,
2,17.7711857,0.907384088,-1.57089788,0.0171581405,0.413450498,-0.227131556,0.640582054,1.27397693,21.4709369,-4.15713192,0,0.144070667,19619.2776,8.05670906
0,33.292693,0.43814897,-1.331388,0.019696799,0.10655188,0.084554882,0.021996994,0.84339846,15.792333,0.74728395,0.23914848,0.14407067,1005.3427,4.0500082
0,6.3814,0.2326,-1.0031,0.021131,0.0019836,0.0019283,5.531e-05,0.84595,9.3648,0.0090468,0.0032861,0.14407,8.7617,3.2845
0,14.6052742,0.713897629,-1.56480931,0.0195468432,0.247319758,0.24302036,0.00429939757,1.77602708,21.677122,3.49948205,0,0.144070667,13139.5622,6.77176644
0,13.7757199,0.641950428,-1.61915304,0.0195302,0.0598234928,0.0566397181,0.00318377468,-3.47950821,24.3481548,0.733411552,0,0.144070667,-15140.165,-1.30357079
0,6.04381,0.268601,-0.832247,0.0178379,0.00041114,0.000255887,0.000155252,0.864677,10.8314,0.00138638,0.000433801,0.144071,1.10484,3.00577
2,5.6120119,0.94180473,-1.5498212,0.016002745,-0.078187838,-0.10408015,0.025892315,5.9015214,40.964764,-1.9772153,0,0.14407067,6164.0293,5.3633517
2,21.80269,0.33443422,-1.4942411,0.020900329,0.049019518,-0.10824305,0.15726257,1.9645554,12.83032,-0.73019007,0,0.14407067,2840.1497,4.6225133
0,12.6415,0.8160597,-1.121485,0.01198488,0.01603193,0.01514411,0.0008878196,0.9406483,32.39352,0.249282,0.02651539,0.1440707,124.7383,3.561878
0,5.60418,0.365907,-0.758989,0.0189189,0.000133383,9.42348e-05,3.91481e-05,0.897026,14.7594,0.000695516,0.000159614,0.144071,0.566327,2.89807
0,7.47153,0.595365,-0.997669,0.00995773,0.00401731,0.00381511,0.000202198,0.931573,23.9216,0.0458159,0.00650534,0.144071,18.9601,3.32072
0,7.22397,0.637158,-0.940361,0.0097536,0.00201524,0.001872,0.000143237,0.936909,25.6523,0.0240591,0.00318109,0.144071,9.68293,3.22709
2,16.263639,0.89652318,-1.6446124,0.019038406,-0.82821962,-1.60846,0.78024036,-92.394331,66.121859,-29.086868,0,0.14407067,-2147.3654,1.345235
0,4.90789,0.651877,-0.577458,0.0108027,8.86986e-05,1.60331e-05,7.26655e-05,0.939459,26.2955,0.000210818,2.71501e-05,0.144071,0.0935719,2.62394
0,6.3444,0.21045,-0.61144,0.017247,0.019847,1.5299e-05,0.019832,0.83083,8.3213,6.4942e-05,2.6313e-05,0.14407,0.051807,2.6275
0,5.63577,0.307644,-0.539573,0.0162409,4.7983e-05,6.55579e-06,4.14272e-05,0.879933,12.4103,4.06816e-05,1.11008e-05,0.144071,0.0289824,2.52582
0,22.204,0.2858472,-1.214239,0.02136221,0.02707357,0.02644053,0.0006330433,0.8551857,11.21939,0.1524507,0.04896735,0.1440707,156.4224,3.672414
0,35.23842,0.296287,-1.351329,0.02021695,0.1182086,0.09746184,0.02074673,0.8009118,10.53983,0.5824684,0.3010135,0.1440707,912.8256,4.047023
0,13.56208,0.93950636,-1.4895018,0.0084684948,0.031081484,0.029057534,0.0020239501,2.51675,36.723338,0.55066015,0,0.14407067,5970.7936,5.2638726
0,31.19443,0.2502798,-1.224047,0.02038548,0.03179082,0.03112875,0.0006620713,0.836871,9.775751,0.1571494,0.05820287,0.1440707,157.9772,3.683032
0,47.72219,0.2528637,-1.33543,0.01953967,0.1077672,0.09611268,0.01165456,0.7906564,9.101642,0.4902214,0.2539197,0.1440707,651.0029,3.962914
2,1.0486705,0.5945636815068,-1.942641347749,0.02139860265872,-1.119983084671,-16.88996725428,15.76998416961,-0.04902251060941,50.84941243005,-202.5593781981,0,0.1440706666667,-143098401.7658,-27785.8980561
0,5.74082,0.497999,-0.769507,0.0108685,0.000261824,0.000187743,7.40807e-05,0.922113,20.0849,0.00188589,0.000318033,0.144071,0.85815,2.93
0,34.61077,0.88929448,-1.4528402,0.012193649,0.14627396,0.06891016,0.0773638,1.7551929,30.628046,1.2361012,0,0.14407067,4458.7123,4.9185846
0,5.57385,0.309316,-0.615571,0.0188781,5.08345e-05,1.49698e-05,3.58647e-05,0.880503,12.4777,9.33994e-05,2.53489e-05,0.144071,0.0772963,2.65223
0,41.24593,0.871642,-1.234265,0.008841392,0.09092543,0.07720061,0.01372481,0.8931933,31.96633,1.357326,0.1530202,0.1440707,551.8919,3.834017
0,15.0801144,0.5050985912,-1.807202385,0.02434769304,0.6303297768,0.01193559538,0.6183941814,0.7881337684,7.532615386,0.1216033153,0,0.1440706667,231500.1829,49.56366266
0,10.0434,0.256633,-1.06301,0.0220835,0.00404308,0.00395277,9.03179e-05,0.85698,10.3112,0.0204616,0.00679012,0.144071,20.5646,3.39055
0,26.202032,0.97322069,-1.4049734,0.010345504,0.050394445,0.045794161,0.004600284,2.2573023,37.282905,0.89897293,0,0.14407067,2281.9859,4.4136162
1,0.4655,0.56338,-1.9751,0.022353,,,,,,,,,,
2,6.1231139,0.943185944,-1.58456179,0.0154124847,0.0399733892,-0.00320468624,0.0431780754,4.80688297,36.5288296,-0.0609688505,0,0.144070667,10543.6064,6.27611673
0,4.77652,0.360688,-0.552289,0.0183675,4.52204e-05,6.82528e-06,3.83952e-05,0.895748,14.5501,4.96566e-05,1.15572e-05,0.144071,0.0393027,2.55419
0,5.55464,0.493192,-0.723976,0.0123953,0.000154649,9.17413e-05,6.29082e-05,0.921483,19.8932,0.000912653,0.000155379,0.144071,0.473917,2.85389
0,30.9554964,0.6473517658,-1.777582276,0.02041928542,0.6556206437,0.5685376353,0.0870830084,0.7292205312,8.993580225,7.423773726,0,0.1440706667,204194.9665,44.22536383
0,35.42403,0.3021328,-1.289016,0.02333995,0.05885539,0.05535261,0.003502776,0.8410602,11.47122,0.3373349,0.1171106,0.1440707,424.9284,3.850681
0,5.279,0.201,-0.72347,0.018596,9.1305e-05,6.0776e-05,3.0529e-05,0.82722,8.1078,0.0002464,0.0001029,0.14407,0.21378,2.8124
0,5.53329,0.407088,-0.83665,0.0148956,0.000380104,0.000324361,5.57427e-05,0.906306,16.4164,0.00266343,0.000549709,0.144071,1.69057,3.03214
1,0.2454,0.91738,-1.8406,0.014255,,,,,,,,,,
0,5.78052,0.458149,-0.932256,0.0170414,0.00103388,0.000966265,6.7612e-05,0.915431,18.4635,0.00892953,0.00164068,0.144071,6.42769,3.1973
0,12.542796,0.64140947,-1.6923901,0.021695193,0.099987449,0.054317564,0.045669885,13.237012,23.28837,0.70274995,0,0.14407067,9751.7023,6.2261583
0,15.57544,0.8178492,-1.137505,0.01373357,0.01712072,0.01612227,0.0009984473,0.9400342,32.42863,0.2659651,0.02842586,0.1440707,153.5039,3.594146
0,6.4650463,0.8059547594,-1.428660591,0.008378650896,0.3923196194,0.3839287291,0.008390890347,-0.01085095859,19.75791194,6.241463656,0,0.1440706667,-341038.5979,-64.93828877
1,0.16814,0.53892,-1.8684,0.02403,,,,,,,,,,
0,36.279418,0.87688413,-1.3369796,0.010582075,0.21598971,0.15018926,0.065800453,0.80613363,27.734423,2.6564782,0.4782831,0.14407067,1984.7477,4.2807329
1,0.22285,0.46923,-1.8587,0.019555,,,,,,,,,,
0,41.32078,0.41476042,-1.3669758,0.024028549,0.12378872,0.091321623,0.032467095,0.82735868,14.660923,0.76400482,0.30964226,0.14407067,1502.7703,4.2028432
1,0.32486,0.54179,-1.9723,0.024512,,,,,,,,,,
1,0.22443,0.8215,-1.9245,0.019081,,,,,,,,,,
0,0.3699278,0.942017025,-1.94669689,0.0159905217,0,0,0,56.2501747,38.0026531,0,0,0.144070667,98187.9206,23.7720084
0,4.75824,0.454412,-0.712181,0.0193943,8.97445e-05,5.0393e-05,3.93515e-05,0.915399,18.3302,0.000461897,8.5344e-05,0.144071,0.377782,2.83042
0,57.338926,0.41289409,-1.4116691,0.022994721,0.20717217,0.14093586,0.06623631,0.77195291,13.206044,1.1737763,0.57448553,0.14407067,2575.885,4.4836072
