Error,time,CO2share,E_appl,v,X_tot,X_het,X_hom,FE,CO2_out,CO_out,H2_out,delP,CD,Vcell
0,12.284794,0.5648313865,-1.64771092,0.0215442845,0.5683503347,0.4120421867,0.1563081479,-0.03684802112,9.835702773,4.694460351,0,0.1440706667,-833455.1034,-160.384448
0,9.388237,0.4432609,-1.166199,0.02207677,0.01485401,0.01437028,0.0004837319,0.9040677,17.61632,0.1284842,0.02556416,0.1440707,125.3483,3.606961
0,12.8628,0.45694,-1.03184,0.0232062,0.00263304,0.00253502,9.80228e-05,0.914212,18.3852,0.023365,0.00432977,0.144071,23.0319,3.36568
2,7.0717222,0.60984989,-1.6013371,0.020169167,0.38316307,-0.0214634,0.40462647,2.6288946,15.175691,-0.26402597,0,0.14407067,9935.111,6.1716778
0,6.14311,0.726148,-0.661261,0.0113124,0.000116289,4.49222e-05,7.13665e-05,0.94529,29.2907,0.000657979,7.60755e-05,0.144071,0.303949,2.76832
0,5.24634,0.583499,-0.620777,0.00881822,0.000122532,3.42619e-05,8.82699e-05,0.932826,23.5365,0.000403251,5.80202e-05,0.144071,0.147143,2.69053
0,147.3374,0.9619599,-1.256282,0.008489305,0.122766,0.09731478,0.02545124,0.8754567,34.04298,1.888256,0.2114535,0.1440707,795.641,3.922161
0,6.18833,0.614782,-0.813758,0.0109187,0.000411337,0.000329822,8.15154e-05,0.935836,24.7912,0.00409003,0.000558882,0.144071,1.84258,3.01371
2,15.084811,0.49592655,-1.5166945,0.020338694,0.67011627,-0.22770258,0.89781885,0.79078285,6.5998403,-2.2777732,0,0.14407067,4842.8318,5.061275
1,0.11067,0.92991,-1.912,0.017617,,,,,,,,,,
2,0.8194819,0.7215803221816,-1.906471984836,0.0227107040127,0.2529604104134,-0.003157204320048,0.2561176147335,-0.01303022302846,21.74620438161,-0.04595285937674,0,0.1440706666667,-144679559.7899,-28092.97002129
0,23.0644961,0.898940891,-1.63515981,0.0182466706,0.335284562,0.187892167,0.147392396,1.15612543,24.1058288,3.40694389,0,0.144070667,55410.541,15.1244018
0,77.340206,0.77126312,-1.4309997,0.012148321,0.40866582,0.2742195,0.13444632,0.6520599,18.398852,4.2660513,1.3938799,0.14407067,5446.057,5.0987485
0,7.7326,0.254722,-1.01935,0.0209629,0.00615703,0.00238296,0.00377407,0.85658,10.2127,0.0122436,0.00408224,0.144071,11.6295,3.31586
2,22.56291,0.99184806,-1.4287828,0.010535871,-0.062519308,-0.12573955,0.063220237,2.5988302,42.514507,-2.5156036,0,0.14407067,3068.8209,4.6054381
0,6.28296,0.259215,-0.878562,0.0171933,0.000525059,0.000481182,4.38777e-05,0.86034,10.4517,0.00251591,0.000815897,0.144071,1.94245,3.08124
0,6.2163,0.319779,-0.847268,0.0142917,0.000441904,0.000387426,5.44786e-05,0.883715,12.8948,0.00249899,0.000656666,0.144071,1.56087,3.03864
0,5.61565,0.685007,-0.713123,0.0133435,0.000135765,7.41342e-05,6.16308e-05,0.942185,27.6307,0.00102433,0.000125556,0.144071,0.560015,2.85163
0,28.200903,0.80272218,-1.4464774,0.013745259,0.35586576,0.27261976,0.083246008,1.2328767,20.85916,4.4141568,0,0.14407067,3983.8029,4.8142153
0,50.796,0.26927319,-1.4958677,0.024287881,0.29155269,0.29155151,1.1790878e-06,0.67337229,7.6958367,1.5835566,1.6040395,0.14407067,5075.0769,5.0879533
0,6.2628,0.315666,-0.877056,0.0165583,0.000539632,0.00049007,4.9562e-05,0.882321,12.7277,0.0031204,0.000830968,0.144071,2.26234,3.08763
0,6.10146,0.550595,-0.847872,0.00944538,0.000688749,0.000590695,9.80547e-05,0.928738,22.1967,0.00656026,0.00100133,0.144071,2.5765,3.06519
1,1.7425,0.58983,-1.9551,0.023052,,,,,,,,,,
0,36.94944,0.2285314,-1.226749,0.02178655,0.03068294,0.03010028,0.0005826598,0.8261675,8.936487,0.1387527,0.05638331,0.1440707,151.452,3.6823
2,7.731467,0.8084323,-1.389009,0.01343853,0.06240824,-0.01849024,0.08089849,6.647879,30.57825,-0.3015168,0,0.1440707,517.6838,3.97883
0,5.28677,0.375895,-0.531926,0.0152148,5.31246e-05,6.34315e-06,4.67815e-05,0.899536,15.1635,4.80947e-05,1.07409e-05,0.144071,0.0313995,2.52229
0,6.39891,0.316658,-0.91528,0.0141239,0.00100262,0.00093787,6.47503e-05,0.882357,12.7617,0.00599043,0.00159175,0.144071,3.70623,3.1515
0,33.1289,0.844868,-1.0499,0.0129633,0.0060413,0.00570453,0.000336775,0.948752,33.8776,0.0972151,0.00977423,0.144071,51.5699,3.4307
0,19.9411,0.265302,-1.14761,0.0214444,0.0120405,0.0118053,0.000235137,0.85602,10.5739,0.0631747,0.0207265,0.144071,62.579,3.54048
0,6.42359,0.296376,-0.928278,0.0152024,0.00109026,0.00102925,6.10096e-05,0.875291,11.9433,0.00615306,0.00174754,0.144071,4.13188,3.17017
0,59.09045,0.9150977,-1.255215,0.009594075,0.1070065,0.0859082,0.02109834,0.8843497,32.96635,1.585723,0.1845593,0.1440707,752.3559,3.909815
0,7.02908,0.586831,-0.984755,0.0114326,0.00297582,0.00281823,0.000157593,0.93135,23.6034,0.0333591,0.00480004,0.144071,15.8521,3.29801
0,6.3277,0.467041,-0.75676,0.0117342,0.000214627,0.00014764,6.69872e-05,0.917417,18.8372,0.00139086,0.000250082,0.144071,0.686788,2.90578
0,54.16315,0.8247512,-1.264157,0.00930126,0.120334,0.09710555,0.02322842,0.8708576,29.26819,1.615445,0.2135399,0.1440707,760.8638,3.920987
0,40.2854523,0.6900780243,-1.721994732,0.0207401665,0.8494500477,0.6013151646,0.2481348831,0.2340539486,4.191157542,8.37000128,0,0.1440706667,145176.799,32.6918781
2,17.0610052,0.5725289194,-1.780159504,0.02030089025,-1.039085618,-1.125203511,0.08611789371,-5.002623456,47.09643738,-12.9943236,0,0.1440706667,-161115.9277,-29.61019661
0,38.29725,0.3720463,-1.267881,0.01949537,0.05663482,0.05317749,0.003457331,0.8624728,14.15898,0.3990709,0.1068712,0.1440707,389.8667,3.818312
1,95.5382,0.37196,-1.31557,0.0201969,,,,,,,,,,
2,0.7596719,0.5530352712981985,-1.937800240404455,0.02079358070905484,-0.02013469286317105,-0.02013469286317103,-1.387778780781446e-17,-5.053903671171279e-09,22.75964658446792,-0.2246068567506539,0,0.1440706666666666,-583817478084800.2,-113367880763.2716
2,6.8892185,0.5634395,-1.5297294,0.024060022,-0.0076657696,-0.017978653,0.010312883,4.1335679,22.904402,-0.20432881,0,0.14407067,3801.2927,4.8596171
0,40.18779,0.2467847,-1.268768,0.02045824,0.06301475,0.05085933,0.01215542,0.8206415,9.328377,0.253171,0.1030082,0.1440707,273.0424,3.778212
0,6.26858,0.656746,-0.660965,0.0130255,0.000100118,3.88666e-05,6.12512e-05,0.939874,26.4916,0.000514871,6.58195e-05,0.144071,0.275438,2.76295
0,17.6231295,0.704091957,-1.782924805,0.02347592558,0.2647788386,0.1988690433,0.06590979529,-1.343511151,20.88346448,2.824370966,0,0.1440706667,-275635.7777,-51.87291803
0,10.84647,0.4628264,-1.172014,0.0220352,0.01599149,0.01543561,0.000555877,0.9066724,18.37267,0.1441011,0.02759875,0.1440707,140.4641,3.621562
0,6.3688,0.709542,-0.760763,0.00930394,0.000287675,0.000196015,9.16596e-05,0.943972,28.6159,0.00280539,0.000332044,0.144071,1.06745,2.93251
0,5.22688,0.435443,-0.699275,0.0148256,0.000106623,5.5853e-05,5.07703e-05,0.912029,17.5647,0.000490572,9.45895e-05,0.144071,0.30784,2.80699
0,6.11196,0.491987,-0.749194,0.0109487,0.000215785,0.000143581,7.22042e-05,0.921268,19.8434,0.00142487,0.0002432,0.144071,0.653725,2.89567
2,10.7507863,0.5034687609377,-1.562824626143,0.02141344302376,-11.69698935616,-11.75564717407,0.05865781791009,-0.0008700794427983,257.8864064258,-119.3834821741,0,0.1440706666667,-311047659.2435,-60399.33829273
0,20.174008,0.39357358,-1.4989492,0.020364703,0.82947237,0.2981463,0.53132608,0.29243951,2.7075461,2.3669034,0,0.14407067,4277.3207,4.9273363
0,37.43481,0.7725544,-1.242806,0.009034688,0.09636949,0.08273517,0.01363432,0.8842236,28.16276,1.289272,0.1671101,0.1440707,548.108,3.84147
0,9.7250492,0.559797537,-1.61867086,0.0223477584,0.00176973707,0.00157168492,0.000198052152,3.11963797,22.5432684,0.0177468647,0,0.144070667,15538.364,7.30005242
2,22.1819267,0.650955898,-1.6154392,0.0199489608,-1.57655104,-1.72380786,0.147256825,4.68582249,67.6621015,-22.6342232,0,0.144070667,29786.8518,10.0970833
0,15.739839,0.7587490038,-1.883650301,0.01631852499,0.9806474129,0.8895534114,0.09109400143,0.04625119186,0.592369012,13.61430055,0,0.1440706667,828200.4084,165.5751078
0,6.54212,0.286754,-0.956991,0.0148836,0.00158761,0.00151848,6.91284e-05,0.871355,11.5498,0.00878301,0.00258108,0.144071,5.80396,3.21666
0,6.32203,0.64776,-0.891624,0.0127099,0.00085702,0.000769491,8.75291e-05,0.938604,26.1094,0.0100541,0.00130534,0.144071,5.26036,3.14614
0,4.79986,0.584131,-0.521545,0.00967982,8.84263e-05,8.72538e-06,7.97009e-05,0.932915,23.5628,0.000102806,1.47751e-05,0.144071,0.0411737,2.52583
0,31.324488,0.3307609,-1.3534816,0.020604589,0.12451455,0.099192622,0.025321923,0.80730653,11.682029,0.66178772,0.30363204,0.14407067,1031.8788,4.0785934
1,0.37361,0.55978,-1.9911,0.023923,,,,,,,,,,
0,6.23332,0.452481,-0.921816,0.0161407,0.000960175,0.000892392,6.77823e-05,0.914516,18.2364,0.00814482,0.00151484,0.144071,5.55741,3.17921
0,6.16848,0.685366,-0.845811,0.00880875,0.000727794,0.00061683,0.000110964,0.941832,27.6288,0.00852733,0.00104564,0.144071,3.07981,3.0724
0,6.61931,0.607717,-0.955232,0.0120668,0.0019546,0.00183071,0.000123892,0.93415,24.4685,0.0224411,0.00311248,0.144071,11.2131,3.24979
0,6.11254,0.622521,-0.78825,0.00855833,0.000403671,0.000303271,0.000100399,0.936585,25.1035,0.00380812,0.000513816,0.144071,1.34345,2.97187
0,11.45934,0.9266407,-1.413978,0.009484529,0.3449941,0.1198457,0.2251484,6.371496,24.48565,2.240057,0,0.1440707,596.067,4.026264
2,22.4214826,0.628848445,-1.60348165,0.0209748872,-1.58639282,-2.58168526,0.995292444,-3.22685704,65.6138684,-32.7472215,0,0.144070667,-35972.9719,-5.40910249
0,5.42371,0.486491,-0.686539,0.0100097,0.000147192,7.024e-05,7.69521e-05,0.920494,19.623,0.000689262,0.000118955,0.144071,0.289328,2.79106
0,5.7069,0.22024,-0.75125,0.014982,0.00014813,0.00010774,4.0388e-05,0.83986,8.8835,0.00047864,0.00018248,0.14407,0.32961,2.8625
0,6.10322,0.694383,-0.846981,0.0104133,0.000624208,0.000529711,9.44965e-05,0.942605,27.9952,0.00741931,0.000897927,0.144071,3.16533,3.07499
0,47.414691,0.93266176,-1.3271708,0.013555024,0.16693729,0.11577661,0.051160681,0.84316636,31.344188,2.1780617,0.32918333,0.14407067,1890.6852,4.250164
0,44.77422,0.29352727,-1.4610919,0.023162934,0.25026696,0.25026584,1.1216737e-06,0.71086139,8.8779004,1.4817509,1.0760094,0.14407067,3547.9076,4.7382318
0,6.16764,0.432371,-0.881953,0.0147671,0.000648477,0.000585104,6.33731e-05,0.911117,17.4313,0.00510287,0.000992246,0.144071,3.19528,3.11045
2,20.557245,0.53840213,-1.5317011,0.022262297,0.28500609,-0.029601004,0.31460709,1.3219534,15.529743,-0.32146847,0,0.14407067,8265.7906,5.7684349
0,33.8239,0.346676,-1.12014,0.0235374,0.00783545,0.00764004,0.000195414,0.887113,13.8759,0.053425,0.0132701,0.144071,55.6871,3.50569
0,5.14126,0.530816,-0.699711,0.0107366,0.000150697,7.75549e-05,7.31423e-05,0.926637,21.4108,0.000830383,0.000131347,0.144071,0.371404,2.81708
0,0.4118664,0.7922753470754633,-1.790234777937128,0.01664872147992709,0,0,0,-3.435369823196706e-06,31.96180580807464,0,0,0.1440706666666666,-181221789663.0828,-35190329.93567957
1,0.49603,0.72492,-1.96,0.02239,,,,,,,,,,
1,0.23704,0.93703,-1.9859,0.015562,,,,,,,,,,
0,18.3084546,0.565883681,-1.65735015,0.0233775381,0.174615693,0.14319688,0.0314188132,1.87145236,18.8425008,1.63450366,0,0.144070667,35581.369,11.2733289
0,39.487733,0.37403525,-1.3899445,0.021064782,0.16374865,0.11741627,0.046332379,0.7923587,12.618407,0.88586185,0.47441749,0.14407067,1814.0017,4.2959195
0,10.0356595,0.98689521083,-1.4361406217,0.0091109735571,0.54486850881,0.38440477823,0.16046373058,-0.0010490142073,18.120204453,7.6521766887,0,0.14407066667,-3561551.7943,-690.42275393
0,4.97192,0.531762,-0.612964,0.0113975,9.15666e-05,2.39775e-05,6.75891e-05,0.926795,21.4503,0.000257185,4.06034e-05,0.144071,0.122084,2.67312
2,26.9553908,0.474719899,-1.68762928,0.0195285398,0.129297873,-0.329383407,0.45868128,1.38411267,16.6748605,-3.15401914,0,0.144070667,62815.113,16.6211637
0,12.1590017,0.554761798,-1.73580148,0.0197528994,0.16254428,0.11150887,0.0510354102,1.88431386,18.7423294,1.24778894,0,0.144070667,96287.4572,23.1910696
2,18.6853423,0.974597524,-1.62293609,0.0142519025,-0.536173529,-0.586368233,0.0501947038,3.29920833,60.3977482,-11.5271225,0,0.144070667,41581.191,12.4119897
0,12.7499,0.9703607,-1.106847,0.01368683,0.01181484,0.01105802,0.0007568255,0.9508203,38.68358,0.216439,0.0192385,0.1440707,122.1068,3.545633
1,0.24221,0.7592,-1.8414,0.019034,,,,,,,,,,
0,6.29872,0.692053,-0.722726,0.0109021,0.000178612,0.000102643,7.59685e-05,0.942712,27.9137,0.00143283,0.000173847,0.144071,0.639664,2.86808
0,4.96598,0.565794,-0.682387,0.0103525,0.000140287,6.43885e-05,7.58981e-05,0.93086,22.8219,0.000734838,0.000109045,0.144071,0.315467,2.79136
2,19.969708,0.31985608,-1.4930572,0.021167883,0.83577861,-0.29354123,1.1293198,0.24900999,2.1190416,-1.8938644,0,0.14407067,3644.9074,4.7904189
0,6.15149,0.652879,-0.803731,0.0113224,0.000357997,0.000279651,7.83454e-05,0.939373,26.3289,0.00368277,0.000473826,0.144071,1.71391,2.99994
0,6.31348,0.272169,-0.977498,0.0152091,0.00200447,0.00193161,7.28591e-05,0.865176,10.9578,0.0106043,0.00328705,0.144071,7.21711,3.24864
2,40.7208939,0.9606734007286,-1.657496043426,0.01849235856551,-11.62483912451,-11.81754772069,0.1927085961821,-0.006842201337434,489.2792352371,-228.9962135015,0,0.1440706666667,-253184841.9526,-49163.212855
2,14.1037371,0.5373875411,-1.876192807,0.0248149244,0.2974435462,-0.04672816068,0.3441717069,2.283059525,15.23084461,-0.5065139963,0,0.1440706667,391986.9099,80.82363175
0,5.01403,0.541862,-0.594447,0.0114781,8.59337e-05,1.87696e-05,6.71641e-05,0.928064,21.8578,0.000205149,3.1784e-05,0.144071,0.0979367,2.64327
0,20.7186,0.971723,-1.00304,0.0123609,0.0035328,0.00329382,0.000238979,0.956298,39.0625,0.0645605,0.00561469,0.144071,32.3132,3.35608
0,4.79241,0.730533,-0.570808,0.0112066,8.50888e-05,1.41901e-05,7.08987e-05,0.94562,29.4685,0.000209098,2.40291e-05,0.144071,0.0956511,2.61842
0,46.2802,0.886979,-1.03782,0.0121455,0.00554811,0.00522153,0.000326585,0.951213,35.5838,0.0934191,0.00893285,0.144071,46.2611,3.41201
0,19.8302,0.27467,-1.116,0.0238492,0.007303,0.00715253,0.000150469,0.862966,10.9998,0.0396274,0.0124187,0.144071,43.0307,3.48584
0,6.23269,0.342682,-0.912036,0.0146006,0.000934479,0.000870297,6.41818e-05,0.890314,13.8115,0.00601567,0.00147693,0.144071,3.81299,3.14974
1,0.2379,0.89598,-1.9134,0.014144,,,,,,,,,,
0,0.7270507,0.649948679,-1.78587582,0.021601871,0.261046812,0.00758839665,0.253458415,-5.90653029,19.3754215,0.0994842338,0,0.144070667,-60416.4387,-9.99987441
1,0.35237,0.64901,-1.9047,0.022969,,,,,,,,,,
0,6.63578,0.378837,-0.854675,0.0146649,0.00237815,0.000414435,0.00196372,0.899793,15.2466,0.0031669,0.000703825,0.144071,1.99349,3.0587
0,54.658285,0.30422026,-1.4834665,0.020703774,0.34841939,0.23697255,0.11144684,0.64199499,7.9967119,1.4541571,1.6046327,0.14407067,4716.7438,5.0022072
0,33.0016858,0.9203052176,-1.356840471,0.01188618778,0.8280462801,0.810734603,0.0173116771,-0.004405781321,6.384084485,15.04997451,0,0.1440706667,-107885.1416,-19.67635346
0,0.4506423,0.5859650663827,-1.842574518826,0.02333525120486,0,0,0,-0.001734669076786,23.63887975459,0,0,0.1440706666667,-519920888.3553,-100958.8766923
2,25.873983,0.51180565,-1.5613425,0.023604552,-3.2188241,-3.2644939,0.04566972,9.8743299,87.10672,-33.701257,0,0.14407067,9083.0873,5.9616269
0,6.1721,0.400844,-0.919986,0.0147963,0.00102062,0.00095088,6.97439e-05,0.904585,16.1543,0.00768824,0.00161409,0.144071,4.86134,3.17037
0,24.4303,0.292206,-1.10916,0.0243382,0.00658263,0.00643843,0.000144197,0.870346,11.7105,0.0379485,0.0111452,0.144071,41.6004,3.47699
0,22.055177,0.60122189,-1.6567418,0.023202772,0.50518134,0.29633385,0.20884749,24.180507,12.001513,3.593695,0,0.14407067,1740.3639,4.5462882
2,13.4629871,0.722601234,-1.58182925,0.0225659814,0.0479736654,-0.0130614809,0.0610351463,2.62975382,27.7525457,-0.190377793,0,0.144070667,14137.1344,6.98625875
0,16.5948157,0.6624176434,-1.730224102,0.02153799478,0.1530399835,0.06881806414,0.08422191936,1.812201378,22.63340871,0.919516472,0,0.1440706667,112545.9333,26.35064133
2,8.556878,0.44919058,-1.4992967,0.021327534,0.90570964,-0.049510552,0.95522019,0.32402745,1.7086499,-0.44859412,0,0.14407067,2447.0428,4.5435791
0,42.92229,0.30192,-1.297107,0.02130068,0.0695821,0.06472492,0.004857182,0.8342064,11.33248,0.3941745,0.1423746,0.1440707,469.5857,3.872577
0,17.544,0.963001,-1.08327,0.0111447,0.0107618,0.0101008,0.000660916,0.951212,38.4311,0.196205,0.0174543,0.144071,89.5807,3.49983
0,6.16441,0.633926,-0.894154,0.011404,0.000983604,0.000885842,9.77618e-05,0.937278,25.5485,0.0113271,0.00150286,0.144071,5.32488,3.14931
0,5.25769,0.519538,-0.598285,0.0116039,8.52366e-05,1.95044e-05,6.57322e-05,0.925207,20.9573,0.000204397,3.30283e-05,0.144071,0.098952,2.64764
0,6.24138,0.46979,-0.736858,0.00973966,0.000217541,0.000137757,7.9784e-05,0.917858,18.948,0.0013054,0.000233329,0.144071,0.534735,2.87299
0,50.457239,0.540653855,-1.5671242,0.0202605972,0.379398774,0.235408942,0.143989832,0.995958168,13.5358988,2.56724566,0,0.144070667,15072.6059,7.15649936
0,51.318325,0.25880446,-1.4947007,0.022291372,0.31226843,0.31226721,1.2260595e-06,0.65466579,7.1803544,1.630134,1.7217007,0.14407067,4797.9755,5.0300926
0,8.7301,0.24381,-0.69294,0.018998,7.3354e-05,4.0283e-05,3.3071e-05,0.8531,9.8349,0.0001981,6.8049e-05,0.14407,0.16988,2.7701
0,17.5683717,0.653302769,-1.739160903,0.02496529508,0.1862054724,0.09116603765,0.09503943472,1.725841325,21.44788292,1.201358841,0,0.1440706667,125609.7426,28.90200066
2,26.2546982,0.532546274083761,-1.85106439495998,0.0216382308126208,-15513.478507697,-33307.2468913738,17793.7683836768,-0.82171391330553,333311.040068501,-357784.281878195,0,0.144070666666667,-17259029984.7515,-3351422.41277818
0,6.06158,0.303901,-0.623989,0.0165669,5.98841e-05,1.9006e-05,4.08781e-05,0.878627,12.2592,0.000116506,3.21838e-05,0.144071,0.0847954,2.66541
0,4.80467,0.62385,-0.505167,0.0121663,6.95346e-05,5.62514e-06,6.39094e-05,0.936926,25.1655,7.07846e-05,9.52523e-06,0.144071,0.0354789,2.5018
0,53.37197,0.7545748,-1.264006,0.009050919,0.1226752,0.1011467,0.02152846,0.8652799,26.70655,1.539498,0.2190203,0.1440707,697.3898,3.904034
0,17.975868,0.6549931167,-1.772519671,0.02065732345,0.3263082646,0.1788007951,0.1475074696,1.416877281,17.80135749,2.362279887,0,0.1440706667,194917.4518,42.41636918
0,47.40244,0.3670409,-1.303227,0.02029784,0.07925519,0.06997497,0.009280218,0.8466303,13.63355,0.5180627,0.1616285,0.1440707,602.1715,3.917222
0,5.05494,0.460474,-0.588057,0.0146616,6.44685e-05,1.35362e-05,5.09323e-05,0.916435,18.5752,0.000125727,2.2922e-05,0.144071,0.0776427,2.62494
0,42.33563,0.3705484,-1.250762,0.02084625,0.04315245,0.04116849,0.001983955,0.8708511,14.30352,0.3077054,0.08021725,0.1440707,313.0633,3.775006
0,6.38042,0.469879,-0.881174,0.0128577,0.000740025,0.000665279,7.47463e-05,0.91754,18.9418,0.00630544,0.00112826,0.144071,3.41352,3.11311
0,13.5719,0.939167,-1.09054,0.0101555,0.0129136,0.0121345,0.000779039,0.948792,37.3984,0.229875,0.0210273,0.144071,95.9408,3.51185
0,44.804508,0.31767449,-1.4636402,0.023556242,0.24096281,0.24096165,1.1546174e-06,0.72478268,9.7274849,1.544029,1.0932488,0.14407067,3939.6268,4.8222268
1,0.23772,0.79239,-1.9054,0.016678,,,,,,,,,,
0,0.4708853,0.640680424926321,-1.88694549944465,0.0234150736918363,0,0,0,-6.07467983358717e-05,25.8461952679936,0,0,0.144070666666667,-28702607334.0658,-5573579.43181225
0,6.0889,0.491055,-0.852648,0.0125371,0.000545451,0.000473196,7.22548e-05,0.92092,19.7992,0.00468701,0.00080213,0.144071,2.46436,3.06766
0,32.39269,0.3514804,-1.215326,0.02013759,0.02913724,0.02825468,0.0008825582,0.8749898,13.7662,0.2003165,0.05267598,0.1440707,190.2255,3.690119
2,20.4224737,0.781987545411,-1.68911452768,0.0157471376708,-836.910072767,-1089.52686085,252.616788087,-11.0423507688,26433.3626072,-17185.5307146,0,0.144070666667,-12721831.5715,-2469.01288711
0,14.4667049,0.921235712,-1.453541033,0.01115064118,0.9524185191,0.8790400358,0.07337848334,-0.000628005307,1.768332324,16.33445283,0,0.1440706667,-725981.1873,-139.7018337
0,6.01447,0.54567,-0.740643,0.00933013,0.000236958,0.000150964,8.59942e-05,0.928434,22.0081,0.00166161,0.000255704,0.144071,0.644607,2.88639
0,6.19498,0.391088,-0.892064,0.0184978,0.000582003,0.000531806,5.01967e-05,0.902726,15.768,0.00419521,0.000901976,0.144071,3.3218,3.12258
0,40.138843,0.33956037,-1.4448356,0.024867501,0.21028565,0.21028455,1.101006e-06,0.75210379,10.817881,1.4402886,0.81337847,0.14407067,3316.092,4.6734888
0,4.74515,0.594562,-0.538043,0.0116319,7.55239e-05,8.97506e-06,6.65488e-05,0.934022,23.9839,0.000107637,1.51979e-05,0.144071,0.0517407,2.55407
0,26.2363954,0.674641249,-1.6179025,0.0204992805,0.622962508,0.496864649,0.12609786,0.610290375,10.2615412,6.76139269,0,0.144070667,35799.9469,11.2766402
0,19.8078406,0.691878454,-1.70853956,0.0219195721,0.294399586,0.180506827,0.113892759,1.57427682,19.6944474,2.51911857,0,0.144070667,85326.3079,21.0291205
0,7.4584826,0.78816761,-1.4442498,0.013097142,0.027321441,0.00072425873,0.026597182,-5.00658,30.927377,0.011514299,0,0.14407067,-1413.5012,1.3088637
0,4.58441,0.708471,-0.5208,0.00967067,9.02737e-05,8.65038e-06,8.16233e-05,0.94402,28.5784,0.000123618,1.46482e-05,0.144071,0.0488804,2.53391
2,15.5269556,0.8659239879,-1.717014857,0.01550536898,-0.925213158,-1.379043197,0.4538300395,-1.744828358,67.25332459,-24.08700548,0,0.1440706667,-293130.0136,-55.3390866
0,6.3792,0.351737,-0.882449,0.0139085,0.000687609,0.000625183,6.24263e-05,0.892977,14.1799,0.00443558,0.00106023,0.144071,2.66903,3.1016
0,5.91554,0.372248,-0.755236,0.015585,0.000156657,0.00010901,4.76475e-05,0.898587,15.0148,0.000818508,0.00018464,0.144071,0.54806,2.89263
2,4.0037382,0.77681333,-1.5569989,0.014775442,0.55879034,-0.0083100621,0.5671004,3.0215106,13.826646,-0.13021053,0,0.14407067,4456.0679,5.0221994
0,38.921462,0.93143746,-1.3454508,0.011871223,0.21613172,0.14675969,0.069372027,0.80885301,29.454521,2.7573104,0.47535297,0.14407067,2342.2399,4.367133
0,19.2851459,0.534620073,-1.6444642,0.0243091442,0.124696781,0.0964824606,0.0282143208,1.76743799,18.8781291,1.04044422,0,0.144070667,31988.5174,10.5573001
0,14.090666,0.95950676,-1.3665063,0.013668342,0.51625703,0.1003656,0.41589142,1.2493231,18.72483,1.942487,0,0.14407067,1263.424,4.1469824
0,30.3750487,0.848617025,-1.65459543,0.015293689,0.640203473,0.419464676,0.220738797,-1.74085807,12.3175369,7.18012995,0,0.144070667,-24135.5043,-3.03883867
0,6.20394,0.645194,-0.818186,0.00912208,0.000517262,0.000417852,9.94101e-05,0.938596,26.0148,0.00543799,0.00070811,0.144071,2.04068,3.02342
0,5.28135,0.431188,-0.618885,0.0187349,5.53583e-05,1.57399e-05,3.96184e-05,0.911271,17.3939,0.000136897,2.66534e-05,0.144071,0.10864,2.67304
0,6.6997,0.21034,-0.87813,0.014165,0.0021578,0.0021105,4.737e-05,0.83307,8.4672,0.0089543,0.00098488,0.14407,1.6162,3.0713
0,35.1335,0.906137,-1.05008,0.00948332,0.00829472,0.0078064,0.000488316,0.950331,36.252,0.142682,0.0133918,0.144071,55.2194,3.4351
0,16.5516316,0.800445263,-1.70991346,0.0153473366,0.946127591,0.598067176,0.348060415,0.121596763,1.73961523,9.65621166,0,0.144070667,99315.1866,23.7547083
0,5.68632,0.354278,-0.7311,0.0176976,0.000111275,7.04135e-05,4.08618e-05,0.894021,14.2906,0.000503182,0.000119255,0.144071,0.38453,2.85025
0,0.4665883,0.637980442858598,-1.82441453552845,0.02030012650773904,0,0,0,-1.131726956549873e-12,25.73727315795647,0,0,0.1440706666666666,-6.87137103377803e+17,-133430875450635.7
0,6.17556,0.725299,-0.821137,0.00923244,0.00053022,0.000428791,0.000101429,0.944962,29.2443,0.00627318,0.000726669,0.144071,2.36656,3.03405
0,29.169513,0.80468776,-1.3155052,0.011287744,0.16655458,0.12136891,0.045185672,0.83745494,27.055759,1.9699718,0.3402946,0.14407067,1414.4832,4.1311177
1,0.34873,0.68584,-1.9746,0.023891,,,,,,,,,,
0,33.6864479,0.511385479,-1.57487604,0.0212247447,0.232041903,0.166677501,0.065364402,1.50279326,15.8431335,1.71929556,0,0.144070667,12915.9805,6.73753538
0,6.91798,0.371083,-1.01267,0.0237856,0.00200685,0.00193609,7.07565e-05,0.89714,14.9401,0.0144918,0.00330203,0.144071,14.9083,3.32258
0,21.6919,0.870533,-1.01736,0.0132531,0.0039253,0.00368808,0.000237218,0.951458,34.981,0.0647605,0.00629438,0.144071,34.9583,3.37496
0,4.88767,0.678175,-0.518683,0.0102035,8.49484e-05,7.97877e-06,7.69696e-05,0.941671,27.3565,0.000109145,1.35109e-05,0.144071,0.045649,2.52827
0,0.4657674,0.7806828621183222,-1.963417572703349,0.01590240623365249,0,0,0,-2.448111877932242e-139,31.49414421239219,0,0,0.1440706666666666,-2.317618715237633e+145,-4.500439470009343e+141
0,49.492134,0.22886076,-1.4371426,0.021482498,0.26982266,0.18761841,0.08220425,0.67221362,6.7414738,0.8661078,0.8529522,0.14407067,2094.5674,4.4049883
0,15.6946477,0.565411007,-1.61575078,0.0228829069,0.209163914,0.135167937,0.0739959775,2.4571942,18.0387277,1.54156952,0,0.144070667,15204.4081,7.23116715
0,36.7735173,0.803005058,-1.68632159,0.0169262757,0.57803564,0.487627872,0.0904077686,0.83453413,13.6693926,7.89826993,0,0.144070667,83981.5024,20.7449469
2,10.022892,0.67991264,-1.5072932,0.020760189,0.0085272474,-0.002223871,0.010751118,3.1393289,27.195,-0.030499161,0,0.14407067,4454.8236,4.9722377
0,6.129,0.295738,-0.824448,0.0156757,0.000310217,0.000263549,4.66687e-05,0.875539,11.9269,0.00157215,0.00044658,0.144071,1.08697,2.99713
0,0.4638537,0.9242162108058547,-1.956881862607844,0.01817165797219998,0,0,0,-1.953272000042071e-167,37.28453644745011,0,0,0.1440706666666666,-3.161916211714737e+173,-6.139928205837073e+169
2,22.9608103,0.97555253153427,-1.77728030508619,0.0142733178069923,-115.267717639424,-158.896625394719,43.6289077552945,-0.000769217648604312,4575.77829212515,-3126.73089286891,0,0.144070666666667,-98107568393.8153,-19050896.8231243
0,34.623326,0.81780805,-1.3447009,0.010939578,0.21493852,0.14937098,0.065567535,0.80273071,25.900623,2.4640118,0.51089082,0.14407067,2055.4473,4.3039814
0,5.89792,0.27535,-0.601256,0.015868,5.57856e-05,1.48184e-05,4.09672e-05,0.867712,11.1075,8.23024e-05,2.50923e-05,0.144071,0.0580952,2.62324
0,5.37136,0.42605,-0.67613,0.0158606,8.57155e-05,3.87834e-05,4.69321e-05,0.910278,17.1862,0.000333297,6.56787e-05,0.144071,0.224174,2.76753
0,5.70979,0.43598,-0.63578,0.0176979,6.26459e-05,2.07003e-05,4.19456e-05,0.912155,17.5871,0.000182041,3.50537e-05,0.144071,0.136338,2.70161
0,5.23746,0.298899,-0.507435,0.0192039,3.83754e-05,3.66918e-06,3.47063e-05,0.87686,12.0576,2.21217e-05,6.2129e-06,0.144071,0.0187005,2.47116
0,6.11081,0.690514,-0.76442,0.0113185,0.00024417,0.000168878,7.52917e-05,0.942549,27.8498,0.00235219,0.000286072,0.144071,1.09048,2.93727
0,6.35305,0.642109,-0.936001,0.0123998,0.00150329,0.00139288,0.000110408,0.937685,25.8649,0.0180405,0.00236594,0.144071,9.2238,3.22014
0,20.1253,0.310389,-1.11371,0.0206408,0.00821088,0.00802337,0.000187509,0.875795,12.4188,0.0502329,0.0139318,0.144071,46.4782,3.48818
0,23.9245487,0.974819339,-1.65544181,0.0149297979,0.989895126,0.658725759,0.331169367,0.018310406,0.397383836,12.9525105,0,0.144070667,74839.2719,18.9328722
0,5.9506,0.24167,-0.7914,0.015448,0.00021717,0.00017498,4.2191e-05,0.85191,9.7475,0.00085298,0.00029642,0.14407,0.59718,2.9332
0,9.737589,0.460085,-1.170603,0.02265886,0.0152882,0.0147626,0.0005255962,0.9066712,18.27689,0.1370017,0.02635702,0.1440707,137.2221,3.618321
0,0.4473311,0.5204495778452773,-1.931629270279951,0.02056687664195939,0,0,0,-6.034174290407797e-136,20.9958676631658,0,0,0.1440706666666666,-4.167063251946206e+141,-8.0917606549278e+137
0,28.5324,0.938656,-1.05852,0.00839016,0.0104381,0.00981159,0.000626468,0.950393,37.4718,0.185768,0.01687,0.144071,63.6097,3.45244
0,5.2301874,0.6176053923,-1.700903244,0.02162143145,8.82990532e-05,8.812630088e-05,1.727523184e-07,-0.3687894987,24.91310714,0.001097846927,0,0.1440706667,-417706.1115,-79.56405267
1,0.32018,0.67467,-1.9955,0.019716,,,,,,,,,,
1,0.26875,0.83194,-1.9914,0.018565,,,,,,,,,,
0,20.0761,0.292403,-1.12214,0.0207893,0.00905141,0.00885653,0.000194885,0.868889,11.6893,0.052236,0.0154156,0.144071,49.1429,3.49999
0,39.992484,0.9729844,-1.53593489,0.0144193721,0.0895453696,0.057403277,0.0321420926,1.85512353,35.7371037,1.12659478,0,0.144070667,14312.021,6.97495625
2,10.7502499,0.940460350978978,-1.565630014449428,0.01848623153332575,-18.79149230974942,-18.79212774074937,0.000635430999949449,-2.392822413330045e-14,750.8863314803684,-356.4852927490139,0,0.1440706666666666,-3.414057507696513e+19,-6629545688210287
0,6.54515,0.584905,-0.944361,0.00922131,0.00223281,0.00208397,0.00014884,0.931622,23.5434,0.0245868,0.00354209,0.144071,9.40847,3.22955
2,0.8040625,0.737428604,-1.89510678,0.0174962059,0.00144029402,0.00144029402,-4.33680869e-18,24.4008273,29.7063424,0.0214237902,0,0.144070667,91205.2824,22.3607128
1,0.31501,0.85475,-1.928,0.015874,,,,,,,,,,
0,4.82211,0.714728,-0.560445,0.010123,9.19661e-05,1.3751e-05,7.8215e-05,0.944481,28.8308,0.000198244,2.32856e-05,0.144071,0.082016,2.60015
2,14.1068108,0.697081693,-1.5978716,0.0209983378,0.469770138,-0.343608076,0.813378213,1.50384,14.9108715,-4.83139127,0,0.144070667,16321.7402,7.4338994
0,33.4528,0.361671,-1.11808,0.0245524,0.0073275,0.00713777,0.000189726,0.891431,14.4836,0.0520717,0.0123893,0.144071,56.3333,3.50434
0,0.4944524,0.8518364301520653,-1.953225009651985,0.01832652592278953,0,0,0,-3.782873730865322e-27,34.36460652381069,0,0,0.1440706666666666,-1.43573506821375e+33,-2.787964528843221e+29
1,0.24583,0.97108,-1.9269,0.014384,,,,,,,,,,
0,6.33906,0.395926,-0.964236,0.0190875,0.00136552,0.0012992,6.63276e-05,0.903303,15.9505,0.0103756,0.0022089,0.144071,8.48603,3.24395
0,46.2364,0.4297793,-1.218876,0.02013732,0.03071877,0.02945341,0.001265366,0.8914471,16.80546,0.2553326,0.05513382,0.1440707,238.5679,3.714691
2,12.9261685,0.7014210246656,-1.793974563306,0.02154327253238,-0.3433114135723,-0.4010774721763,0.05776605860402,-0.003082381540782,38.01111860695,-5.674560348195,0,0.1440706666667,-252022344.9262,-48937.33808108
2,41.380293,0.97272545,-1.3839719,0.010210803,0.55751625,-2.6789778,3.2364941,0.70242269,17.36372,-52.563535,0,0.14407067,2607.8442,4.4627495
0,6.95471,0.421874,-0.986255,0.0178555,0.00192457,0.00184038,8.41917e-05,0.908308,16.9864,0.0156609,0.00313318,0.144071,11.9252,3.28412
0,43.92279,0.2057232,-1.259126,0.02217906,0.04328671,0.04243803,0.0008486783,0.8044663,7.939994,0.1761017,0.08394793,0.1440707,209.4608,3.742603
2,30.9985165,0.650669391,-1.778648817,0.0228989484,0.6092365877,-5.376406378,5.985642965,0.7179189269,10.25721447,-70.56309723,0,0.1440706667,239814.248,51.15137862
0,26.9868,0.765124,-1.07999,0.0133935,0.00850583,0.00807972,0.000426112,0.942487,30.6039,0.124696,0.0139237,0.144071,69.0221,3.47916
0,43.5595302,0.72560101934,-1.7862351621,0.024833435767,0.76596747669,0.38068883554,0.38527864115,-0.059821531584,6.8506103359,5.5717701853,0,0.14407066667,-2118910.9261,-409.90852959
0,16.652,0.395469,-1.06094,0.0216257,0.0040618,0.00393734,0.000124461,0.901503,15.8891,0.0314081,0.00675152,0.144071,29.332,3.40843
0,6.13433,0.413276,-0.889143,0.0171818,0.000606191,0.000551481,5.47106e-05,0.907433,16.6622,0.00459722,0.000935314,0.144071,3.36341,3.12031
0,33.8055,0.904154,-1.03347,0.00852259,0.00748159,0.00703229,0.000449296,0.95077,36.2023,0.128252,0.0120378,0.144071,44.5261,3.40535
2,0.7584121,0.615693783,-1.8188849,0.0228455184,-0.00189906757,-0.00189908291,1.53392968e-08,11.9917853,24.8853588,-0.0235848905,0,0.144070667,58403.0907,15.8919341
0,6.28164,0.490233,-0.803066,0.0111925,0.000354766,0.000280494,7.4272e-05,0.92092,19.7698,0.00277364,0.000475247,0.144071,1.30156,2.98505
0,38.80195,0.8044366,-1.217958,0.01166871,0.05584326,0.04962959,0.006213668,0.9134532,30.64016,0.8053,0.09403257,0.1440707,419.5109,3.777911
0,12.9101977,0.997294467,-1.54584001,0.0160698055,0.270372196,0.218142046,0.0522301498,1.84072863,29.3548558,4.38821566,0,0.144070667,13455.4998,6.81536795
0,40.099475,0.99530357,-1.3408541,0.0089953718,0.26052249,0.17775152,0.082770967,0.7792412,29.691743,3.5685687,0.5913582,0.14407067,2310.3132,4.3556315
0,10.4811,0.604981,-0.720588,0.00865355,0.000219118,0.00012581,9.33077e-05,0.934992,24.4007,0.00153526,0.000213085,0.144071,0.548503,2.85802
2,0.7520476,0.716273995,-1.76176859,0.0232525564,-0.00162925123,-0.00231911029,0.000689859061,13.5181013,28.9428537,-0.0335062448,0,0.144070667,28932.1795,10.0759533
0,51.4226,0.783136,-1.04309,0.0128215,0.00558716,0.00529061,0.000296558,0.945515,31.4166,0.0835734,0.00905462,0.144071,43.9679,3.41422
0,4.98201,0.618869,-0.593741,0.0122054,8.18218e-05,1.74919e-05,6.433e-05,0.936443,24.9642,0.000218353,2.96204e-05,0.144071,0.109854,2.64847
2,14.1183161,0.917349005,-1.53823768,0.0151062335,-0.00610840461,-0.0065319929,0.00042358829,2.66223681,37.2335579,-0.120866367,0,0.144070667,10702.5754,6.26143075
2,6.2063151,0.92770682,-1.4720535,0.01101865,-0.02438225,-0.024775179,0.00039292938,-2.3470893,38.337868,-0.46360992,0,0.14407067,-5341.8753,0.50552745
0,35.62677,0.7560613,-1.23859,0.008798768,0.09406687,0.08183378,0.01223309,0.8847261,27.63174,1.248001,0.1625455,0.1440707,509.1359,3.825896
0,6.18357,0.675734,-0.776052,0.00909584,0.000338556,0.00024399,9.45661e-05,0.941309,27.2511,0.00332562,0.000413344,0.144071,1.24063,2.95556
0,5.62668,0.383628,-0.596386,0.0179141,5.24169e-05,1.23298e-05,4.00871e-05,0.901361,15.4754,9.54096e-05,2.08786e-05,0.144071,0.0731941,2.63024
0,4.70913,0.732985,-0.503499,0.0129568,6.62306e-05,5.17e-06,6.10606e-05,0.945804,29.568,7.64383e-05,8.75454e-06,0.144071,0.0404192,2.50684
2,16.4868332,0.724782334,-1.5840842,0.0220879379,-2.26918929,-5.06959109,2.8004018,6.42337353,95.5878807,-74.1149296,0,0.144070667,20520.7129,8.24724769
0,11.5477279,0.801756641,-1.57800191,0.0148712651,0.000171705559,0.000171585721,1.19838034e-07,3.02482685,32.3387445,0.00277490986,0,0.144070667,13634.7027,6.88300795
2,1.0413002,0.8078012,-1.731925,0.015228409,-0.023422161,-0.023422161,1.2490009e-16,38.996167,33.351431,-0.38164241,0,0.14407067,7877.116,5.8907098
0,26.5507,0.427157,-1.09238,0.0214147,0.00610791,0.00592148,0.000186431,0.906675,17.127,0.0510202,0.0102111,0.144071,47.0813,3.46763
2,17.272937,0.66178699576,-1.6079614086,0.020738768012,-50.219633625,-55.101131084,4.8814974587,-0.46803669734,1367.4449846,-735.53596555,0,0.14407066667,-5474953.6417,-1061.8246174
0,5.55142,0.479507,-0.63509,0.00892415,0.00012538,4.06879e-05,8.4692e-05,0.919444,19.3418,0.000393537,6.89028e-05,0.144071,0.147439,2.70494
0,6.34162,0.31517,-0.636985,0.0187273,5.6513e-05,1.98678e-05,3.66452e-05,0.882458,12.7138,0.000126305,3.36434e-05,0.144071,0.103465,2.68863
1,0.36386,0.62699,-1.9897,0.021985,,,,,,,,,,
0,45.50295,0.886685,-1.227605,0.01002542,0.07382201,0.06326815,0.01055386,0.9056519,33.12981,1.131565,0.1238834,0.1440707,517.858,3.817477
0,0.4717029,0.9511340906816288,-1.812120993620317,0.01782552346825717,0,0,0,-1.351123824576887e-113,38.37045190920261,0,0,0.1440706666666666,-7.327324633240757e+118,-1.422847544861463e+115
0,32.924974,0.40694114,-1.3476447,0.021109823,0.11873073,0.091692537,0.027038198,0.82914714,14.467563,0.75264601,0.27495772,0.14407067,1154.3875,4.1023102
0,5.03953,0.706371,-0.68597,0.0126547,0.000119283,5.51549e-05,6.41279e-05,0.943844,28.4929,0.000785855,9.34073e-05,0.144071,0.40673,2.80801
0,4.71321,0.69485,-0.534133,0.0109326,8.11854e-05,9.08128e-06,7.21042e-05,0.942992,28.0292,0.000127281,1.53778e-05,0.144071,0.0569584,2.5551
0,0.4375019,0.8066980649642908,-1.941776319009239,0.01501104860588102,0,0,0,-5.543368489320358e-83,32.54364406681758,0,0,0.1440706666666666,-8.009608891768309e+88,-1.555336076588245e+85
2,24.803544,0.34386559,-1.4712641,0.021509208,-0.23132047,-0.26851752,0.037197049,2.2367104,17.081067,-1.8624582,0,0.14407067,2472.2776,4.5209739
0,34.915138,0.74741457,-1.3154717,0.011451913,0.16229029,0.11991783,0.04237246,0.83713397,25.258658,1.8078837,0.33527186,0.14407067,1320.4677,4.1092939
0,5.49672,0.351302,-0.713499,0.0192817,8.87232e-05,5.15535e-05,3.71698e-05,0.893233,14.1709,0.000365311,8.73087e-05,0.144071,0.30442,2.82063
2,9.5185342,0.7519678737,-1.6041042568,0.019334663075,-0.2020237693,-0.2020241958,4.2649776086e-07,-0.0072857954935,36.464268729,-3.0642757463,0,0.14407066667,-8925326.4361,-1731.8599938
0,5.84523,0.373346,-0.773373,0.0187383,0.000154597,0.000114442,4.0155e-05,0.898856,15.0591,0.000861834,0.000193854,0.144071,0.693669,2.9229
2,1.0521111,0.4706774226,-1.875831961,0.021408161,-0.1085431849,-0.1085577165,1.45316327e-05,9.995721683,21.04898454,-1.030645322,0,0.1440706667,123159.7623,28.56191319
0,6.30364,0.392905,-0.649354,0.0194116,5.99264e-05,2.24676e-05,3.74588e-05,0.90346,15.8495,0.000178061,3.80464e-05,0.144071,0.14768,2.71929
0,53.3910036,0.588431249,-1.56488538,0.0219321146,0.881054595,0.74046773,0.140586865,0.179393875,2.82357004,8.78874847,0,0.144070667,16960.7154,7.52696496
2,34.287688,0.92330737,-1.4631835,0.01113151,-0.40844003,-0.43336194,0.024921911,2.744762,52.461394,-8.0709051,0,0.14407067,5577.6361,5.1577096
1,0.32525,0.54506,-1.9648,0.020442,,,,,,,,,,
0,6.88054,0.586232,-0.979447,0.00913666,0.0034832,0.0032938,0.000189404,0.930961,23.5673,0.0389486,0.00561036,0.144071,14.7909,3.28893
0,6.80278,0.635387,-0.97072,0.012399,0.00230919,0.00217199,0.000137197,0.936558,25.5735,0.027837,0.00369581,0.144071,14.2622,3.27823
0,240.8208,0.9377478,-1.267657,0.01215774,0.09860512,0.07640654,0.02219859,0.8911936,34.10015,1.445246,0.1708795,0.1440707,906.0755,3.961659
0,5.79788,0.697858,-0.65709,0.0134008,9.58371e-05,3.59437e-05,5.98933e-05,0.943214,28.1502,0.000505959,6.08695e-05,0.144071,0.277485,2.75946
0,33.6087,0.888629,-1.05522,0.0108181,0.00775502,0.00730759,0.000447438,0.949854,35.5709,0.130984,0.0125414,0.144071,57.9123,3.44321
2,14.3653861,0.621387389,-1.69836218,0.0227059409,-0.0118020531,-0.012304361,0.000502307921,2.8159401,25.3637321,-0.154222121,0,0.144070667,53905.8671,14.8940063
0,1.570181,0.3044714,-1.494521,0.02187469,0.0119948,8.457431e-05,0.01191022,23.1496,12.13559,0.0005194099,0,0.1440707,228.7946,3.986289
0,6.05358,0.442238,-0.815801,0.0173434,0.000260687,0.000213178,4.75088e-05,0.913165,17.836,0.00190162,0.000361204,0.144071,1.39468,3.00135
0,59.308355,0.93317789,-1.2968857,0.010996781,0.14584703,0.10700862,0.038838402,0.85813564,32.1555,2.0142269,0.27499742,0.14407067,1291.6084,4.0839685
0,63.8397362,0.487131492,-1.52718027,0.0246225412,0.305004687,0.209002362,0.0960023254,0.859968892,13.6578786,2.05363175,0,0.144070667,10544.3016,6.2188736
0,75.397235,0.88388488,-1.4509393,0.010745367,0.48665914,0.32834033,0.15831881,0.59154397,18.304451,5.8538973,2.0358808,0.14407067,7715.7931,5.5773345
1,0.28396,0.88394,-1.8233,0.018463,,,,,,,,,,
0,47.24852,0.413497,-1.303527,0.02105716,0.07790637,0.06685293,0.01105344,0.8577276,15.38164,0.5575938,0.156403,0.1440707,673.1866,3.937041
0,4.96697,0.584456,-0.692565,0.0102952,0.000150792,7.3787e-05,7.70052e-05,0.93291,23.5744,0.000869875,0.000124964,0.144071,0.370562,2.80982
0,6.3998,0.26626,-0.954702,0.0173705,0.00131986,0.00126362,5.62383e-05,0.863037,10.7272,0.00678651,0.00214747,0.144071,5.28486,3.20946
0,4.81029,0.564119,-0.555538,0.0105148,8.56037e-05,1.24302e-05,7.31735e-05,0.930704,22.7556,0.000141441,2.10488e-05,0.144071,0.0616795,2.5806
0,49.95237,0.8818309,-1.24406,0.009104825,0.1001665,0.08301977,0.01714674,0.8874732,32.01125,1.476699,0.1685143,0.1440707,630.8019,3.866001
0,5.62616,0.298939,-0.740964,0.0185526,0.000113333,7.62397e-05,3.70928e-05,0.876828,12.0584,0.000459716,0.000129124,0.144071,0.375513,2.8589
0,37.24602,0.2067248,-1.287545,0.02175992,0.06077618,0.05919441,0.001581768,0.7943597,7.832798,0.2468303,0.1232626,0.1440707,301.4574,3.807594
0,39.71252,0.9025776,-1.201188,0.01338995,0.04002074,0.03568378,0.004336954,0.9291118,34.95438,0.6496517,0.06606454,0.1440707,379.3308,3.748165
0,6.18404,0.43833,-0.941892,0.0169716,0.00116737,0.00109766,6.97042e-05,0.911885,17.6624,0.009705,0.00186448,0.144071,6.98599,3.21132
0,31.200701,0.99803454,-1.4444742,0.0090881946,0.58647477,0.15807259,0.42840218,0.86997784,16.64956,3.1821988,0,0.14407067,4391.7799,4.8964443
0,17.2594525,0.825365316,-1.70590652,0.0167979535,0.485564486,0.42412821,0.0614362765,1.14590769,17.1290124,7.06103793,0,0.144070667,98563.1739,23.6042822
0,6.07555,0.664822,-0.863129,0.00992637,0.000786098,0.0006836,0.000102497,0.940118,26.799,0.00916711,0.00115909,0.144071,3.73837,3.0998
0,14.3673,0.315239,-1.06008,0.0196093,0.00440852,0.00429346,0.000115054,0.879775,12.6612,0.0273006,0.00736377,0.144071,23.6866,3.39548
0,5.93544,0.350541,-0.817691,0.0144358,0.000315802,0.000262403,5.33986e-05,0.892884,14.137,0.00185538,0.000444622,0.144071,1.15833,2.99366
2,3.6899626,0.954447011,-1.372802982,0.01334456712,0.5361618892,-0.03715636138,0.5733182506,-0.0102737613,17.85966949,-0.7153361466,0,0.1440706667,-158882.4388,-29.58312857
1,0.31461,0.57025,-1.9216,0.022461,,,,,,,,,,
0,12.1875,0.710243,-0.999469,0.00984677,0.00418187,0.00394871,0.000233152,0.941507,28.5327,0.0565702,0.00673249,0.144071,22.8995,3.33299
2,13.8311041,0.769635298,-1.60542936,0.0166291577,-0.184008366,-0.184010278,1.91215982e-06,3.15730522,36.7616431,-2.8566184,0,0.144070667,21120.4885,8.38653981
0,5.44604,0.627891,-0.642728,0.0125386,9.49152e-05,3.19441e-05,6.29711e-05,0.93729,25.3279,0.000404576,5.40956e-05,0.144071,0.208917,2.7305
0,17.0618,0.860915,-1.01238,0.0137652,0.00354793,0.00333246,0.000215471,0.951214,34.6076,0.0578697,0.0056849,0.144071,32.4515,3.36567
2,1.0638605,0.852147396629,-1.82804424446,0.0141925067345,-0.0209979082075,-0.0412778385498,0.0202799303423,-0.0761076405861,35.0989997391,-0.709507254053,0,0.144070666667,-14599471.8261,-2833.48830038
0,6.09889,0.526617,-0.80188,0.0121328,0.000324427,0.000254848,6.95792e-05,0.925985,21.2378,0.00270708,0.000431787,0.144071,1.36953,2.98649
0,31.5645,0.974063,-1.01566,0.0138324,0.00370185,0.00345853,0.000243325,0.956282,39.15,0.0679522,0.0059004,0.144071,38.0855,3.37826
0,40.0278806,0.8394282074,-1.725685405,0.01437331308,0.9851968779,0.695128877,0.290068001,0.02577852131,0.5012934679,11.76993487,0,0.1440706667,165310.891,36.61195604
0,8.177289,0.5693427044,-1.795594868,0.02117819943,0.2322848773,0.2180994117,0.01418546561,3.000358809,17.63311426,2.504686785,0,0.1440706667,122633.5783,28.37927972
0,6.89485,0.330263,-1.02072,0.0232644,0.00226473,0.00219333,7.1405e-05,0.885846,13.2932,0.0146113,0.0037437,0.144071,14.8971,3.33059
2,27.0705711,0.721206284492,-1.75692522236,0.0225243115146,-314.976617618,-389.035697845,74.0590802265,-5.78796308053,9193.26151629,-5659.44869025,0,0.144070666667,-20168839.7066,-3915.05689329
0,6.27681,0.365766,-0.879461,0.0149789,0.000617079,0.000558689,5.83903e-05,0.896688,14.7466,0.00412191,0.0009474,0.144071,2.66012,3.09844
0,0.7878252,0.9251849071619247,-1.93883562295352,0.01458969178589657,0.06089779166082643,0.005865918775154883,0.05503187288567155,-9.921242803317849e-06,35.05068963837808,0.1094686481440106,0,0.1440706666666666,-464135570222.3353,-90127595.23920955
0,17.0081,0.327951,-1.07506,0.0214078,0.00488275,0.00475729,0.000125451,0.883509,13.1655,0.0314698,0.00817651,0.144071,29.7307,3.42332
0,5.93917,0.586122,-0.77922,0.0135177,0.000233244,0.000171002,6.22422e-05,0.933035,23.6397,0.00202169,0.000289682,0.144071,1.13085,2.95395
0,5.16472,0.425741,-0.526091,0.0193608,4.2437e-05,4.62488e-06,3.78121e-05,0.910246,17.1744,3.97166e-05,7.8313e-06,0.144071,0.0326076,2.51839
0,6.01235,0.445736,-0.8592,0.0169652,0.000432979,0.000380384,5.25947e-05,0.913677,17.974,0.00341999,0.00064481,0.144071,2.4529,3.07397
0,6.4384,0.261686,-0.948839,0.0165652,0.0012861,0.00122917,5.69377e-05,0.861008,10.5433,0.00648808,0.00208851,0.144071,4.8288,3.19887
0,6.39479,0.530647,-0.940435,0.0125696,0.00155645,0.00145438,0.000102065,0.925717,21.3739,0.0155672,0.00247077,0.144071,8.17326,3.21816
0,24.1020872,0.6288849287,-1.810675396,0.01963804477,0.9963033248,0.7261675708,0.270135754,0.007207103724,0.09378591971,9.211560476,0,0.1440706667,329576.5881,68.63013183
0,4.75731,0.724082,-0.560094,0.0123127,7.56495e-05,1.12549e-05,6.43946e-05,0.945169,29.2086,0.000164383,1.90586e-05,0.144071,0.0826575,2.6002
0,5.24279,0.423644,-0.676688,0.0191222,7.12834e-05,3.23996e-05,3.88837e-05,0.909824,17.0893,0.000276864,5.48675e-05,0.144071,0.224625,2.76819
0,24.63829,0.2615356,-1.205284,0.0246908,0.02104394,0.02061117,0.0004327686,0.8487873,10.32878,0.1087323,0.03776261,0.1440707,129.3257,3.648423
0,39.456543,0.20757268,-1.4700766,0.019816002,0.45745802,0.3220096,0.13544842,0.5847068,4.543167,1.3482306,0,0.14407067,2477.3552,4.5208778
0,46.365197,0.30629083,-1.4735068,0.021493231,0.27801739,0.27801609,1.2972725e-06,0.69530961,8.9210484,1.7176279,1.3600773,0.14407067,4275.0409,4.9014237
2,29.9612009,0.52087495779,-1.7648134917,0.020807560482,-323.13631457,-323.57890055,0.4425859799,-9.5743962698,6811.0855355,-3399.6862895,0,0.14407066667,-9996460.8889,-1939.7020379
0,0.4909778,0.8928146480233,-1.865037326054,0.01413817607794,0,0,0,-0.005449889652462,36.01774119069,0,0,0.1440706666667,-336483155.4589,-65338.20074753
0,6.1796,0.620141,-0.863548,0.00868473,0.000900417,0.000785504,0.000114913,0.936039,24.9951,0.00982572,0.00133195,0.144071,3.5208,3.09709
0,4.9862,0.711929,-0.618154,0.00836478,0.00013022,3.49221e-05,9.52978e-05,0.94425,28.7168,0.00050149,5.91386e-05,0.144071,0.171479,2.69577
0,0.4743236,0.652036784290993,-1.889935893633653,0.02229317544156916,0,0,0,-1.500673105958304e-36,26.30433113457102,0,0,0.1440706666666666,-1.228771238598776e+42,-2.386074355304466e+38
2,24.956458,0.39379507,-1.475569,0.019957385,0.28251196,-0.12187621,0.40438816,1.2965212,11.398301,-0.96808697,0,0.14407067,3007.9248,4.6393694
0,6.34998,0.48996,-0.952064,0.0134364,0.00167703,0.00157901,9.80185e-05,0.920038,19.7327,0.0156052,0.00268374,0.144071,8.81538,3.2338
0,5.20298,0.51558,-0.713025,0.012221,0.000144862,8.08415e-05,6.40209e-05,0.924638,20.7964,0.000840729,0.000136915,0.144071,0.428956,2.83781
0,5.36202,0.307852,-0.555042,0.0175345,4.58139e-05,7.40685e-06,3.8407e-05,0.880006,12.4187,4.5994e-05,1.25419e-05,0.144071,0.0353742,2.55153
0,26.178,0.968218,-1.06461,0.0134557,0.00705202,0.00661822,0.000433792,0.953855,38.7842,0.129253,0.0113749,0.144071,70.9356,3.46555
0,37.51973,0.4319212,-1.261999,0.02474505,0.04249096,0.03928288,0.003208075,0.8841834,16.68409,0.3422418,0.07807108,0.1440707,415.5049,3.820681
0,4.85754,0.685861,-0.620653,0.0105848,0.000103557,2.84981e-05,7.50589e-05,0.942274,27.666,0.000394255,4.82594e-05,0.144071,0.170951,2.69811
2,4.1367492,0.9353691718,-1.584222362,0.01466041777,-0.09395242979,-0.09795236266,0.003999932871,-0.07893043245,41.27971171,-1.848090091,0,0.1440706667,-722463.1126,-138.8877498
0,6.37139,0.703493,-0.929742,0.00992676,0.00174434,0.00160556,0.000138781,0.942578,28.3307,0.022783,0.00272705,0.144071,9.27422,3.21417
1,0.23259,0.8326,-1.9096,0.018395,,,,,,,,,,
0,5.2575,0.666198,-0.709942,0.0129342,0.000136355,7.3418e-05,6.29369e-05,0.940652,26.8719,0.000986577,0.000124342,0.144071,0.523682,2.84499
0,6.01062,0.306353,-0.821933,0.0143226,0.000330852,0.00027928,5.15716e-05,0.879313,12.3547,0.00172579,0.000473233,0.144071,1.08549,2.99455
0,8.9220788,0.943736475,-1.58720676,0.0160342123,0.450866511,0.407526895,0.0433396155,-2.7758812,20.9066206,7.75768582,0,0.144070667,-10810.7236,-0.477503545
0,33.19356,0.3113417,-1.280393,0.02499395,0.05050063,0.04777342,0.002727204,0.8494056,11.92579,0.300019,0.09789407,0.1440707,391.5621,3.831377
0,5.9161,0.315339,-0.828833,0.0156357,0.000327713,0.000279519,4.81938e-05,0.882345,12.7172,0.00177793,0.000473664,0.144071,1.21668,3.00733
0,70.002568,0.23275789,-1.375264,0.022586526,0.1316805,0.10708988,0.024590617,0.76561142,8.1534072,0.50278004,0.36641531,0.14407067,1004.5952,4.0937009
0,29.926546,0.9730635184,-1.738440071,0.01781994255,0.9720540016,0.7110964656,0.260957536,0.05031311623,1.09702364,13.95709007,0,0.1440706667,218350.1052,46.93836376
0,37.831472,0.86741876,-1.3036071,0.011948395,0.1428923,0.10484165,0.03805065,0.85724754,29.992963,1.8343738,0.27591778,0.14407067,1314.7395,4.0960937
2,5.932168,0.9062607,-1.363374,0.00896486,0.0512517,-0.003218171,0.05446987,7.210528,34.68641,-0.05882846,0,0.1440707,389.5146,3.91369
0,7.3517,0.336361,-1.03904,0.0220552,0.00301003,0.00292149,8.85497e-05,0.887196,13.5286,0.0198214,0.00499677,0.144071,19.1544,3.36265
1,0.30674,0.91928,-1.931,0.019126,,,,,,,,,,
0,0.4712645,0.6995796496700849,-1.962712640493258,0.02496899376516755,0,0,0,-2.622766589393209e-36,28.22229543374444,0,0,0.1440706666666666,-1.921072271224642e+42,-3.730410622470921e+38
0,8.101156,0.4172131,-1.162127,0.02353349,0.01324357,0.01284267,0.0004009015,0.9002152,16.60822,0.1080782,0.02275967,0.1440707,112.6332,3.594924
0,9.413911,0.9795323,-1.527923,0.01800706,0.08169362,0.004928476,0.07676515,49.60855,36.28788,0.09737705,0,0.1440707,490.3018,4.109634
0,15.0718084,0.793851644,-1.69624413,0.0160817216,0.0417986521,0.00295195287,0.0388466992,2.21484211,30.686778,0.0472687305,0,0.144070667,80693.6539,20.1143705
0,80.540335,0.97363458,-1.4103165,0.012627158,0.35528566,0.23596313,0.11932253,0.70353545,25.323194,4.634099,1.0281498,0.14407067,5326.3761,5.0536836
0,6.5428,0.2326,-1.0031,0.021131,0.0019836,0.0019283,5.531e-05,0.84595,9.3648,0.0090468,0.0032861,0.14407,8.7617,3.2845
0,42.212911,0.97593539,-1.3430793,0.0087279733,0.2946176,0.1955081,0.099109499,0.750908,27.771597,3.8486728,0.62714711,0.14407067,2307.4605,4.3572393
1,0.24018,0.52531,-1.9183,0.023216,,,,,,,,,,
2,5.7747129,0.94180473,-1.5498212,0.016002745,-0.078187838,-0.10408015,0.025892315,5.9015214,40.964764,-1.9772153,0,0.14407067,6164.0293,5.3633517
0,0.4208572,0.9171413820289147,-1.800203750175575,0.01510177874077158,0,0,0,-6.018759279275157e-51,36.99912518944665,0,0,0.1440706666666666,-1.360969698669492e+56,-2.64278231320327e+52
0,49.4641,0.9366636,-1.244487,0.009410741,0.09728004,0.07947233,0.01780771,0.8919179,34.1108,1.501498,0.1639328,0.1440707,672.5025,3.877815
0,7.77537,0.595365,-0.997669,0.00995773,0.00401731,0.00381511,0.000202198,0.931573,23.9216,0.0458159,0.00650534,0.144071,18.9601,3.32072
0,44.345846,0.35552772,-1.4536774,0.024476073,0.22157518,0.22157398,1.2070104e-06,0.74824422,11.164655,1.5889762,0.92577717,0.14407067,3853.7849,4.794463
0,5.07857,0.546096,-0.619857,0.00855843,0.000124974,3.48869e-05,9.00873e-05,0.928557,22.0278,0.000384288,5.90786e-05,0.144071,0.136717,2.68583
0,6.2422,0.21045,-0.61144,0.017247,0.019847,1.5299e-05,0.019832,0.83083,8.3213,6.4942e-05,2.6313e-05,0.14407,0.051807,2.6275
0,46.1959,0.7604874,-1.231655,0.01167558,0.06556729,0.05757128,0.007996005,0.9043163,28.66786,0.8831268,0.1120551,0.1440707,472.7396,3.808083
0,49.298674,0.33235302,-1.4690207,0.02163698,0.26586313,0.26586178,1.3493787e-06,0.7112527,9.8430985,1.7822996,1.2753915,0.14407067,4352.9671,4.9129979
0,13.73311,0.93950636,-1.4895018,0.0084684948,0.031081484,0.029057534,0.0020239501,2.51675,36.723338,0.55066015,0,0.14407067,5970.7936,5.2638726
0,0.4316396,0.9662231161971173,-1.756634063914084,0.01546704859803751,0,0,0,-3.571350109716986e-07,38.97917021040855,0,0,0.1440706666666666,-1380743485279.655,-268117978.9829381
0,15.325,0.889647,-1.09042,0.0083576,0.0155978,0.0147048,0.000893008,0.944774,35.3301,0.263876,0.0255134,0.144071,90.8877,3.50797
0,5.96889,0.497999,-0.769507,0.0108685,0.000261824,0.000187743,7.40807e-05,0.922113,20.0849,0.00188589,0.000318033,0.144071,0.85815,2.93
0,12.1107,0.293395,-1.14439,0.0235819,0.0105333,0.0103089,0.000224408,0.86834,11.7114,0.0610082,0.0180855,0.144071,65.5642,3.54024
0,4.75192,0.683236,-0.504693,0.00923165,9.24453e-05,7.3682e-06,8.50771e-05,0.942072,27.5604,0.000101545,1.2477e-05,0.144071,0.0384085,2.50541
0,16.156193,0.5050985912,-1.807202385,0.02434769304,0.6303297768,0.01193559538,0.6183941814,0.7881337684,7.532615386,0.1216033153,0,0.1440706667,231500.1829,49.56366266
2,24.579665,0.49347206,-1.5545422,0.021474604,-16.300019,-16.314527,0.014507336,-35.273728,344.40094,-162.3911,0,0.14407067,-9212.2841,-0.19155585
0,46.84771,0.2939845,-1.244634,0.02447914,0.03358421,0.03260208,0.0009821303,0.8541808,11.46156,0.193328,0.06314186,0.1440707,236.3984,3.739559
2,6.5308857,0.943185944,-1.58456179,0.0154124847,0.0399733892,-0.00320468624,0.0431780754,4.80688297,36.5288296,-0.0609688505,0,0.144070667,10543.6064,6.27611673
0,6.24348,0.369848,-0.937267,0.0161124,0.00115602,0.00108968,6.63449e-05,0.897369,14.9031,0.00812918,0.00185064,0.144071,5.64448,3.19548
0,4.87149,0.671473,-0.584053,0.0137404,7.11666e-05,1.37196e-05,5.7447e-05,0.941132,27.0865,0.000185822,2.32324e-05,0.144071,0.104721,2.63632
0,37.51876,0.3021328,-1.289016,0.02333995,0.05885539,0.05535261,0.003502776,0.8410602,11.47122,0.3373349,0.1171106,0.1440707,424.9284,3.850681
2,33.621052,0.49700582,-1.5156902,0.024355361,-1.7651029,-1.795614,0.030511068,4.2785651,55.440603,-18.001124,0,0.14407067,7422.5015,5.5831418
2,27.6480165,0.4834767156866935,-1.718447859251529,0.02409709721739742,-23.48123035397182,-65.47576899223945,41.99453863826763,-3.922582767587499e-06,477.4896581806912,-638.5300514553196,0,0.1440706666666666,-942942088236.264,-183104051.804393
0,6.34889,0.458149,-0.932256,0.0170414,0.00103388,0.000966265,6.7612e-05,0.915431,18.4635,0.00892953,0.00164068,0.144071,6.42769,3.1973
2,9.7190819,0.85730113874333,-1.666777862223,0.0146962079139,-0.77310557225622,-0.82228046960931,0.049174897353097,-0.00011184158553376,61.32296730356,-14.219310779122,0,0.14407066666667,-2187130691.6808,-424704.21666112
0,6.36311,0.571324,-0.875437,0.0084371,0.00106115,0.000941734,0.000119411,0.930892,23.0238,0.0108527,0.00159724,0.144071,3.79907,3.11295
1,0.18173,0.53892,-1.8684,0.02403,,,,,,,,,,
0,4.60413,0.697497,-0.509746,0.0131938,6.52012e-05,5.50128e-06,5.96999e-05,0.943206,28.1364,7.73983e-05,9.3155e-06,0.144071,0.0417905,2.5148
0,6.6054,0.394687,-0.974704,0.014432,0.0020572,0.00196411,9.30903e-05,0.902596,15.8896,0.0156366,0.00334189,0.144071,9.67782,3.2614
1,0.35917,0.54179,-1.9723,0.024512,,,,,,,,,,
0,18.1236,0.370462,-1.12903,0.0225967,0.00913226,0.0088925,0.000239759,0.892505,14.8086,0.0664498,0.0154936,0.144071,66.2121,3.52551
0,21.688212,0.80450901,-1.3658505,0.0085656915,0.14248738,0.036217536,0.10626985,1.8065872,27.830858,0.58772611,0,0.14407067,1287.7034,4.1520195
0,60.56424,0.41289409,-1.4116691,0.022994721,0.20717217,0.14093586,0.06623631,0.77195291,13.206044,1.1737763,0.57448553,0.14407067,2575.885,4.4836072
0,4.91697,0.553316,-0.503435,0.0134501,6.18605e-05,4.97636e-06,5.68841e-05,0.929463,22.3204,5.55405e-05,8.42657e-06,0.144071,0.0310229,2.49318
1,0.24843,0.52885,-1.9492,0.02074,,,,,,,,,,
1,0.46186,0.53089,-1.9694,0.020496,,,,,,,,,,
0,4.91387,0.602899,-0.626761,0.010121,0.000109582,3.22368e-05,7.73453e-05,0.934852,24.3194,0.000392033,5.45908e-05,0.144071,0.163828,2.70203
0,45.059736,0.38680772,-1.4485042,0.020587187,0.24770032,0.2476988,1.5150266e-06,0.73671361,11.739272,1.9326099,1.029894,0.14407067,3850.9629,4.7887041
0,23.0075,0.267594,-1.10571,0.0236195,0.00648676,0.0063536,0.000133161,0.860448,10.7252,0.0342943,0.0109867,0.144071,36.8686,3.46641
0,20.05583,0.8992674,-1.136048,0.01319276,0.01760545,0.01646904,0.00113641,0.9439049,35.63936,0.2987324,0.0290424,0.1440707,164.8948,3.598579
0,6.17891,0.575116,-0.863096,0.011509,0.000674058,0.000589386,8.46725e-05,0.931561,23.1856,0.00683724,0.000999279,0.144071,3.26263,3.09268
0,1.0784048,0.56596070766,-1.8232816657,0.024654815952,0.90189900738,0.0088859724483,0.89301303493,-0.0092808388906,2.2398289253,0.1014416755,0,0.14407066667,-7186716.1212,-1394.0197729
2,12.6316188,0.999980284,-1.58488313,0.0168706054,0.758430792,-0.0502246663,0.808655459,0.780462107,9.74514215,-1.0130565,0,0.144070667,17395.8616,7.6327627
0,38.64222,0.9184497,-1.196926,0.0120173,0.04221332,0.03776364,0.004449686,0.9283782,35.48782,0.6996073,0.06968922,0.1440707,364.892,3.739106
0,6.74267,0.619469,-0.956507,0.00890383,0.00269183,0.00252094,0.000170889,0.934822,24.9232,0.0314998,0.00428778,0.144071,11.6017,3.25289
0,29.046362,0.99213185,-1.4997245,0.010526985,0.1286998,0.076571612,0.052128189,1.8163073,34.873246,1.5323655,0,0.14407067,8959.0038,5.8752071
2,3.20389,0.870070475116897,-1.37752519866337,0.0116423748181238,-7.00605125724551,-7.00739561521686,0.00134435797135612,-1.81260235208746e-06,281.0140046606,-122.980495677635,0,0.144070666666667,-15055667158.0066,-2923565.57183823
0,6.67483,0.698524,-0.950756,0.0126648,0.0017705,0.00164723,0.000123267,0.942184,28.1298,0.0232093,0.00279982,0.144071,12.0669,3.24925
0,44.944164,0.34322953,-1.4039875,0.022995454,0.18834865,0.13235335,0.055995307,0.76741948,11.238525,0.91631488,0.52049142,0.14407067,1997.88,4.3506297
0,0.7280097,0.92712527167,-1.8733534586,0.01673404474,0.25427515092,0.2542750638,8.7117414727e-08,-0.41692783305,27.89152114,4.7551843861,0,0.14407066667,-3789980.4547,-734.34587446
0,0.4619471,0.49539221509143,-1.990451354143824,0.02140567164005289,0,0,0,-1.0001096223343e-115,19.98500879275257,0,0,0.1440706666666666,-5.094559762257819e+121,-9.892808375097906e+117
0,7.29445,0.371636,-1.02719,0.0199218,0.00287587,0.00278092,9.49518e-05,0.896729,14.9493,0.0208464,0.0047507,0.144071,17.9839,3.34733
0,12.35771,0.9170622,-1.097347,0.01304972,0.01095222,0.01029992,0.0006522928,0.9490942,36.59075,0.1905276,0.01785971,0.1440707,102.4177,3.523275
0,6.16892,0.407833,-0.90298,0.0180634,0.000680497,0.000626407,5.40896e-05,0.906271,16.4415,0.00515305,0.00106271,0.144071,3.9695,3.14278
0,6.83638,0.329372,-0.999488,0.0173482,0.00232479,0.00224291,8.18875e-05,0.885538,13.2566,0.0149012,0.0038223,0.144071,11.3146,3.29453
0,5.04606,0.252042,-0.680202,0.0143677,8.91215e-05,4.51101e-05,4.40114e-05,0.857208,10.1669,0.000229336,7.63961e-05,0.144071,0.148388,2.75038
0,5.3952,0.23983,-0.51866,0.015662,4.4171e-05,5.1965e-06,3.8974e-05,0.85105,9.6746,2.5138e-05,8.799e-06,0.14407,0.017857,2.48
0,19.2644476,0.9550918138,-1.632281338,0.01564510231,0.391662254,0.1159395768,0.2757226772,-0.1845866471,23.43932243,2.233582529,0,0.1440706667,-325209.0867,-61.65839174
0,6.16885,0.653343,-0.802718,0.00949348,0.00042251,0.000329205,9.33057e-05,0.939372,26.3459,0.00433843,0.000557802,0.144071,1.69285,2.99828
0,5.8781,0.22899,-0.60814,0.015647,5.4724e-05,1.6418e-05,3.8307e-05,0.84509,9.2375,7.5834e-05,2.78e-05,0.14407,0.054196,2.6266
0,18.7503444,0.559049332,-1.68326624,0.0223263893,0.371753005,0.323780894,0.0479721108,1.34285164,14.1688864,3.65112348,0,0.144070667,52016.6173,14.5102156
2,17.1236987,0.93276705,-1.62349671,0.0181134646,0.350675074,-0.759514842,1.11018992,1.79125562,24.4337675,-14.2900791,0,0.144070667,31206.5816,10.3832217
2,23.425931,0.62214918646,-1.6611999512,0.022588674226,-11.458041206,-16.991434995,5.5333937891,-0.35810061604,312.67954169,-213.23071657,0,0.14407066667,-3242150.8145,-628.17037932
2,4.556338,0.9868947,-1.44334,0.00912056,0.516702,-0.01709907,0.5338011,4.887091,19.24159,-0.3403836,0,0.1440707,890.4466,4.133413
0,26.8097,0.450009,-1.08923,0.0231208,0.00544542,0.00527126,0.000174162,0.911242,18.0553,0.0478476,0.00908226,0.144071,47.4247,3.46492
0,30.224551,0.9274287,-1.4567269,0.010525183,0.12542104,0.065781078,0.059639965,1.8598512,32.721614,1.230571,0,0.14407067,4725.5627,4.977276
0,5.42215,0.284783,-0.514098,0.0166669,4.38853e-05,4.60548e-06,3.92798e-05,0.871538,11.4881,2.64554e-05,7.79831e-06,0.144071,0.019528,2.48005
0,15.9306989,0.994348181,-1.8436253213,0.016363534756,0.095135833159,0.066618768982,0.028517064177,-1.2290817286,36.297527252,1.3361655104,0,0.14407066667,-1142050.0402,-220.12884837
0,27.883662,0.44772796,-1.3551531,0.020539179,0.14183757,0.10507547,0.036762095,0.82050829,15.500256,0.94894435,0.31120916,0.14407067,1376.3493,4.1619563
2,1.3156551,0.94586283745,-1.897497403226,0.01403016016687,-0.305902240286,-0.3059023207576,8.047160887648e-08,-0.03053996803927,49.8303566577,-5.836279805458,0,0.1440706666667,-126048233.2398,-24475.07062292
0,21.6797,0.43905,-1.0656,0.0221386,0.00422032,0.00408216,0.000138163,0.91008,17.6373,0.0361517,0.00700205,0.144071,34.2425,3.42199
0,6.21834,0.662837,-0.89497,0.0111274,0.00101956,0.000917401,0.000102162,0.9398,26.7128,0.0122657,0.00155646,0.144071,5.61116,3.15287
0,44.77982,0.259451,-1.346834,0.02389524,0.09885025,0.08375614,0.01509412,0.7998207,9.432082,0.438326,0.24039,0.1440707,772.1117,4.006602
0,45.002998,0.26890825,-1.4678187,0.023192722,0.26169292,0.26169185,1.0692655e-06,0.69421193,8.0093326,1.419448,1.1716096,0.14407067,3573.3557,4.7502675
2,0.7644509,0.9959222112890094,-1.8753352049368,0.01909931435072624,-0.9778671965134408,-0.977867196513441,2.220446049250313e-16,-8.920143700964407e-10,79.46533379493727,-19.64402446105588,0,0.1440706666666666,-5177100364445926,-1005308883085.673
0,27.4549073,0.8260785947,-1.740878726,0.01731892423,0.6268896776,0.06813097488,0.5587587027,0.7037628398,12.43408407,1.135249038,0,0.1440706667,182561.842,39.9821044
0,14.7342164,0.505324424,-1.73272077,0.0235286189,0.335575269,0.278133114,0.0574421551,1.43857261,13.5447579,2.83496798,0,0.144070667,87609.9237,21.4980999
0,6.27782,0.304198,-0.945923,0.0171065,0.00120565,0.00114666,5.89927e-05,0.878021,12.2571,0.00703585,0.00194807,0.144071,5.30257,3.20086
2,10.9519796,0.916640965909,-1.63712526297,0.0186137181242,-1.7300033475,-1.73000366712,3.19615713007e-07,-0.0237727800112,100.952623182,-31.9868487469,0,0.144070666667,-11573830.2301,-2246.13678484
0,0.4608311,0.642041891,-1.78315244,0.0213638202,0,0,0,-6.8369419,25.9011192,0,0,0.144070667,-67375.3173,-11.3595007
0,16.7340792,0.91190605,-1.68243663,0.0161536216,0.285121126,0.240972118,0.0441490083,1.6553043,26.2989086,4.4324318,0,0.144070667,77493.693,19.4771034
0,4.90982,0.644587,-0.538661,0.0113428,7.82988e-05,9.27716e-06,6.90216e-05,0.938824,26.0018,0.000120621,1.57095e-05,0.144071,0.0562518,2.55899
0,35.74255,0.2792019,-1.255083,0.02159865,0.04303103,0.04175007,0.001280958,0.8425516,10.77882,0.2351261,0.08184179,0.1440707,257.759,3.7586
0,99.85776,0.9716431,-1.250978,0.01378241,0.07372958,0.05858414,0.01514544,0.9094883,36.30778,1.148185,0.1216684,0.1440707,763.0322,3.908375
2,8.8786962,0.92598375,-1.5504291,0.016672664,0.12623019,-0.021385445,0.14761563,3.2487638,32.640407,-0.39943565,0,0.14407067,8991.8092,5.9324698
0,10.7349833,0.6993909267223,-1.507845112239,0.02081617794838,0.6831705756592,0.6413340272714,0.04183654838778,-4.711604480919e-06,8.93924145988,9.047517821527,0,0.1440706666667,-982627689.6331,-190809.3966943
2,30.670809,0.5862446,-1.5219034,0.02176584,-0.11365272,-0.18094124,0.067288521,3.3979489,26.338062,-2.1396444,0,0.14407067,4808.9188,5.0595374
0,27.031138,0.96635601,-1.3232069,0.011739722,0.18158055,0.1263162,0.055264355,0.83410849,31.905699,2.4621889,0.36121683,0.14407067,1848.8805,4.2369334
0,22.9498629,0.9083981349,-1.749268098,0.01878875565,0.6952681689,0.4768451103,0.2184230586,0.7028535561,11.16732669,8.737329982,0,0.1440706667,182854.8887,40.0474811
0,5.8871,0.326666,-0.765557,0.0145923,0.000182232,0.000132924,4.93084e-05,0.886044,13.1759,0.000875853,0.000225154,0.144071,0.556886,2.90377
0,5.9887,0.22247,-0.81487,0.014134,0.00030342,0.00025849,4.4926e-05,0.84111,8.972,0.0011599,0.00043796,0.14407,0.7526,2.9686
0,12.4782,0.456448,-1.0481,0.0197328,0.00379965,0.00366575,0.000133895,0.913388,18.344,0.0337504,0.00627459,0.144071,28.3432,3.39364
0,6.16262,0.570596,-0.771995,0.0110091,0.000266724,0.00019136,7.53647e-05,0.93132,23.0127,0.00220244,0.000324166,0.144071,1.00514,2.94064
1,0.35154,0.77148,-1.9714,0.01887,,,,,,,,,,
0,14.6662,0.790089,-1.09675,0.0109393,0.0128558,0.0121917,0.000664024,0.941207,31.4638,0.194297,0.0211419,0.144071,88.1247,3.51218
0,48.960932,0.31187605,-1.4817441,0.020306263,0.30501615,0.30501468,1.4677423e-06,0.67758161,8.7440355,1.9187922,1.6002468,0.14407067,4779.7436,5.0134001
0,7.3676,0.20716,-0.63983,0.016492,5.7827e-05,2.3266e-05,3.4561e-05,0.83151,8.3567,9.722e-05,3.9622e-05,0.14407,0.074855,2.6748
0,4.68778,0.73264,-0.602807,0.0124424,8.34127e-05,1.92775e-05,6.41352e-05,0.945769,29.5535,0.000284883,3.26444e-05,0.144071,0.144669,2.67168
0,6.08662,0.632313,-0.839181,0.0110226,0.000538226,0.000452774,8.54523e-05,0.937416,25.4949,0.00577482,0.000767415,0.144071,2.62225,3.05741
0,5.9339,0.386087,-0.647263,0.018001,6.37864e-05,2.35858e-05,4.02005e-05,0.90192,15.5744,0.00018368,3.99402e-05,0.144071,0.141511,2.71501
0,6.11255,0.704702,-0.727736,0.0102523,0.00019727,0.000116401,8.08689e-05,0.943668,28.4233,0.00165459,0.000197153,0.144071,0.693932,2.87728
0,7.30515,0.228639,-1.05138,0.023822,0.00321587,0.00314641,6.94516e-05,0.842962,9.19406,0.0145108,0.00542108,0.144071,16.0546,3.36532
0,5.41908,0.308142,-0.586235,0.0142611,6.11493e-05,1.35949e-05,4.75543e-05,0.880096,12.4303,8.44995e-05,2.30205e-05,0.144071,0.0528513,2.60335
0,46.442712,0.392051,-1.3900435,0.019650882,0.18731599,0.13290371,0.054412278,0.77937562,12.853442,1.0510052,0.50919952,0.14407067,1880.9619,4.3108836
0,34.498459,0.42130716,-1.3381714,0.021835586,0.10297371,0.080904392,0.022069322,0.84261388,15.246114,0.68753704,0.23536362,0.14407067,1059.9176,4.0701054
0,44.723027,0.26682403,-1.4697064,0.021288434,0.28190983,0.28190867,1.1515209e-06,0.67926751,7.7296369,1.5172549,1.3077402,0.14407067,3610.944,4.7599919
0,6.8897,0.21128,-0.96994,0.014812,0.002478,0.0024166,6.1407e-05,0.83308,8.5024,0.010299,0.0030627,0.14407,5.2775,3.2246
0,1.6543703,0.95020316371,-1.6753283671,0.018390452583,0.056902385824,0.039751822523,0.017150563301,-0.1486475579,36.151663374,0.76190125219,0,0.14407066667,-1082739.3546,-208.77723234
2,13.3105323,0.859932350890785,-1.64161989387284,0.0154729660305058,-1.14155256934221,-1.28510984797488,0.143557278632664,-2.15065807014564e-06,74.2930508930906,-22.2910080998233,0,0.144070666666667,-99744590354.9037,-19368780.0608767
2,6.0000964,0.695348917,-1.62293762,0.0211561277,0.0566188654,-0.0123747498,0.0689936152,4.45223636,26.4633692,-0.17356589,0,0.144070667,13500.8584,6.90144639
0,6.04609,0.658027,-0.790934,0.0104507,0.000340503,0.000257072,8.34303e-05,0.939829,26.5369,0.00341212,0.000435536,0.144071,1.4649,2.97902
0,6.8138,0.289342,-1.01466,0.0219757,0.00221534,0.00214905,6.62939e-05,0.871964,11.6467,0.0125424,0.00366676,0.144071,12.2678,3.31405
0,5.46246,0.371049,-0.667135,0.0189822,6.67471e-05,2.88701e-05,3.7877e-05,0.898349,14.9678,0.000216075,4.88894e-05,0.144071,0.176243,2.74616
2,17.2673921,0.557394863,-1.72820054,0.0226752108,-0.625492748,-0.946113599,0.32062085,3.32608585,36.5513283,-10.6373002,0,0.144070667,96486.751,23.2222745
2,0.7349098,0.52519602,-1.7426447,0.022832112,0.0044275832,0.0044275832,-5.2041704e-17,1140.902,21.093539,0.046904373,0,0.14407067,195.42278,4.2198314
2,31.137795,0.88634255,-1.5456084,0.015736121,-0.20868989,-1.4493839,1.240694,5.1852122,43.218696,-25.912553,0,0.14407067,7011.6909,5.5303617
0,12.2932,0.326595,-1.07067,0.0234694,0.00421416,0.00410494,0.000109217,0.88351,13.1199,0.0270421,0.00704952,0.144071,28.0038,3.41552
0,5.7998,0.24438,-0.69569,0.015367,9.241e-05,5.1464e-05,4.0946e-05,0.85338,9.8577,0.00025368,8.7153e-05,0.14407,0.17633,2.7747
0,18.5175909,0.898604635,-1.60929171,0.0154296373,0.785166467,0.741765249,0.0434012182,0.468801348,7.78799908,13.4449846,0,0.144070667,31667.1167,10.4591979
0,21.4681253,0.681358074,-1.57516075,0.0221921126,0.128608352,0.0746920878,0.0539162641,2.76749606,23.9521204,1.02653835,0,0.144070667,10642.1842,6.28633607
2,19.5062769,0.667721058005,-1.67596710664,0.0227273106065,-1061.64137251,-1143.88002478,82.2386522679,-2.03832391234,28624.4373998,-15406.3840394,0,0.144070666667,-63034795.9143,-12239.0695231
0,0.4361485,0.7500811798602898,-1.785111930286739,0.01623533727132316,0,0,0,-2.977547868398354e-13,30.25961756790925,0,0,0.1440706666666666,-1.853445233105901e+18,-359908988813770.4
2,23.0383257,0.8802928263,-1.765892009,0.01591756361,-5.794077421,-7.974044173,2.179966753,-10.23733058,241.2752756,-141.5894746,0,0.1440706667,-335802.4625,-63.5834898
0,6.17607,0.565382,-0.732509,0.0132824,0.000156004,9.55285e-05,6.04758e-05,0.930803,22.805,0.00108943,0.000161798,0.144071,0.600146,2.87458
0,16.1076,0.997236,-1.08391,0.00969293,0.0124852,0.0116939,0.000791319,0.951451,39.728,0.235224,0.0202343,0.144071,93.3448,3.50331
0,4.4348701,0.73815549,-1.4593164,0.012313998,0.031518835,0.0039679674,0.027550868,5.7122047,28.83993,0.059080086,0,0.14407067,1401.9511,4.2720381
0,21.65059,0.2953666,-1.210052,0.02196715,0.02502186,0.02442469,0.0005971712,0.8600465,11.61747,0.1455177,0.0451255,0.1440707,152.6239,3.666226
0,45.477057,0.26930194,-1.4363979,0.023024861,0.26405131,0.18002715,0.084024155,0.69315514,7.9954365,0.97791848,0.78824014,0.14407067,2386.1878,4.4675693
2,17.0630779,0.854809231,-1.5411042,0.0161215149,-11.6614532,-12.5748763,0.913423105,-18.1742801,436.62432,-216.819378,0,0.144070667,-19074.0035,-2.15737531
0,50.47477,0.9742329,-1.152581,0.009311758,0.03084746,0.02847473,0.002372726,0.9384006,38.08992,0.5595613,0.05088216,0.1440707,219.208,3.640288
2,23.1251444,0.880695238,-1.64436872,0.0146489985,0.0764685257,-0.0344327768,0.110901303,1.96379283,32.8119858,-0.611678008,0,0.144070667,49978.5411,14.073503
0,7.7948873,0.69393720356844,-1.5014438725478,0.02429436725768,0.34886706198032,0.3448725722776,0.0039944897027287,-1.4053061429168e-06,18.228251112018,4.8272967638859,0,0.14407066666667,-6187600206.8054,-1201530.7005133
2,14.253033,0.645330213,-1.63226024,0.0236337907,-1.32109714,-2.01009391,0.68899677,5.40945569,60.426923,-26.1651673,0,0.144070667,28600.7294,9.88149068
0,6.11706,0.703523,-0.745918,0.0113247,0.000207295,0.000133092,7.42031e-05,0.943573,28.3755,0.00188867,0.000225435,0.144071,0.875091,2.90742
0,0.4446807,0.518996003,-1.961547102,0.02018486755,0,0,0,11.24434213,20.93722785,0,0,0.1440706667,327487.1387,68.37493958
0,34.262924,0.85198804,-1.3094834,0.011612294,0.15298707,0.11163292,0.041354151,0.84959276,29.112447,1.9184521,0.30616248,0.14407067,1388.5938,4.1191195
0,4.63701,0.651414,-0.584882,0.013618,7.17044e-05,1.39913e-05,5.77131e-05,0.93943,26.2773,0.00018384,2.36923e-05,0.144071,0.102866,2.63623
0,5.92605,0.369108,-0.643652,0.0153253,7.31172e-05,2.6448e-05,4.66692e-05,0.897865,14.8894,0.000196912,4.47871e-05,0.144071,0.129738,2.70693
0,27.4776082,0.925927333,-1.54855099,0.015095436,0.319728496,0.264861852,0.0548666437,1.82562563,25.4105666,4.94676737,0,0.144070667,12160.0494,6.56132195
0,5.05202,0.270396,-0.505009,0.0174671,4.07379e-05,3.9103e-06,3.68276e-05,0.865624,10.9078,2.13273e-05,6.62114e-06,0.144071,0.0166112,2.46265
0,10.3202,0.323086,-1.04707,0.0200777,0.00365711,0.00355537,0.000101732,0.882764,12.9862,0.0231701,0.00608543,0.144071,20.4871,3.3744
0,13.9844497,0.599354141,-1.66778102,0.0217302141,0.101516611,0.0714691096,0.0300475013,1.98015208,21.7244469,0.864026479,0,0.144070667,44330.3474,12.9939657
1,0.47905,0.99792,-1.8871,0.015655,,,,,,,,,,
0,32.7058,0.949569,-1.03543,0.0136786,0.00479755,0.00449897,0.000298577,0.954548,38.1235,0.0861717,0.00769207,0.144071,47.8979,3.41172
0,5.73586,0.607886,-0.646415,0.0116286,0.000103764,3.61141e-05,6.76503e-05,0.935356,24.5207,0.000442817,6.11575e-05,0.144071,0.212506,2.73506
0,34.236,0.881858,-1.04957,0.00991583,0.00787259,0.00741881,0.000453782,0.949448,35.2957,0.131965,0.012724,0.144071,53.4613,3.43259
0,6.10842,0.493567,-0.887842,0.00923639,0.00111669,0.00100864,0.000108051,0.920926,19.8891,0.0100417,0.00171105,0.144071,3.8904,3.12659
0,4.62374,0.590093,-0.562157,0.0128181,7.15706e-05,1.11014e-05,6.04692e-05,0.933558,23.8037,0.000132137,1.87986e-05,0.144071,0.0700312,2.59374
0,35.01242,0.99104182,-1.3078119,0.01326564,0.13554915,0.096408386,0.039140764,0.86773819,34.561092,1.927223,0.26231158,0.14407067,1579.7259,4.161189
2,11.8909924,0.5071653777,-1.746823411,0.02436202623,-3.29220557,-3.326703597,0.0344980272,-1.030726166,87.81835104,-34.03211001,0,0.1440706667,-950225.3679,-182.9669633
2,13.4867374,0.843709412,-1.65781078,0.0186257864,-0.115135337,-0.166474996,0.0513396595,4.53405202,37.9555805,-2.83313375,0,0.144070667,29759.2279,10.1340431
0,13.46608,0.9498937,-1.107748,0.01119274,0.01457389,0.01365984,0.0009140482,0.9481604,37.76194,0.2617253,0.0237992,0.1440707,120.9229,3.545804
0,6.59322,0.441789,-0.984626,0.0183886,0.00183313,0.00175014,8.29859e-05,0.912088,17.7899,0.015596,0.00297936,0.144071,12.18,3.28362
0,24.1653,0.462273,-1.07627,0.0200026,0.00534919,0.00517098,0.000178216,0.913373,18.5492,0.0482166,0.00888825,0.144071,41.1543,3.44345
0,15.57366,0.9453413,-1.11885,0.008975774,0.02083409,0.01950154,0.001332548,0.9438518,37.34221,0.3718627,0.03422611,0.1440707,138.5361,3.567312
0,4.90463,0.513891,-0.61256,0.0117403,8.84107e-05,2.31572e-05,6.52535e-05,0.924446,20.7294,0.000240039,3.92142e-05,0.144071,0.11767,2.67082
0,1.0525305,0.690159628559,-1.946762741569,0.02255290907412,0.9971198797587,0.8376196405555,0.1595002392032,-4.632034914669e-05,0.08018909955786,11.66061815482,0,0.1440706666667,-251813423.8468,-48896.61616678
0,36.705995,0.85097945,-1.3661228,0.01049099,0.43437041,0.062607888,0.37176252,1.0577393,19.418083,1.0746655,0,0.14407067,1539.9077,4.2104561
