Error,time,CO2share,E_appl,v,X_tot,X_het,X_hom,FE,CO2_out,CO_out,H2_out,delP,CD,Vcell
0,46.587963,0.77071797,-1.2985304,0.010251377,0.15410595,0.11731839,0.036787558,0.84435374,26.300658,1.8238401,0.30129145,0.14407067,1096.6007,4.0393359
0,10.8275583,0.5648313865,-1.64771092,0.0215442845,0.5683503347,0.4120421867,0.1563081479,-0.03684802112,9.835702773,4.694460351,0,0.1440706667,-833455.1034,-160.384448
0,24.7844,0.304703,-1.17382,0.0210126,0.0169457,0.016565,0.000380728,0.868413,12.084,0.101811,0.0296192,0.144071,98.7125,3.59713
0,9.019207,0.4432609,-1.166199,0.02207677,0.01485401,0.01437028,0.0004837319,0.9040677,17.61632,0.1284842,0.02556416,0.1440707,125.3483,3.606961
0,7.01098,0.594165,-0.965975,0.0130716,0.00206044,0.00193911,0.000121326,0.932707,23.9203,0.0232399,0.00329836,0.144071,12.6033,3.26681
0,12.7757,0.45694,-1.03184,0.0232062,0.00263304,0.00253502,9.80228e-05,0.914212,18.3852,0.023365,0.00432977,0.144071,23.0319,3.36568
0,6.12344,0.456064,-0.85462,0.0158814,0.000439196,0.000383144,5.60522e-05,0.915457,18.3903,0.00352462,0.000649459,0.144071,2.36173,3.06742
2,6.9201848,0.60984989,-1.6013371,0.020169167,0.38316307,-0.0214634,0.40462647,2.6288946,15.175691,-0.26402597,0,0.14407067,9935.111,6.1716778
0,38.0823,0.879214,-1.02901,0.0132985,0.00453217,0.00426318,0.000268987,0.951495,35.3083,0.0756055,0.00728582,0.144071,40.9816,3.39595
0,5.91156,0.726148,-0.661261,0.0113124,0.000116289,4.49222e-05,7.13665e-05,0.94529,29.2907,0.000657979,7.60755e-05,0.144071,0.303949,2.76832
0,44.6088,0.3465354,-1.288922,0.0245842,0.05667583,0.0521045,0.00457133,0.8560475,13.18754,0.3642068,0.1110484,0.1440707,479.3709,3.867353
0,5.15871,0.583499,-0.620777,0.00881822,0.000122532,3.42619e-05,8.82699e-05,0.932826,23.5365,0.000403251,5.80202e-05,0.144071,0.147143,2.69053
2,10.7240745,0.845795317,-1.61721175,0.0149411642,0.0659316038,-0.0684977357,0.13442934,3.23374255,31.8712517,-1.1686021,0,0.144070667,20799.2027,8.33514607
0,147.2284,0.9619599,-1.256282,0.008489305,0.122766,0.09731478,0.02545124,0.8754567,34.04298,1.888256,0.2114535,0.1440707,795.641,3.922161
1,0.52797,0.84593,-1.9557,0.017354,,,,,,,,,,
0,6.29561,0.614782,-0.813758,0.0109187,0.000411337,0.000329822,8.15154e-05,0.935836,24.7912,0.00409003,0.000558882,0.144071,1.84258,3.01371
2,12.950508,0.6266587425,-1.758861757,0.02465652936,-0.347284606,-0.3764108043,0.0291261983,3.162874405,34.06007631,-4.757933349,0,0.1440706667,140185.6555,31.75774844
2,15.163393,0.49592655,-1.5166945,0.020338694,0.67011627,-0.22770258,0.89781885,0.79078285,6.5998403,-2.2777732,0,0.14407067,4842.8318,5.061275
0,7.6543,0.306816,-1.04511,0.0195654,0.00365553,0.00355681,9.87244e-05,0.877411,12.3322,0.0220122,0.00608944,0.144071,19.0872,3.36853
1,0.11093,0.92991,-1.912,0.017617,,,,,,,,,,
0,39.85826,0.3304467,-1.28229,0.01947935,0.06567668,0.06159426,0.004082424,0.8456829,12.45529,0.4105507,0.1287057,0.1440707,420.8778,3.842676
2,0.7882609,0.7215803221816,-1.906471984836,0.0227107040127,0.2529604104134,-0.003157204320048,0.2561176147335,-0.01303022302846,21.74620438161,-0.04595285937674,0,0.1440706666667,-144679559.7899,-28092.97002129
0,6.00328,0.358421,-0.802194,0.0189178,0.000204463,0.000164116,4.03473e-05,0.895058,14.4564,0.00118651,0.000278046,0.144071,0.968349,2.96892
0,23.1414639,0.898940891,-1.63515981,0.0182466706,0.335284562,0.187892167,0.147392396,1.15612543,24.1058288,3.40694389,0,0.144070667,55410.541,15.1244018
0,79.34652,0.227665,-1.372855,0.02202008,0.1354351,0.1111487,0.02428646,0.7599461,7.940522,0.5104177,0.3643883,0.1440707,955.6237,4.079214
0,76.260851,0.77126312,-1.4309997,0.012148321,0.40866582,0.2742195,0.13444632,0.6520599,18.398852,4.2660513,1.3938799,0.14407067,5446.057,5.0987485
0,6.31803,0.452826,-0.889009,0.017074,0.000610899,0.000554002,5.68971e-05,0.914797,18.2567,0.00506021,0.000939595,0.144071,3.64931,3.12442
0,7.66604,0.254722,-1.01935,0.0209629,0.00615703,0.00238296,0.00377407,0.85658,10.2127,0.0122436,0.00408224,0.144071,11.6295,3.31586
0,6.32733,0.671497,-0.810977,0.0134715,0.000324983,0.000257957,6.70266e-05,0.94097,27.0806,0.00349394,0.000437081,0.144071,1.93151,3.01337
2,22.435351,0.99184806,-1.4287828,0.010535871,-0.062519308,-0.12573955,0.063220237,2.5988302,42.514507,-2.5156036,0,0.14407067,3068.8209,4.6054381
0,5.38784,0.488247,-0.705352,0.00982019,0.000169785,9.11637e-05,7.86217e-05,0.920743,19.6934,0.000897815,0.000154397,0.144071,0.369639,2.82247
0,6.17769,0.259215,-0.878562,0.0171933,0.000525059,0.000481182,4.38777e-05,0.86034,10.4517,0.00251591,0.000815897,0.144071,1.94245,3.08124
0,33.017677,0.37468944,-1.3521166,0.024106313,0.10706064,0.083034952,0.02402569,0.83008185,13.497352,0.62756333,0.25501521,0.14407067,1139.3624,4.1031913
0,6.18629,0.319779,-0.847268,0.0142917,0.000441904,0.000387426,5.44786e-05,0.883715,12.8948,0.00249899,0.000656666,0.144071,1.56087,3.03864
0,5.7067,0.21968,-0.55847,0.017551,4.1258e-05,7.7338e-06,3.3524e-05,0.83958,8.8618,3.4269e-05,1.3095e-05,0.14407,0.02765,2.5423
0,5.67249,0.685007,-0.713123,0.0133435,0.000135765,7.41342e-05,6.16308e-05,0.942185,27.6307,0.00102433,0.000125556,0.144071,0.560015,2.85163
0,12.9412438,0.5282476179,-1.819471823,0.0200380653,0.4310804931,0.3527746837,0.07830580944,1.240972428,12.1239333,3.758894433,0,0.1440706667,277032.8561,58.4268644
0,28.342554,0.80272218,-1.4464774,0.013745259,0.35586576,0.27261976,0.083246008,1.2328767,20.85916,4.4141568,0,0.14407067,3983.8029,4.8142153
0,120.41105,0.32681675,-1.3772407,0.024056675,0.1262737,0.095277682,0.030996013,0.80520697,11.519533,0.62808824,0.35286978,0.14407067,1384.2507,4.1858724
0,51.096102,0.26927319,-1.4958677,0.024287881,0.29155269,0.29155151,1.1790878e-06,0.67337229,7.6958367,1.5835566,1.6040395,0.14407067,5075.0769,5.0879533
0,6.72368,0.419235,-0.993424,0.01935,0.00194258,0.00186123,8.13469e-05,0.907779,16.8799,0.0157392,0.00317008,0.144071,13.001,3.29593
0,6.21512,0.315666,-0.877056,0.0165583,0.000539632,0.00049007,4.9562e-05,0.882321,12.7277,0.0031204,0.000830968,0.144071,2.26234,3.08763
0,4.65691,0.719756,-0.528048,0.0120267,7.33879e-05,7.63453e-06,6.57533e-05,0.944859,29.0341,0.000110839,1.29279e-05,0.144071,0.0544569,2.54671
0,6.21563,0.550595,-0.847872,0.00944538,0.000688749,0.000590695,9.80547e-05,0.928738,22.1967,0.00656026,0.00100133,0.144071,2.5765,3.06519
0,13.0019335,0.48422061,-1.62323847,0.0221599646,0.48329915,0.0462993592,0.43699979,1.32071473,10.093403,0.452213394,0,0.144070667,17426.1466,7.67708827
1,1.7338,0.58983,-1.9551,0.023052,,,,,,,,,,
2,22.2656041,0.706196764,-1.68343797,0.0234675248,0.942631528,-0.403389729,1.34602126,0.111562631,1.63438426,-5.74613374,0,0.144070667,72381.5399,18.481901
0,36.88687,0.2285314,-1.226749,0.02178655,0.03068294,0.03010028,0.0005826598,0.8261675,8.936487,0.1387527,0.05638331,0.1440707,151.452,3.6823
0,6.22072,0.476121,-0.833133,0.00985468,0.000556239,0.000468597,8.7642e-05,0.918644,19.1969,0.0045003,0.000794201,0.144071,1.8642,3.03369
2,7.72138,0.8084323,-1.389009,0.01343853,0.06240824,-0.01849024,0.08089849,6.647879,30.57825,-0.3015168,0,0.1440707,517.6838,3.97883
0,6.22001,0.273279,-0.917182,0.0193395,0.000746301,0.000701946,4.43553e-05,0.866419,11.0163,0.00386932,0.00119122,0.144071,3.33875,3.14796
0,5.07903,0.375895,-0.531926,0.0152148,5.31246e-05,6.34315e-06,4.67815e-05,0.899536,15.1635,4.80947e-05,1.07409e-05,0.144071,0.0313995,2.52229
2,16.6843513,0.719611422,-1.65374797,0.019636418,-0.0875820554,-0.204243996,0.11666194,2.162631,31.5729562,-2.96464378,0,0.144070667,49260.7657,13.9427586
0,6.33239,0.316658,-0.91528,0.0141239,0.00100262,0.00093787,6.47503e-05,0.882357,12.7617,0.00599043,0.00159175,0.144071,3.70623,3.1515
0,5.63289,0.414839,-0.610726,0.0155235,6.42656e-05,1.71061e-05,4.71594e-05,0.908091,16.7343,0.000143138,2.89668e-05,0.144071,0.0944509,2.65769
0,32.8767,0.844868,-1.0499,0.0129633,0.0060413,0.00570453,0.000336775,0.948752,33.8776,0.0972151,0.00977423,0.144071,51.5699,3.4307
0,5.07397,0.296039,-0.686218,0.0185396,7.41152e-05,3.77694e-05,3.63458e-05,0.875796,11.9419,0.000225535,6.39611e-05,0.144071,0.184299,2.76754
0,19.916,0.265302,-1.14761,0.0214444,0.0120405,0.0118053,0.000235137,0.85602,10.5739,0.0631747,0.0207265,0.144071,62.579,3.54048
0,24.6493,0.96987,-1.06618,0.0135333,0.0071533,0.00671283,0.000440467,0.953857,38.8464,0.131324,0.0115408,0.144071,72.5015,3.46855
0,6.39884,0.296376,-0.928278,0.0152024,0.00109026,0.00102925,6.10096e-05,0.875291,11.9433,0.00615306,0.00174754,0.144071,4.13188,3.17017
2,21.3852988,0.802892755,-1.62680988,0.0154486095,-7.76407323,-11.004794,3.24072079,7.11933944,283.869481,-178.22336,0,0.144070667,95186.3537,22.8676706
0,59.37643,0.9150977,-1.255215,0.009594075,0.1070065,0.0859082,0.02109834,0.8843497,32.96635,1.585723,0.1845593,0.1440707,752.3559,3.909815
0,6.2474,0.22474,-0.87611,0.017855,0.00048804,0.00044902,3.9012e-05,0.84235,9.0619,0.0020355,0.00076132,0.14407,1.6668,3.0709
0,7.00038,0.586831,-0.984755,0.0114326,0.00297582,0.00281823,0.000157593,0.93135,23.6034,0.0333591,0.00480004,0.144071,15.8521,3.29801
0,4.89396,0.689876,-0.518439,0.0123738,7.01389e-05,6.55881e-06,6.35801e-05,0.942612,27.8289,9.12685e-05,1.11063e-05,0.144071,0.0462456,2.5287
0,6.29114,0.467041,-0.75676,0.0117342,0.000214627,0.00014764,6.69872e-05,0.917417,18.8372,0.00139086,0.000250082,0.144071,0.686788,2.90578
0,6.16315,0.48632,-0.747736,0.0105045,0.000221919,0.000146876,7.50427e-05,0.920421,19.6147,0.00144078,0.000248782,0.144071,0.634785,2.8927
0,54.29782,0.8247512,-1.264157,0.00930126,0.120334,0.09710555,0.02322842,0.8708576,29.26819,1.615445,0.2135399,0.1440707,760.8638,3.920987
0,13.600477,0.65728645,-1.5074474,0.024476946,0.020407781,0.0096025237,0.010805257,2.5848922,25.974977,0.1273108,0,0.14407067,5177.874,5.1205249
0,39.9897921,0.6900780243,-1.721994732,0.0207401665,0.8494500477,0.6013151646,0.2481348831,0.2340539486,4.191157542,8.37000128,0,0.1440706667,145176.799,32.6918781
1,0.30588,0.4882,-1.9945,0.019819,,,,,,,,,,
2,17.2088953,0.5725289194,-1.780159504,0.02030089025,-1.039085618,-1.125203511,0.08611789371,-5.002623456,47.09643738,-12.9943236,0,0.1440706667,-161115.9277,-29.61019661
0,44.6338456,0.824943214,-1.65496704,0.0176019788,0.755775351,0.493950464,0.261824887,0.333410774,8.12771963,8.21925819,17.0832325,0.144070667,83552.2134,20.629968
0,37.79512,0.3720463,-1.267881,0.01949537,0.05663482,0.05317749,0.003457331,0.8624728,14.15898,0.3990709,0.1068712,0.1440707,389.8667,3.818312
0,5.5789,0.23578,-0.55958,0.014137,5.2865e-05,9.7407e-06,4.3124e-05,0.84887,9.5112,4.6325e-05,1.649e-05,0.14407,0.029774,2.5472
1,95.4679,0.37196,-1.31557,0.0201969,,,,,,,,,,
0,7.32559,0.426882,-1.01705,0.0206542,0.00244967,0.00235733,9.23401e-05,0.908941,17.179,0.020298,0.00402281,0.144071,17.8993,3.33694
2,0.7723342,0.5530352712981985,-1.937800240404455,0.02079358070905484,-0.02013469286317105,-0.02013469286317103,-1.387778780781446e-17,-5.053903671171279e-09,22.75964658446792,-0.2246068567506539,0,0.1440706666666666,-583817478084800.2,-113367880763.2716
0,25.7820053,0.928681837,-1.66865138,0.0189613297,0.863074901,0.570160114,0.292914787,0.24077658,5.1298561,10.6804353,0,0.144070667,87055.6884,21.326081
2,6.9389769,0.5634395,-1.5297294,0.024060022,-0.0076657696,-0.017978653,0.010312883,4.1335679,22.904402,-0.20432881,0,0.14407067,3801.2927,4.8596171
2,22.0477104,0.9231772926,-1.688305782,0.01863059426,-20.23893817,-20.42359409,0.1846559193,-26.64944838,790.9938018,-380.3141242,0,0.1440706667,-156110.488,-28.72845354
0,39.74609,0.2467847,-1.268768,0.02045824,0.06301475,0.05085933,0.01215542,0.8206415,9.328377,0.253171,0.1030082,0.1440707,273.0424,3.778212
0,5.22993,0.42234,-0.682969,0.0154544,9.16197e-05,4.34576e-05,4.81621e-05,0.909557,17.0364,0.000370214,7.35942e-05,0.144071,0.242817,2.77848
0,6.06122,0.656746,-0.660965,0.0130255,0.000100118,3.88666e-05,6.12512e-05,0.939874,26.4916,0.000514871,6.58195e-05,0.144071,0.275438,2.76295
1,0.3715,0.89504,-1.8377,0.018043,,,,,,,,,,
0,17.7110437,0.704091957,-1.782924805,0.02347592558,0.2647788386,0.1988690433,0.06590979529,-1.343511151,20.88346448,2.824370966,0,0.1440706667,-275635.7777,-51.87291803
0,47.285908,0.28509767,-1.3908779,0.020514638,0.16895225,0.12630147,0.042650777,0.76245801,9.5581713,0.72631872,0.49301571,0.14407067,1445.1762,4.2135536
0,10.72106,0.4628264,-1.172014,0.0220352,0.01599149,0.01543561,0.000555877,0.9066724,18.37267,0.1441011,0.02759875,0.1440707,140.4641,3.621562
2,15.920344,0.42804587,-1.4874147,0.020368,0.55909267,-0.026795891,0.58588856,0.88904054,7.613648,-0.23135756,0,0.14407067,3411.6021,4.7360733
0,6.41987,0.709542,-0.760763,0.00930394,0.000287675,0.000196015,9.16596e-05,0.943972,28.6159,0.00280539,0.000332044,0.144071,1.06745,2.93251
2,23.6578798,0.629403098,-1.57520644,0.0231460866,-0.246215669,-0.576525872,0.330310202,1.90299016,31.6429708,-7.31935561,0,0.144070667,20458.2923,8.22609233
0,5.28136,0.435443,-0.699275,0.0148256,0.000106623,5.5853e-05,5.07703e-05,0.912029,17.5647,0.000490572,9.45895e-05,0.144071,0.30784,2.80699
0,78.355631,0.23609908,-1.3833228,0.021864703,0.14699757,0.11644732,0.030550247,0.75660369,8.1245577,0.55456053,0.41979333,0.14407067,1123.4344,4.1305812
0,6.07675,0.491987,-0.749194,0.0109487,0.000215785,0.000143581,7.22042e-05,0.921268,19.8434,0.00142487,0.0002432,0.144071,0.653725,2.89567
0,42.82114,0.8236281,-1.234829,0.01266796,0.06425752,0.05499849,0.009259031,0.908855,31.09157,0.9137073,0.1075736,0.1440707,531.3706,3.828648
2,10.8368721,0.5034687609377,-1.562824626143,0.02141344302376,-11.69698935616,-11.75564717407,0.05865781791009,-0.0008700794427983,257.8864064258,-119.3834821741,0,0.1440706666667,-311047659.2435,-60399.33829273
2,16.812785,0.9191254808,-1.521483857,0.01480273594,-3.379902097,-3.385289193,0.005387096345,-0.1675986828,162.4031225,-62.76185215,0,0.1440706667,-597948.7009,-114.7620904
0,19.940392,0.39357358,-1.4989492,0.020364703,0.82947237,0.2981463,0.53132608,0.29243951,2.7075461,2.3669034,0,0.14407067,4277.3207,4.9273363
0,48.518354,0.36355165,-1.411116,0.021692586,0.20034664,0.13826278,0.062083852,0.76449725,11.727975,1.0139034,0.60465916,0.14407067,2293.5405,4.422262
0,37.7165,0.7725544,-1.242806,0.009034688,0.09636949,0.08273517,0.01363432,0.8842236,28.16276,1.289272,0.1671101,0.1440707,548.108,3.84147
1,0.23378,0.72501,-1.9138,0.023532,,,,,,,,,,
0,9.8363712,0.559797537,-1.61867086,0.0223477584,0.00176973707,0.00157168492,0.000198052152,3.11963797,22.5432684,0.0177468647,0,0.144070667,15538.364,7.30005242
0,50.804794,0.39400746,-1.3879087,0.023158825,0.14840538,0.10563755,0.042767833,0.80668408,13.536068,0.83955264,0.42038245,0.14407067,1862.0334,4.3045535
2,22.3840942,0.650955898,-1.6154392,0.0199489608,-1.57655104,-1.72380786,0.147256825,4.68582249,67.6621015,-22.6342232,0,0.144070667,29786.8518,10.0970833
0,46.94066,0.454982,-1.212451,0.02210233,0.02602412,0.02491627,0.001107843,0.8989259,17.87712,0.2286665,0.04625345,0.1440707,231.7358,3.705447
0,15.9414738,0.7587490038,-1.883650301,0.01631852499,0.9806474129,0.8895534114,0.09109400143,0.04625119186,0.592369012,13.61430055,0,0.1440706667,828200.4084,165.5751078
0,8.92732,0.301639,-1.04345,0.0229139,0.00305777,0.00297543,8.23467e-05,0.875971,12.1314,0.0181034,0.00508985,0.144071,18.4104,3.36488
0,6.46542,0.286754,-0.956991,0.0148836,0.00158761,0.00151848,6.91284e-05,0.871355,11.5498,0.00878301,0.00258108,0.144071,5.80396,3.21666
1,0.34354,0.59606,-1.9762,0.020316,,,,,,,,,,
0,6.21848,0.64776,-0.891624,0.0127099,0.00085702,0.000769491,8.75291e-05,0.938604,26.1094,0.0100541,0.00130534,0.144071,5.26036,3.14614
0,40.26445,0.90802336,-1.3463408,0.0099077563,0.26871885,0.18252813,0.08619072,0.76683341,26.78777,3.3431203,0.57610486,0.14407067,2272.7398,4.3529795
0,4.92606,0.584131,-0.521545,0.00967982,8.84263e-05,8.72538e-06,7.97009e-05,0.932915,23.5628,0.000102806,1.47751e-05,0.144071,0.0411737,2.52583
0,46.239275,0.80967617,-1.3622512,0.011976567,0.23616118,0.16056426,0.075596923,0.79006218,24.949868,2.6223183,0.58465514,0.14407067,2520.4403,4.4223047
0,31.494826,0.3307609,-1.3534816,0.020604589,0.12451455,0.099192622,0.025321923,0.80730653,11.682029,0.66178772,0.30363204,0.14407067,1031.8788,4.0785934
0,16.4816152,0.923224194,-1.63343243,0.0144990101,0.110601092,0.0691279619,0.0414731304,2.25673371,33.1252325,1.28731876,0,0.144070667,38152.045,11.7521791
1,0.36725,0.55978,-1.9911,0.023923,,,,,,,,,,
2,11.4711053,0.7213625141,-1.782229076,0.02148030943,0.7488869338,-0.3823717107,1.131258645,0.6188539745,7.307655196,-5.563710126,0,0.1440706667,207531.0538,44.87865734
0,6.18017,0.452481,-0.921816,0.0161407,0.000960175,0.000892392,6.77823e-05,0.914516,18.2364,0.00814482,0.00151484,0.144071,5.55741,3.17921
0,11.781,0.212304,-1.08847,0.0223616,0.00549264,0.00539462,9.80197e-05,0.83165,8.5177,0.0231018,0.00929964,0.144071,24.2766,3.42526
0,6.22804,0.685366,-0.845811,0.00880875,0.000727794,0.00061683,0.000110964,0.941832,27.6288,0.00852733,0.00104564,0.144071,3.07981,3.0724
0,42.642047,0.939801,-1.3330752,0.009048084,0.27623009,0.19017677,0.086053322,0.76321296,27.440473,3.6051101,0.53200857,0.14407067,1972.6881,4.2741735
0,6.51755,0.607717,-0.955232,0.0120668,0.0019546,0.00183071,0.000123892,0.93415,24.4685,0.0224411,0.00311248,0.144071,11.2131,3.24979
0,5.88903,0.378183,-0.668056,0.0141481,9.05094e-05,3.91951e-05,5.13142e-05,0.900059,15.2552,0.000298992,6.63752e-05,0.144071,0.181421,2.74857
0,5.9665,0.622521,-0.78825,0.00855833,0.000403671,0.000303271,0.000100399,0.936585,25.1035,0.00380812,0.000513816,0.144071,1.34345,2.97187
0,7.9143048,0.5396892214695,-1.554423100184,0.02410360255291,0.2681471258983,0.01264949524112,0.2554976306572,-4.259503370454e-05,15.93392223959,0.1377025906946,0,0.1440706666667,-352414415.3346,-68432.10589344
0,11.55467,0.9266407,-1.413978,0.009484529,0.3449941,0.1198457,0.2251484,6.371496,24.48565,2.240057,0,0.1440707,596.067,4.026264
0,52.27501,0.8213431,-1.173698,0.01016947,0.03629884,0.03371737,0.002581464,0.9275764,31.93171,0.5586033,0.06110851,0.1440707,243.8427,3.671661
2,22.4681331,0.628848445,-1.60348165,0.0209748872,-1.58639282,-2.58168526,0.995292444,-3.22685704,65.6138684,-32.7472215,0,0.144070667,-35972.9719,-5.40910249
0,42.07016,0.4151618,-1.30145,0.023899,0.06773286,0.05826363,0.009469232,0.8646611,15.61395,0.4879104,0.1341772,0.1440707,660.0286,3.931395
0,5.3815,0.486491,-0.686539,0.0100097,0.000147192,7.024e-05,7.69521e-05,0.920494,19.623,0.000689262,0.000118955,0.144071,0.289328,2.79106
0,5.698,0.22008,-0.52778,0.017311,3.9073e-05,5.2859e-06,3.3787e-05,0.83983,8.878,2.3465e-05,8.9502e-06,0.14407,0.018669,2.4914
0,5.7196,0.22024,-0.75125,0.014982,0.00014813,0.00010774,4.0388e-05,0.83986,8.8835,0.00047864,0.00018248,0.14407,0.32961,2.8625
0,10.1708,0.431204,-1.03515,0.0210773,0.00301711,0.00291041,0.000106709,0.909399,17.3431,0.0253141,0.00497417,0.144071,22.79,3.3684
0,6.07026,0.694383,-0.846981,0.0104133,0.000624208,0.000529711,9.44965e-05,0.942605,27.9952,0.00741931,0.000897927,0.144071,3.16533,3.07499
0,5.29327,0.616868,-0.672374,0.0136177,0.000101342,4.30431e-05,5.82991e-05,0.936237,24.883,0.000535576,7.28932e-05,0.144071,0.300709,2.77888
0,47.946307,0.93266176,-1.3271708,0.013555024,0.16693729,0.11577661,0.051160681,0.84316636,31.344188,2.1780617,0.32918333,0.14407067,1890.6852,4.250164
0,6.08987,0.55972,-0.751955,0.0109393,0.000223168,0.000148889,7.42793e-05,0.93011,22.5751,0.00168097,0.000252197,0.144071,0.763242,2.90641
0,45.250094,0.29352727,-1.4610919,0.023162934,0.25026696,0.25026584,1.1216737e-06,0.71086139,8.8779004,1.4817509,1.0760094,0.14407067,3547.9076,4.7382318
0,5.62628,0.691363,-0.707499,0.0100704,0.000172522,9.13831e-05,8.11386e-05,0.942662,27.886,0.00127438,0.00015477,0.144071,0.525534,2.84273
0,6.29129,0.432371,-0.881953,0.0147671,0.000648477,0.000585104,6.33731e-05,0.911117,17.4313,0.00510287,0.000992246,0.144071,3.19528,3.11045
0,6.1163,0.673847,-0.754884,0.00951255,0.000266167,0.000177777,8.83905e-05,0.941201,27.177,0.00241636,0.000301139,0.144071,0.942802,2.92023
2,20.565227,0.53840213,-1.5317011,0.022262297,0.28500609,-0.029601004,0.31460709,1.3219534,15.529743,-0.32146847,0,0.14407067,8265.7906,5.7684349
0,5.46458,0.535017,-0.706153,0.0110688,0.000153007,8.17161e-05,7.1291e-05,0.927169,21.5802,0.000881862,0.000138396,0.144071,0.406404,2.82815
0,34.0038,0.346676,-1.12014,0.0235374,0.00783545,0.00764004,0.000195414,0.887113,13.8759,0.053425,0.0132701,0.144071,55.6871,3.50569
2,15.0587904,0.8351786994,-1.6253595198,0.018874791929,-36.754583332,-44.707858926,7.9532755944,-0.54675593297,1272.0502195,-753.16208978,0,0.14407066667,-5451495.5635,-1057.2518205
0,5.1043,0.530816,-0.699711,0.0107366,0.000150697,7.75549e-05,7.31423e-05,0.926637,21.4108,0.000830383,0.000131347,0.144071,0.371404,2.81708
0,18.0725171,0.659667573,-1.61456978,0.0197059533,0.336713062,0.0755456488,0.261167413,1.58742758,17.6515053,1.00521685,0,0.144070667,22683.1172,8.7027849
0,0.4178711,0.7922753470754633,-1.790234777937128,0.01664872147992709,0,0,0,-3.435369823196706e-06,31.96180580807464,0,0,0.1440706666666666,-181221789663.0828,-35190329.93567957
0,6.65966,0.658233,-0.952386,0.00998514,0.002286,0.00213283,0.00015316,0.938593,26.4936,0.028318,0.00362631,0.144071,11.6498,3.24899
1,0.51074,0.72492,-1.96,0.02239,,,,,,,,,,
0,17.3976071,0.566403968,-1.663451,0.0232716286,0.410365925,0.0704061831,0.339959742,1.3286779,13.4729912,0.804381843,0,0.144070667,38756.1391,11.9003101
1,0.25001,0.93703,-1.9859,0.015562,,,,,,,,,,
0,4.83847,0.581207,-0.518167,0.0124181,6.86166e-05,6.51268e-06,6.2104e-05,0.932614,23.4453,7.63512e-05,1.10281e-05,0.144071,0.0392418,2.51999
0,18.7257577,0.565883681,-1.65735015,0.0233775381,0.174615693,0.14319688,0.0314188132,1.87145236,18.8425008,1.63450366,0,0.144070667,35581.369,11.2733289
2,1.3843871,0.9761470435380448,-1.958906101395798,0.01705735027269467,-26159.90493153101,-27500.21936074928,1340.31442921827,-0.00129614459254389,1030203.858167539,-541472.7082271376,0,0.1440706666666666,-135128252342597.6,-26239713907.17475
0,39.508785,0.37403525,-1.3899445,0.021064782,0.16374865,0.11741627,0.046332379,0.7923587,12.618407,0.88586185,0.47441749,0.14407067,1814.0017,4.2959195
0,31.5899,0.8857843,-1.211513,0.01267264,0.04819224,0.04244501,0.005747232,0.9228196,34.01202,0.7583677,0.07970378,0.1440707,424.3254,3.772987
0,10.1171921,0.98689521083,-1.4361406217,0.0091109735571,0.54486850881,0.38440477823,0.16046373058,-0.0010490142073,18.120204453,7.6521766887,0,0.14407066667,-3561551.7943,-690.42275393
0,4.90484,0.469701,-0.578859,0.0138727,6.6664e-05,1.2712e-05,5.3952e-05,0.917939,18.9473,0.000120437,2.15258e-05,0.144071,0.0702573,2.61061
0,5.00287,0.531762,-0.612964,0.0113975,9.15666e-05,2.39775e-05,6.75891e-05,0.926795,21.4503,0.000257185,4.06034e-05,0.144071,0.122084,2.67312
2,15.1130661,0.729946435129027,-1.56611140208367,0.0228440963650379,-3256.12880516184,-4256.57964992663,1000.4508447648,-0.00787025351801075,95913.7986343558,-62672.4866955137,0,0.144070666666667,-13340891912.3305,-2590583.849616
2,27.2206137,0.474719899,-1.68762928,0.0195285398,0.129297873,-0.329383407,0.45868128,1.38411267,16.6748605,-3.15401914,0,0.144070667,62815.113,16.6211637
0,46.04194,0.8343583,-1.244952,0.01266416,0.07241803,0.06052129,0.01189674,0.9039895,31.22195,1.018558,0.1225488,0.1440707,610.9695,3.861401
0,12.1898957,0.554761798,-1.73580148,0.0197528994,0.16254428,0.11150887,0.0510354102,1.88431386,18.7423294,1.24778894,0,0.144070667,96287.4572,23.1910696
0,26.6326715,0.6478285718,-1.874459272,0.01945475996,0.8417789085,0.6030243797,0.2387545288,0.3321067662,4.135039292,7.879889715,0,0.1440706667,715478.0177,143.6695401
2,18.8324803,0.974597524,-1.62293609,0.0142519025,-0.536173529,-0.586368233,0.0501947038,3.29920833,60.3977482,-11.5271225,0,0.144070667,41581.191,12.4119897
0,20.980881,0.9951243,-1.3853809,0.010078898,0.031919357,0.026621079,0.0052982779,2.2074002,38.86369,0.53435288,0,0.14407067,1891.2981,4.3085097
0,12.85265,0.9703607,-1.106847,0.01368683,0.01181484,0.01105802,0.0007568255,0.9508203,38.68358,0.216439,0.0192385,0.1440707,122.1068,3.545633
0,3.1644954,0.60094614,-1.5908526,0.019812267,0.25993176,0.1473555,0.11257626,6.9196676,17.941654,1.7861876,0,0.14407067,3900.2026,4.9412669
1,0.23995,0.7592,-1.8414,0.019034,,,,,,,,,,
0,55.904427,0.87694651,-1.2935707,0.01123558,0.13664944,0.10224648,0.034402952,0.86225454,30.543264,1.8086172,0.25793264,0.14407067,1170.0895,4.0519795
0,6.19472,0.692053,-0.722726,0.0109021,0.000178612,0.000102643,7.59685e-05,0.942712,27.9137,0.00143283,0.000173847,0.144071,0.639664,2.86808
2,11.5229121,0.740734860499,-1.872964686314,0.01833357248336,-0.08601282555975,-0.671387682672,0.5853748571122,-0.003287473658299,32.45285462102,-10.03139481749,0,0.1440706666667,-556477406.3725,-108057.5323978
0,5.06866,0.565794,-0.682387,0.0103525,0.000140287,6.43885e-05,7.58981e-05,0.93086,22.8219,0.000734838,0.000109045,0.144071,0.315467,2.79136
0,0.4316689,0.6998882196678862,-1.764286886374161,0.02044018687782709,0,0,0,-2.406397832919381e-57,28.2347436998483,0,0,0.1440706666666666,-1.637646336304288e+62,-3.180043447769765e+58
2,20.063226,0.31985608,-1.4930572,0.021167883,0.83577861,-0.29354123,1.1293198,0.24900999,2.1190416,-1.8938644,0,0.14407067,3644.9074,4.7904189
0,9.9246636,0.98441517509,-1.56165907554,0.0159404125368,0.0774092523578,0.00507647442594,0.0723327779318,-0.00118332125946,36.638911342,0.100801193214,0,0.144070666667,-32010711.5339,-6214.77524799
0,6.29259,0.652879,-0.803731,0.0113224,0.000357997,0.000279651,7.83454e-05,0.939373,26.3289,0.00368277,0.000473826,0.144071,1.71391,2.99994
0,5.69708,0.447865,-0.633156,0.0184951,5.9485e-05,1.91514e-05,4.03336e-05,0.914288,18.0666,0.00017301,3.24306e-05,0.144071,0.135096,2.69851
0,6.36486,0.272169,-0.977498,0.0152091,0.00200447,0.00193161,7.28591e-05,0.865176,10.9578,0.0106043,0.00328705,0.144071,7.21711,3.24864
0,0.4841181,0.5714372191943782,-1.978747479347967,0.02316305254911372,0,0,0,-8.326315184285422e-180,23.05280039170177,0,0,0.1440706666666666,-6.073392308838617e+185,-1.179354234751507e+182
2,40.9656756,0.9606734007286,-1.657496043426,0.01849235856551,-11.62483912451,-11.81754772069,0.1927085961821,-0.006842201337434,489.2792352371,-228.9962135015,0,0.1440706666667,-253184841.9526,-49163.212855
0,47.0266,0.985682,-1.02358,0.0135786,0.00416952,0.00389737,0.000272149,0.956443,39.5984,0.0774878,0.0066549,0.144071,42.6433,3.39288
2,14.1303335,0.5373875411,-1.876192807,0.0248149244,0.2974435462,-0.04672816068,0.3441717069,2.283059525,15.23084461,-0.5065139963,0,0.1440706667,391986.9099,80.82363175
0,45.36269,0.20745036,-1.4970369,0.02307341,0.31848481,0.3184838,1.011957e-06,0.62623549,5.7035454,1.3326826,1.7140176,0.14407067,4105.5524,4.8899634
0,5.03272,0.541862,-0.594447,0.0114781,8.59337e-05,1.87696e-05,6.71641e-05,0.928064,21.8578,0.000205149,3.1784e-05,0.144071,0.0979367,2.64327
0,0.4404252,0.7698932199409159,-1.892676435916577,0.01703615387375869,0,0,0,-6.750846881025091e-07,31.0588707316688,0,0,0.1440706666666666,-3340759745473.705,-648721331.8615513
0,20.6643,0.971723,-1.00304,0.0123609,0.0035328,0.00329382,0.000238979,0.956298,39.0625,0.0645605,0.00561469,0.144071,32.3132,3.35608
0,5.9459,0.23815,-0.83741,0.016066,0.00034574,0.00030371,4.2026e-05,0.84997,9.604,0.0014589,0.00051468,0.14407,1.065,3.009
0,4.7898,0.730533,-0.570808,0.0112066,8.50888e-05,1.41901e-05,7.08987e-05,0.94562,29.4685,0.000209098,2.40291e-05,0.144071,0.0956511,2.61842
0,7.4485427,0.6271292834787,-1.568652740306,0.01970687939642,0.04588245222364,0.008360218201425,0.03752223402222,-0.0001878516527086,24.13871403893,0.1057547452814,0,0.1440706666667,-145334366.9868,-28220.46100477
0,46.5728,0.886979,-1.03782,0.0121455,0.00554811,0.00522153,0.000326585,0.951213,35.5838,0.0934191,0.00893285,0.144071,46.2611,3.41201
2,6.658336,0.590431043,-1.6474446,0.0199840436,0.0531738567,-0.00940157076,0.0625754275,6.19872314,22.5524947,-0.11196822,0,0.144070667,11321.3365,6.49367898
0,20.0699,0.27467,-1.116,0.0238492,0.007303,0.00715253,0.000150469,0.862966,10.9998,0.0396274,0.0124187,0.144071,43.0307,3.48584
0,5.19871,0.297256,-0.523282,0.0181552,4.13914e-05,4.7573e-06,3.66341e-05,0.876262,11.9914,2.85244e-05,8.05541e-06,0.144071,0.0228118,2.49722
0,6.2172,0.342682,-0.912036,0.0146006,0.000934479,0.000870297,6.41818e-05,0.890314,13.8115,0.00601567,0.00147693,0.144071,3.81299,3.14974
0,51.67129,0.883266,-1.253544,0.01285847,0.07966876,0.06446095,0.01520782,0.9016098,32.79373,1.148453,0.1347794,0.1440707,718.4929,3.899202
1,0.23556,0.89598,-1.9134,0.014144,,,,,,,,,,
0,14.2201747,0.954187664,-1.61877565,0.0170317491,0.0717885318,0.0717869157,1.61611043e-06,-0.849195105,35.7302367,1.38166979,0,0.144070667,-90595.2809,-16.0480332
0,0.7303556,0.649948679,-1.78587582,0.021601871,0.261046812,0.00758839665,0.253458415,-5.90653029,19.3754215,0.0994842338,0,0.144070667,-60416.4387,-9.99987441
0,9.85108,0.412137,-1.03143,0.0215423,0.00281392,0.00271596,9.79588e-05,0.905808,16.5796,0.0225783,0.00463929,0.144071,20.8506,3.35973
1,0.37635,0.64901,-1.9047,0.022969,,,,,,,,,,
0,42.64716,0.4131209,-1.299089,0.02453498,0.06421661,0.05559889,0.008617728,0.8665109,15.5958,0.4633065,0.126794,0.1440707,638.1979,3.923066
0,6.63633,0.378837,-0.854675,0.0146649,0.00237815,0.000414435,0.00196372,0.899793,15.2466,0.0031669,0.000703825,0.144071,1.99349,3.0587
0,6.14595,0.662041,-0.736476,0.0129953,0.000166372,0.000102741,6.36311e-05,0.940283,26.7035,0.001372,0.000174017,0.144071,0.732024,2.88878
0,55.027624,0.30422026,-1.4834665,0.020703774,0.34841939,0.23697255,0.11144684,0.64199499,7.9967119,1.4541571,1.6046327,0.14407067,4716.7438,5.0022072
0,4.7928,0.532697,-0.547179,0.0132956,6.61959e-05,8.82967e-06,5.73662e-05,0.92693,21.4885,9.48746e-05,1.49516e-05,0.144071,0.0525283,2.56398
0,33.2238319,0.9203052176,-1.356840471,0.01188618778,0.8280462801,0.810734603,0.0173116771,-0.004405781321,6.384084485,15.04997451,0,0.1440706667,-107885.1416,-19.67635346
0,5.12969,0.341812,-0.546902,0.0154157,5.27668e-05,7.58842e-06,4.51784e-05,0.890617,13.7886,5.23195e-05,1.28494e-05,0.144071,0.0349554,2.54278
0,0.4283794,0.5859650663827,-1.842574518826,0.02333525120486,0,0,0,-0.001734669076786,23.63887975459,0,0,0.1440706666667,-519920888.3553,-100958.8766923
0,5.49598,0.280438,-0.72984,0.0185686,0.000102108,6.60348e-05,3.60732e-05,0.869771,11.3122,0.000373538,0.000111836,0.144071,0.307852,2.83755
2,26.191056,0.51180565,-1.5613425,0.023604552,-3.2188241,-3.2644939,0.04566972,9.8743299,87.10672,-33.701257,0,0.14407067,9083.0873,5.9616269
0,6.938,0.250438,-1.02421,0.0226961,0.00241312,0.00235058,6.25409e-05,0.855006,10.0787,0.0118741,0.0040138,0.144071,12.24,3.32348
0,6.2901,0.400844,-0.919986,0.0147963,0.00102062,0.00095088,6.97439e-05,0.904585,16.1543,0.00768824,0.00161409,0.144071,4.86134,3.17037
0,17.5305034,0.731152453,-1.69921934,0.022290154,0.861680879,0.808697666,0.052983213,0.298318765,4.07986063,11.9266727,0,0.144070667,82754.7055,20.5188644
0,24.6423,0.292206,-1.10916,0.0243382,0.00658263,0.00643843,0.000144197,0.870346,11.7105,0.0379485,0.0111452,0.144071,41.6004,3.47699
0,47.045003,0.23539519,-1.3831304,0.024250273,0.13065607,0.10326187,0.027394204,0.76642121,8.2555191,0.49030096,0.37756242,0.14407067,1124.1379,4.1305575
0,22.315609,0.60122189,-1.6567418,0.023202772,0.50518134,0.29633385,0.20884749,24.180507,12.001513,3.593695,0,0.14407067,1740.3639,4.5462882
0,16.437699,0.68393245,-1.542461,0.023849838,0.985427,0.79156142,0.19386558,-0.094788069,0.40208443,10.920009,0,0.14407067,-3427.0753,0.9705652
2,13.5212521,0.722601234,-1.58182925,0.0225659814,0.0479736654,-0.0130614809,0.0610351463,2.62975382,27.7525457,-0.190377793,0,0.144070667,14137.1344,6.98625875
0,6.15129,0.626784,-0.827657,0.0107398,0.000486232,0.000400805,8.54274e-05,0.936935,25.2733,0.0050673,0.000679256,0.144071,2.24294,3.03779
0,16.7935619,0.6624176434,-1.730224102,0.02153799478,0.1530399835,0.06881806414,0.08422191936,1.812201378,22.63340871,0.919516472,0,0.1440706667,112545.9333,26.35064133
0,16.4205,0.255056,-1.13654,0.0204283,0.0110112,0.0108024,0.000208801,0.851965,10.1761,0.0555754,0.0188759,0.144071,52.4972,3.51844
2,8.7312006,0.44919058,-1.4992967,0.021327534,0.90570964,-0.049510552,0.95522019,0.32402745,1.7086499,-0.44859412,0,0.14407067,2447.0428,4.5435791
0,13.7458,0.759315,-1.10867,0.0112249,0.0147062,0.0137908,0.000915445,0.938182,30.1816,0.21122,0.0240151,0.144071,98.8458,3.53208
0,43.25272,0.30192,-1.297107,0.02130068,0.0695821,0.06472492,0.004857182,0.8342064,11.33248,0.3941745,0.1423746,0.1440707,469.5857,3.872577
0,35.33648,0.2180499,-1.23486,0.02329831,0.03160734,0.03101883,0.0005885068,0.8194397,8.518489,0.1364289,0.05851405,0.1440707,161.5353,3.69568
0,17.8373,0.963001,-1.08327,0.0111447,0.0107618,0.0101008,0.000660916,0.951212,38.4311,0.196205,0.0174543,0.144071,89.5807,3.49983
1,0.17541,0.69054,-1.8589,0.021251,,,,,,,,,,
0,6.21056,0.633926,-0.894154,0.011404,0.000983604,0.000885842,9.77618e-05,0.937278,25.5485,0.0113271,0.00150286,0.144071,5.32488,3.14931
0,38.15397,0.3460362,-1.266681,0.02207408,0.04915128,0.0466046,0.002546674,0.8606757,13.27358,0.3252936,0.09294311,0.1440707,360.65,3.807437
0,5.28114,0.519538,-0.598285,0.0116039,8.52366e-05,1.95044e-05,6.57322e-05,0.925207,20.9573,0.000204397,3.30283e-05,0.144071,0.098952,2.64764
1,0.29798,0.75246,-1.7601,0.016866,,,,,,,,,,
0,6.14045,0.46979,-0.736858,0.00973966,0.000217541,0.000137757,7.9784e-05,0.917858,18.948,0.0013054,0.000233329,0.144071,0.534735,2.87299
1,0.27381,0.92429,-1.8586,0.018419,,,,,,,,,,
0,51.1267182,0.540653855,-1.5671242,0.0202605972,0.379398774,0.235408942,0.143989832,0.995958168,13.5358988,2.56724566,0,0.144070667,15072.6059,7.15649936
1,0.24014,0.88224,-1.8508,0.018,,,,,,,,,,
0,51.965907,0.25880446,-1.4947007,0.022291372,0.31226843,0.31226721,1.2260595e-06,0.65466579,7.1803544,1.630134,1.7217007,0.14407067,4797.9755,5.0300926
0,6.41427,0.287096,-0.93699,0.0152319,0.00121049,0.00114853,6.19573e-05,0.871721,11.5679,0.0066511,0.00195065,0.144071,4.49417,3.18327
0,8.8228,0.24381,-0.69294,0.018998,7.3354e-05,4.0283e-05,3.3071e-05,0.8531,9.8349,0.0001981,6.8049e-05,0.14407,0.16988,2.7701
1,0.44481,0.73219,-1.8262,0.022946,,,,,,,,,,
0,17.7832128,0.653302769,-1.739160903,0.02496529508,0.1862054724,0.09116603765,0.09503943472,1.725841325,21.44788292,1.201358841,0,0.1440706667,125609.7426,28.90200066
1,0.24107,0.57843,-1.8506,0.02053,,,,,,,,,,
2,26.3727658,0.532546274083761,-1.85106439495998,0.0216382308126208,-15513.478507697,-33307.2468913738,17793.7683836768,-0.82171391330553,333311.040068501,-357784.281878195,0,0.144070666666667,-17259029984.7515,-3351422.41277818
0,12.72023,0.8285778,-1.108702,0.01346161,0.01218252,0.01151391,0.0006686155,0.9438635,33.01909,0.1924337,0.020032,0.1440707,107.5263,3.538123
0,6.10264,0.303901,-0.623989,0.0165669,5.98841e-05,1.9006e-05,4.08781e-05,0.878627,12.2592,0.000116506,3.21838e-05,0.144071,0.0847954,2.66541
0,5.67225,0.320088,-0.609451,0.0177101,5.34042e-05,1.47507e-05,3.86536e-05,0.884056,12.9122,9.52371e-05,2.49778e-05,0.144071,0.0736437,2.64362
0,4.86499,0.62385,-0.505167,0.0121663,6.95346e-05,5.62514e-06,6.39094e-05,0.936926,25.1655,7.07846e-05,9.52523e-06,0.144071,0.0354789,2.5018
0,46.0836813,0.58794179,-1.63116589,0.0200969931,0.686285516,0.492142419,0.194143098,0.395181379,7.44087598,5.83647057,11.0211526,0.144070667,47536.0422,13.583432
0,53.57209,0.7545748,-1.264006,0.009050919,0.1226752,0.1011467,0.02152846,0.8652799,26.70655,1.539498,0.2190203,0.1440707,697.3898,3.904034
0,27.1051926,0.756928552,-1.56649351,0.019210181,0.159120602,0.0424766157,0.116643986,2.10115546,25.6769696,0.648529844,0,0.144070667,13443.4161,6.83362883
0,18.1238241,0.6549931167,-1.772519671,0.02065732345,0.3263082646,0.1788007951,0.1475074696,1.416877281,17.80135749,2.362279887,0,0.1440706667,194917.4518,42.41636918
1,0.32877,0.99225,-1.8377,0.018824,,,,,,,,,,
0,47.28482,0.3670409,-1.303227,0.02029784,0.07925519,0.06997497,0.009280218,0.8466303,13.63355,0.5180627,0.1616285,0.1440707,602.1715,3.917222
0,6.06125,0.666727,-0.863673,0.0119815,0.000655481,0.00057035,8.51311e-05,0.940362,26.8793,0.00767034,0.000967011,0.144071,3.77488,3.10085
0,4.98022,0.460474,-0.588057,0.0146616,6.44685e-05,1.35362e-05,5.09323e-05,0.916435,18.5752,0.000125727,2.2922e-05,0.144071,0.0776427,2.62494
0,5.1337,0.494414,-0.604395,0.0085324,0.000117427,2.86907e-05,8.87363e-05,0.921686,19.9432,0.000286126,4.8585e-05,0.144071,0.10224,2.65543
0,42.64172,0.3705484,-1.250762,0.02084625,0.04315245,0.04116849,0.001983955,0.8708511,14.30352,0.3077054,0.08021725,0.1440707,313.0633,3.775006
0,6.00585,0.395896,-0.895973,0.0142397,0.000792544,0.000726269,6.62746e-05,0.903658,15.9585,0.00579967,0.00123203,0.144071,3.5314,3.12967
0,6.2815,0.469879,-0.881174,0.0128577,0.000740025,0.000665279,7.47463e-05,0.91754,18.9418,0.00630544,0.00112826,0.144071,3.41352,3.11311
1,0.10622,0.83997,-1.9998,0.018727,,,,,,,,,,
0,13.8834,0.939167,-1.09054,0.0101555,0.0129136,0.0121345,0.000779039,0.948792,37.3984,0.229875,0.0210273,0.144071,95.9408,3.51185
0,49.637485,0.93851825,-1.3433812,0.013616208,0.19508358,0.13197778,0.063105808,0.82233445,30.475348,2.4984387,0.40356252,0.14407067,2321.157,4.3605049
0,45.502398,0.31767449,-1.4636402,0.023556242,0.24096281,0.24096165,1.1546174e-06,0.72478268,9.7274849,1.544029,1.0932488,0.14407067,3939.6268,4.8222268
0,39.034135,0.39209793,-1.424738,0.020518244,0.21562411,0.21562274,1.3718153e-06,0.76042891,12.407205,1.705353,0.76150211,0.14407067,2905.7883,4.5669301
1,0.24354,0.79239,-1.9054,0.016678,,,,,,,,,,
0,5.4678,0.23778,-0.50932,0.015398,4.4149e-05,4.6885e-06,3.946e-05,0.84996,9.5921,2.2487e-05,7.9387e-06,0.14407,0.015724,2.4641
0,0.4750982,0.640680424926321,-1.88694549944465,0.0234150736918363,0,0,0,-6.07467983358717e-05,25.8461952679936,0,0,0.144070666666667,-28702607334.0658,-5573579.43181225
0,17.0664,0.219719,-1.09555,0.0247203,0.00747748,0.00532961,0.00214786,0.836064,8.79757,0.0236204,0.00921322,0.144071,27.3165,3.43899
0,6.12263,0.491055,-0.852648,0.0125371,0.000545451,0.000473196,7.22548e-05,0.92092,19.7992,0.00468701,0.00080213,0.144071,2.46436,3.06766
0,0.4498741,0.5716730119522562,-1.896189162408368,0.02035462484862875,0,0,0,-7.411069958888567e-38,23.06231269366354,0,0,0.1440706666666666,-2.36393395174025e+43,-4.590376143824053e+39
0,32.57639,0.3514804,-1.215326,0.02013759,0.02913724,0.02825468,0.0008825582,0.8749898,13.7662,0.2003165,0.05267598,0.1440707,190.2255,3.690119
0,6.27259,0.401057,-0.86391,0.0178433,0.000433041,0.000384196,4.88449e-05,0.905001,16.1724,0.00310802,0.000651307,0.144071,2.36714,3.07683
2,20.6876541,0.781987545411,-1.68911452768,0.0157471376708,-836.910072767,-1089.52686085,252.616788087,-11.0423507688,26433.3626072,-17185.5307146,0,0.144070666667,-12721831.5715,-2469.01288711
2,20.1297725,0.741444153,-1.68232548,0.015753069,-0.447069318,-0.547422032,0.100352714,2.92363229,43.2835572,-8.18702068,0,0.144070667,72108.5241,18.4275791
0,14.5284612,0.921235712,-1.453541033,0.01115064118,0.9524185191,0.8790400358,0.07337848334,-0.000628005307,1.768332324,16.33445283,0,0.1440706667,-725981.1873,-139.7018337
2,27.0534197,0.91937585393,-1.4807198053,0.0095352364777,-45.730993521,-46.142149138,0.4111556169,-0.52954136486,1733.2183326,-855.68926281,0,0.14407066667,-1196447.0533,-231.05716204
0,6.03548,0.54567,-0.740643,0.00933013,0.000236958,0.000150964,8.59942e-05,0.928434,22.0081,0.00166161,0.000255704,0.144071,0.644607,2.88639
2,14.309862,0.4677250348,-1.63760053,0.02481379772,-232.6299647,-232.6303077,0.0003429981313,-12.61473079,4408.332314,-2194.73496,0,0.1440706667,-958268.1681,-184.6384006
0,6.18896,0.391088,-0.892064,0.0184978,0.000582003,0.000531806,5.01967e-05,0.902726,15.768,0.00419521,0.000901976,0.144071,3.3218,3.12258
0,0.4768658,0.7725576679383,-1.843276080095,0.014121607672982,0,0,0,-0.00061807459163245,31.166359333697,0,0,0.14407066666667,-1941269430.0401,-376961.76656257
0,40.446373,0.33956037,-1.4448356,0.024867501,0.21028565,0.21028455,1.101006e-06,0.75210379,10.817881,1.4402886,0.81337847,0.14407067,3316.092,4.6734888
0,6.08244,0.628366,-0.800924,0.0137562,0.000285743,0.000222035,6.37074e-05,0.937211,25.3422,0.00281423,0.000376185,0.144071,1.59493,2.99341
0,4.75833,0.594562,-0.538043,0.0116319,7.55239e-05,8.97506e-06,6.65488e-05,0.934022,23.9839,0.000107637,1.51979e-05,0.144071,0.0517407,2.55407
0,6.00139,0.445043,-0.733836,0.0153963,0.000133677,8.38308e-05,4.98465e-05,0.913744,17.9514,0.000752542,0.000141983,0.144071,0.489511,2.86541
0,26.1469922,0.674641249,-1.6179025,0.0204992805,0.622962508,0.496864649,0.12609786,0.610290375,10.2615412,6.76139269,0,0.144070667,35799.9469,11.2766402
0,5.42374,0.290379,-0.719789,0.0163178,0.00010743,6.60426e-05,4.1387e-05,0.873661,11.7131,0.000386824,0.000111848,0.144071,0.278906,2.82242
0,20.0483111,0.691878454,-1.70853956,0.0219195721,0.294399586,0.180506827,0.113892759,1.57427682,19.6944474,2.51911857,0,0.144070667,85326.3079,21.0291205
2,5.9457131,0.8674159,-1.6046435,0.015435571,0.36996005,-0.25639119,0.62635124,4.1756502,22.047057,-4.4859627,0,0.14407067,9481.3078,6.0844606
0,7.4723814,0.78816761,-1.4442498,0.013097142,0.027321441,0.00072425873,0.026597182,-5.00658,30.927377,0.011514299,0,0.14407067,-1413.5012,1.3088637
0,16.440714,0.730355261,-1.61725775,0.02107231,0.0558752913,0.0441774137,0.0116978775,2.08373208,27.8175381,0.650818096,0,0.144070667,28189.4408,9.78587836
0,4.57452,0.708471,-0.5208,0.00967067,9.02737e-05,8.65038e-06,8.16233e-05,0.94402,28.5784,0.000123618,1.46482e-05,0.144071,0.0488804,2.53391
0,27.75159,0.2882724,-1.236561,0.02139238,0.03500511,0.03407293,0.0009321802,0.851151,11.22234,0.1981243,0.06513524,0.1440707,209.406,3.720014
2,15.7336097,0.8659239879,-1.717014857,0.01550536898,-0.925213158,-1.379043197,0.4538300395,-1.744828358,67.25332459,-24.08700548,0,0.1440706667,-293130.0136,-55.3390866
0,165.74828,0.84290603,-1.337121,0.010622148,0.22648061,0.15801491,0.068465702,0.79867576,26.303015,2.6865963,0.47734511,0.14407067,1903.3435,4.2629151
0,6.34037,0.351737,-0.882449,0.0139085,0.000687609,0.000625183,6.24263e-05,0.892977,14.1799,0.00443558,0.00106023,0.144071,2.66903,3.1016
0,6.33248,0.723857,-0.726973,0.0107612,0.000187472,0.000109815,7.76567e-05,0.94508,29.1962,0.0016034,0.000185997,0.144071,0.704796,2.87732
0,6.00016,0.372248,-0.755236,0.015585,0.000156657,0.00010901,4.76475e-05,0.898587,15.0148,0.000818508,0.00018464,0.144071,0.54806,2.89263
0,6.04873,0.283946,-0.659747,0.0148214,7.84433e-05,3.36279e-05,4.48154e-05,0.871187,11.454,0.000192602,5.69455e-05,0.144071,0.126483,2.72172
2,3.9893326,0.77681333,-1.5569989,0.014775442,0.55879034,-0.0083100621,0.5671004,3.0215106,13.826646,-0.13021053,0,0.14407067,4456.0679,5.0221994
0,34.766658,0.96224867,-1.3040509,0.0087187288,0.19373965,0.14013525,0.053604398,0.82545692,31.298087,2.7199436,0.38028729,0.14407067,1432.9323,4.1239118
0,38.949482,0.93143746,-1.3454508,0.011871223,0.21613172,0.14675969,0.069372027,0.80885301,29.454521,2.7573104,0.47535297,0.14407067,2342.2399,4.367133
0,4.63438,0.633722,-0.539408,0.0137171,6.46475e-05,7.74539e-06,5.69021e-05,0.93785,25.5638,9.90073e-05,1.31155e-05,0.144071,0.0558956,2.55941
0,19.2944208,0.534620073,-1.6444642,0.0243091442,0.124696781,0.0964824606,0.0282143208,1.76743799,18.8781291,1.04044422,0,0.144070667,31988.5174,10.5573001
1,0.34932,0.92218,-1.7962,0.01627,,,,,,,,,,
0,14.187152,0.95950676,-1.3665063,0.013668342,0.51625703,0.1003656,0.41589142,1.2493231,18.72483,1.942487,0,0.14407067,1263.424,4.1469824
0,36.0952097,0.474390537,-1.71124153,0.0247005286,0.636796933,0.418212018,0.218584915,0.523700238,6.95089441,4.00182135,0,0.144070667,93724.0306,22.6673473
0,30.4425035,0.848617025,-1.65459543,0.015293689,0.640203473,0.419464676,0.220738797,-1.74085807,12.3175369,7.18012995,0,0.144070667,-24135.5043,-3.03883867
0,36.385555,0.25439611,-1.4023919,0.024720896,0.16082029,0.11876386,0.042056429,0.75566372,8.612329,0.60942458,0.474341,0.14407067,1523.2958,4.2429421
0,6.33999,0.645194,-0.818186,0.00912208,0.000517262,0.000417852,9.94101e-05,0.938596,26.0148,0.00543799,0.00070811,0.144071,2.04068,3.02342
0,5.71139,0.269408,-0.722397,0.0147199,0.000120625,7.57268e-05,4.48983e-05,0.865149,10.8671,0.000411514,0.000128214,0.144071,0.27021,2.8234
0,5.34961,0.431188,-0.618885,0.0187349,5.53583e-05,1.57399e-05,3.96184e-05,0.911271,17.3939,0.000136897,2.66534e-05,0.144071,0.10864,2.67304
1,0.24122,0.73795,-1.8411,0.014606,,,,,,,,,,
0,6.7161,0.21034,-0.87813,0.014165,0.0021578,0.0021105,4.737e-05,0.83307,8.4672,0.0089543,0.00098488,0.14407,1.6162,3.0713
0,20.1004066,0.984477913,-1.52203311,0.0178913398,0.134958089,0.0949494544,0.0400086342,1.68327535,34.3556598,1.88548734,0,0.144070667,12683.7382,6.63866245
0,35.3052,0.906137,-1.05008,0.00948332,0.00829472,0.0078064,0.000488316,0.950331,36.252,0.142682,0.0133918,0.144071,55.2194,3.4351
1,0.42839,0.88762,-1.8297,0.015925,,,,,,,,,,
0,16.6427989,0.800445263,-1.70991346,0.0153473366,0.946127591,0.598067176,0.348060415,0.121596763,1.73961523,9.65621166,0,0.144070667,99315.1866,23.7547083
0,5.1495,0.375386,-0.693517,0.019299,7.75112e-05,3.98487e-05,3.76625e-05,0.899398,15.1426,0.000301729,6.74836e-05,0.144071,0.24993,2.79051
0,5.78813,0.354278,-0.7311,0.0176976,0.000111275,7.04135e-05,4.08618e-05,0.894021,14.2906,0.000503182,0.000119255,0.144071,0.38453,2.85025
0,0.4271105,0.4809270816905153,-1.746216485634196,0.02084325762807543,0,0,0,-1.102540938822497e-71,19.40145941632108,0,0,0.1440706666666666,-1.947325809628666e+76,-3.781390733946574e+72
0,0.4662858,0.637980442858598,-1.82441453552845,0.02030012650773904,0,0,0,-1.131726956549873e-12,25.73727315795647,0,0,0.1440706666666666,-6.87137103377803e+17,-133430875450635.7
2,16.3034275,0.594185664,-1.72729991,0.0196294333,-21.1637014,-42.086251,20.9225496,89.905613,531.2753,-504.414521,0,0.144070667,51286.9295,14.4118299
0,6.23602,0.725299,-0.821137,0.00923244,0.00053022,0.000428791,0.000101429,0.944962,29.2443,0.00627318,0.000726669,0.144071,2.36656,3.03405
1,0.47725,0.84497,-1.9358,0.018295,,,,,,,,,,
0,29.05018,0.80468776,-1.3155052,0.011287744,0.16655458,0.12136891,0.045185672,0.83745494,27.055759,1.9699718,0.3402946,0.14407067,1414.4832,4.1311177
0,10.2144,0.289673,-1.06244,0.0212554,0.00418428,0.00408227,0.000102005,0.870874,11.637,0.0238526,0.00700284,0.144071,22.6708,3.3954
1,0.35011,0.68584,-1.9746,0.023891,,,,,,,,,,
0,55.532956,0.92680778,-1.2932242,0.011685818,0.13195456,0.097655142,0.034299419,0.86767151,32.455425,1.8256182,0.24689355,0.14407067,1230.0935,4.0658545
0,34.3594113,0.511385479,-1.57487604,0.0212247447,0.232041903,0.166677501,0.065364402,1.50279326,15.8431335,1.71929556,0,0.144070667,12915.9805,6.73753538
1,0.24307,0.72516,-1.9043,0.024738,,,,,,,,,,
0,6.95976,0.371083,-1.01267,0.0237856,0.00200685,0.00193609,7.07565e-05,0.89714,14.9401,0.0144918,0.00330203,0.144071,14.9083,3.32258
0,9.03207,0.269644,-1.05162,0.0196031,0.00395274,0.00385742,9.53129e-05,0.862897,10.8349,0.0209804,0.00660753,0.144071,18.5383,3.37343
0,21.8408,0.870533,-1.01736,0.0132531,0.0039253,0.00368808,0.000237218,0.951458,34.981,0.0647605,0.00629438,0.144071,34.9583,3.37496
0,26.2422375,0.9621302817,-1.765086599,0.01427610368,0.681902401,0.4523295957,0.2295728053,0.6460441931,12.34665864,8.778373568,0,0.1440706667,269495.8389,56.90749544
0,4.87989,0.678175,-0.518683,0.0102035,8.49484e-05,7.97877e-06,7.69696e-05,0.941671,27.3565,0.000109145,1.35109e-05,0.144071,0.045649,2.52827
2,0.7306109,0.4758626921,-1.879843968,0.02362955862,0.0001857740877,-0.0005782114777,0.0007639855654,9.719904366,19.19358654,-0.005550007066,0,0.1440706667,121598.0905,28.26201817
0,0.478636,0.7806828621183222,-1.963417572703349,0.01590240623365249,0,0,0,-2.448111877932242e-139,31.49414421239219,0,0,0.1440706666666666,-2.317618715237633e+145,-4.500439470009343e+141
0,6.35441,0.484,-0.742234,0.00947341,0.000234692,0.00015175,8.29422e-05,0.920062,19.5209,0.00148149,0.000257035,0.144071,0.588867,2.88333
0,50.041429,0.22886076,-1.4371426,0.021482498,0.26982266,0.18761841,0.08220425,0.67221362,6.7414738,0.8661078,0.8529522,0.14407067,2094.5674,4.4049883
0,6.25823,0.545507,-0.887306,0.00931859,0.00110352,0.000992885,0.000110631,0.927859,21.9825,0.0109251,0.00168432,0.144071,4.23845,3.13052
0,15.8431609,0.565411007,-1.61575078,0.0228829069,0.209163914,0.135167937,0.0739959775,2.4571942,18.0387277,1.54156952,0,0.144070667,15204.4081,7.23116715
0,43.6259758,0.907961291,-1.64571501,0.0155359523,0.816038702,0.572778896,0.243259806,0.265722331,6.73827862,10.4900972,17.1862738,0.144070667,77175.2141,19.3783268
0,36.8107808,0.803005058,-1.68632159,0.0169262757,0.57803564,0.487627872,0.0904077686,0.83453413,13.6693926,7.89826993,0,0.144070667,83981.5024,20.7449469
0,5.78308,0.296684,-0.729682,0.0163679,0.000116488,7.476e-05,4.17279e-05,0.876006,11.9674,0.000447392,0.000126615,0.144071,0.322706,2.83982
2,10.131522,0.67991264,-1.5072932,0.020760189,0.0085272474,-0.002223871,0.010751118,3.1393289,27.195,-0.030499161,0,0.14407067,4454.8236,4.9722377
0,6.29683,0.270845,-0.943663,0.0157449,0.00126997,0.00121026,5.971e-05,0.865062,10.9125,0.00661186,0.00205599,0.144071,4.65454,3.19177
0,6.26546,0.295738,-0.824448,0.0156757,0.000310217,0.000263549,4.66687e-05,0.875539,11.9269,0.00157215,0.00044658,0.144071,1.08697,2.99713
0,5.9382,0.21906,-0.75762,0.015704,0.00015341,0.00011155,4.1865e-05,0.83913,8.8359,0.00049288,0.00018893,0.14407,0.35609,2.8728
0,0.4799448,0.9242162108058547,-1.956881862607844,0.01817165797219998,0,0,0,-1.953272000042071e-167,37.28453644745011,0,0,0.1440706666666666,-3.161916211714737e+173,-6.139928205837073e+169
1,0.24326,0.81235,-1.9186,0.015404,,,,,,,,,,
2,23.2054246,0.97555253153427,-1.77728030508619,0.0142733178069923,-115.267717639424,-158.896625394719,43.6289077552945,-0.000769217648604312,4575.77829212515,-3126.73089286891,0,0.144070666666667,-98107568393.8153,-19050896.8231243
2,9.1134212,0.533672725,-1.65733435,0.0239601437,0.753151933,-0.0117899857,0.764941919,0.901486212,5.31446932,-0.126915147,0,0.144070667,20829.3425,8.38119574
0,34.876521,0.81780805,-1.3447009,0.010939578,0.21493852,0.14937098,0.065567535,0.80273071,25.900623,2.4640118,0.51089082,0.14407067,2055.4473,4.3039814
0,16.256,0.779125,-1.10143,0.010957,0.0135994,0.0129036,0.000695858,0.940053,31.0039,0.202788,0.0224176,0.144071,92.3379,3.52008
0,5.79052,0.27535,-0.601256,0.015868,5.57856e-05,1.48184e-05,4.09672e-05,0.867712,11.1075,8.23024e-05,2.50923e-05,0.144071,0.0580952,2.62324
0,6.44632,0.46479,-0.946236,0.0148156,0.00141311,0.00132921,8.38978e-05,0.916289,18.724,0.0124617,0.00225838,0.144071,7.79324,3.22144
0,5.35161,0.42605,-0.67613,0.0158606,8.57155e-05,3.87834e-05,4.69321e-05,0.910278,17.1862,0.000333297,6.56787e-05,0.144071,0.224174,2.76753
2,0.7259417,0.9852620377229553,-1.87857923474824,0.01686950358270632,-1.222283645859666,-1.222283748205207,1.023455411530705e-07,-1.251093442116864e-06,88.3296289478362,-24.2911993140668,0,0.1440706666666666,-4277539475345.889,-830628754.5072244
0,5.66818,0.43598,-0.63578,0.0176979,6.26459e-05,2.07003e-05,4.19456e-05,0.912155,17.5871,0.000182041,3.50537e-05,0.144071,0.136338,2.70161
0,6.3179,0.2018,-0.87877,0.017916,0.00049966,0.000463,3.6657e-05,0.82754,8.1368,0.0018846,0.00078505,0.14407,1.5763,3.0706
0,5.25197,0.298899,-0.507435,0.0192039,3.83754e-05,3.66918e-06,3.47063e-05,0.87686,12.0576,2.21217e-05,6.2129e-06,0.144071,0.0187005,2.47116
0,2.1753071,0.881901984,-1.42274631,0.0117233883,0.0388309797,0.027643392,0.0111875877,-0.272957489,34.1959954,0.491741455,0,0.144070667,-21747.9518,-2.80171159
0,6.22495,0.690514,-0.76442,0.0113185,0.00024417,0.000168878,7.52917e-05,0.942549,27.8498,0.00235219,0.000286072,0.144071,1.09048,2.93727
0,5.25825,0.643777,-0.687556,0.0130763,0.000115826,5.44753e-05,6.13508e-05,0.938728,25.9681,0.000707392,9.22563e-05,0.144071,0.380382,2.80615
0,6.4551,0.642109,-0.936001,0.0123998,0.00150329,0.00139288,0.000110408,0.937685,25.8649,0.0180405,0.00236594,0.144071,9.2238,3.22014
0,37.002024,0.81293028,-1.5078762,0.015645038,0.20807114,0.1405788,0.067492347,2.1102222,25.971357,2.3051452,0,0.14407067,6376.7113,5.3644491
0,20.2656,0.310389,-1.11371,0.0206408,0.00821088,0.00802337,0.000187509,0.875795,12.4188,0.0502329,0.0139318,0.144071,46.4782,3.48818
0,5.84359,0.323652,-0.666824,0.0181261,6.8461e-05,3.01133e-05,3.83477e-05,0.885176,13.0558,0.000196591,5.09944e-05,0.144071,0.155396,2.73938
0,23.9136235,0.974819339,-1.65544181,0.0149297979,0.989895126,0.658725759,0.331169367,0.018310406,0.397383836,12.9525105,0,0.144070667,74839.2719,18.9328722
2,16.2620224,0.646225962,-1.60980844,0.0221209792,-0.359352616,-0.51793518,0.158582564,3.39522622,35.4382033,-6.75126233,0,0.144070667,20028.8963,8.17622265
0,6.0823,0.24167,-0.7914,0.015448,0.00021717,0.00017498,4.2191e-05,0.85191,9.7475,0.00085298,0.00029642,0.14407,0.59718,2.9332
0,4.80362,0.59803,-0.512121,0.0108331,7.83565e-05,6.90764e-06,7.14488e-05,0.934377,24.1237,8.33255e-05,1.1697e-05,0.144071,0.0372894,2.51132
0,9.915537,0.460085,-1.170603,0.02265886,0.0152882,0.0147626,0.0005255962,0.9066712,18.27689,0.1370017,0.02635702,0.1440707,137.2221,3.618321
1,0.3432,0.49324,-1.9847,0.022826,,,,,,,,,,
0,0.4605119,0.5204495778452773,-1.931629270279951,0.02056687664195939,0,0,0,-6.034174290407797e-136,20.9958676631658,0,0,0.1440706666666666,-4.167063251946206e+141,-8.0917606549278e+137
1,0.25977,0.72549,-1.8557,0.022009,,,,,,,,,,
0,28.4983,0.938656,-1.05852,0.00839016,0.0104381,0.00981159,0.000626468,0.950393,37.4718,0.185768,0.01687,0.144071,63.6097,3.45244
0,10.5699097,0.908251261,-1.56425667,0.0159048019,0.0594468055,0.0498391102,0.00960769535,3.15742931,34.4623222,0.913064505,0,0.144070667,11666.9383,6.47914636
0,5.2554219,0.6176053923,-1.700903244,0.02162143145,8.82990532e-05,8.812630088e-05,1.727523184e-07,-0.3687894987,24.91310714,0.001097846927,0,0.1440706667,-417706.1115,-79.56405267
0,5.05445,0.665141,-0.689155,0.00836814,0.000183221,8.68884e-05,9.63321e-05,0.940533,26.828,0.00116574,0.000147155,0.144071,0.400365,2.81039
1,0.32456,0.67467,-1.9955,0.019716,,,,,,,,,,
0,6.27329,0.528413,-0.892181,0.0137282,0.00079315,0.000717565,7.55846e-05,0.925918,21.3002,0.00764821,0.00121719,0.144071,4.38149,3.13713
1,0.2718,0.83194,-1.9914,0.018565,,,,,,,,,,
0,39.3906861,0.7661787847,-1.795350719,0.01776042701,0.9917594663,0.6993738505,0.2923856158,0.01551901909,0.2547068509,10.80848148,0,0.1440706667,341403.4954,70.91321221
0,20.2402,0.292403,-1.12214,0.0207893,0.00905141,0.00885653,0.000194885,0.868889,11.6893,0.052236,0.0154156,0.144071,49.1429,3.49999
2,12.7023,0.72510498,-1.5932902,0.023494969,-0.31371025,-0.36058615,0.046875891,11.653539,38.428696,-5.2739389,0,0.14407067,5118.0641,5.1941565
0,40.320046,0.9729844,-1.53593489,0.0144193721,0.0895453696,0.057403277,0.0321420926,1.85512353,35.7371037,1.12659478,0,0.144070667,14312.021,6.97495625
1,0.24503,0.74625,-1.8712,0.014516,,,,,,,,,,
2,11.2911392,0.940460350978978,-1.565630014449428,0.01848623153332575,-18.79149230974942,-18.79212774074937,0.000635430999949449,-2.392822413330045e-14,750.8863314803684,-356.4852927490139,0,0.1440706666666666,-3.414057507696513e+19,-6629545688210287
0,40.639499,0.32737935,-1.4041237,0.022513446,0.17168987,0.12225587,0.049434005,0.77592003,10.939549,0.80732082,0.53256606,0.14407067,1926.7938,4.3351006
0,6.53898,0.584905,-0.944361,0.00922131,0.00223281,0.00208397,0.00014884,0.931622,23.5434,0.0245868,0.00354209,0.144071,9.40847,3.22955
0,48.612966,0.42594579,-1.378977,0.020130508,0.17343449,0.12419819,0.049236308,0.79638396,14.203219,1.0670745,0.43120235,0.14407067,1764.5642,4.2739322
2,0.7879571,0.737428604,-1.89510678,0.0174962059,0.00144029402,0.00144029402,-4.33680869e-18,24.4008273,29.7063424,0.0214237902,0,0.144070667,91205.2824,22.3607128
2,14.088233,0.71236804,-1.5279496,0.02147229,-0.0021373085,-0.049779884,0.047642576,-5.0282704,28.799624,-0.71529219,0,0.14407067,-3840.4078,0.86994036
1,0.30967,0.85475,-1.928,0.015874,,,,,,,,,,
0,35.600258,0.83416453,-1.349535,0.012361444,0.23721468,0.16167326,0.075541416,0.787797,25.669016,2.7202893,0.48109004,0.14407067,2208.6546,4.3422598
0,4.76304,0.714728,-0.560445,0.010123,9.19661e-05,1.3751e-05,7.8215e-05,0.944481,28.8308,0.000198244,2.32856e-05,0.144071,0.082016,2.60015
0,6.02204,0.27277,-0.780517,0.0163779,0.000185231,0.000143516,4.1715e-05,0.866549,11.002,0.000789628,0.000243109,0.144071,0.576204,2.92049
2,14.3827538,0.697081693,-1.5978716,0.0209983378,0.469770138,-0.343608076,0.813378213,1.50384,14.9108715,-4.83139127,0,0.144070667,16321.7402,7.4338994
0,27.847331,0.86900375,-1.3870809,0.013067716,0.072418516,0.059782775,0.012635741,-2.9813156,32.518379,1.0479074,0,0.14407067,-1197.571,1.3021427
0,33.5746,0.361671,-1.11808,0.0245524,0.0073275,0.00713777,0.000189726,0.891431,14.4836,0.0520717,0.0123893,0.144071,56.3333,3.50434
2,5.4341,0.21158,-0.66987,0.014111,-0.00098639,-0.0010275,4.1062e-05,0.83459,8.5439,-0.0043849,6.8118e-05,0.14407,0.11216,2.7257
0,0.4895618,0.8518364301520653,-1.953225009651985,0.01832652592278953,0,0,0,-3.782873730865322e-27,34.36460652381069,0,0,0.1440706666666666,-1.43573506821375e+33,-2.787964528843221e+29
1,0.24428,0.77705,-1.8559,0.018251,,,,,,,,,,
1,0.24206,0.97108,-1.9269,0.014384,,,,,,,,,,
0,16.124646,0.9170911303,-1.742611113,0.01798796995,0.6623546937,0.4086155396,0.2537391541,0.9567960266,12.49189647,7.55879457,0,0.1440706667,137941.7024,31.30492938
0,6.38696,0.395926,-0.964236,0.0190875,0.00136552,0.0012992,6.63276e-05,0.903303,15.9505,0.0103756,0.0022089,0.144071,8.48603,3.24395
2,20.9787986,0.4782123715742211,-1.636010630431812,0.02207227757970399,-10113.42896766896,-10115.87699347135,2.448025802388656,-3.303898525005727e-08,195126.9886434219,-97577.46193744101,0,0.1440706666666666,-1.586763477728217e+16,-3081237193066.34
0,46.46805,0.4297793,-1.218876,0.02013732,0.03071877,0.02945341,0.001265366,0.8914471,16.80546,0.2553326,0.05513382,0.1440707,238.5679,3.714691
0,15.67474,0.9792458,-1.120716,0.01374564,0.01402572,0.01308437,0.0009413498,0.9497261,38.95045,0.258446,0.02289169,0.1440707,147.0938,3.573921
2,13.0159544,0.7014210246656,-1.793974563306,0.02154327253238,-0.3433114135723,-0.4010774721763,0.05776605860402,-0.003082381540782,38.01111860695,-5.674560348195,0,0.1440706666667,-252022344.9262,-48937.33808108
0,5.55984,0.258062,-0.550523,0.0178828,4.23216e-05,6.85321e-06,3.54684e-05,0.8601,10.4103,3.56733e-05,1.16043e-05,0.144071,0.0286287,2.53614
2,41.846725,0.97272545,-1.3839719,0.010210803,0.55751625,-2.6789778,3.2364941,0.70242269,17.36372,-52.563535,0,0.14407067,2607.8442,4.4627495
1,0.24349,0.72789,-1.9168,0.022371,,,,,,,,,,
0,6.97192,0.421874,-0.986255,0.0178555,0.00192457,0.00184038,8.41917e-05,0.908308,16.9864,0.0156609,0.00313318,0.144071,11.9252,3.28412
0,5.80068,0.272755,-0.700395,0.0177189,8.4429e-05,4.74117e-05,3.70173e-05,0.866604,11.0025,0.000260846,8.02913e-05,0.144071,0.205879,2.78741
0,44.18976,0.2057232,-1.259126,0.02217906,0.04328671,0.04243803,0.0008486783,0.8044663,7.939994,0.1761017,0.08394793,0.1440707,209.4608,3.742603
0,0.4456634,0.9285684550439692,-1.769340416263887,0.01638074690927881,0,0,0,-6.494972357229746e-08,37.46011377126993,0,0,0.1440706666666666,-8589864706802.822,-1668012339.43129
2,31.5045828,0.650669391,-1.778648817,0.0228989484,0.6092365877,-5.376406378,5.985642965,0.7179189269,10.25721447,-70.56309723,0,0.1440706667,239814.248,51.15137862
0,42.22431,0.7436037,-1.248788,0.01151238,0.08177744,0.0697199,0.01205754,0.8923192,27.54512,1.045739,0.1416188,0.1440707,573.6507,3.854752
0,27.3805,0.765124,-1.07999,0.0133935,0.00850583,0.00807972,0.000426112,0.942487,30.6039,0.124696,0.0139237,0.144071,69.0221,3.47916
0,7.48536,0.219855,-1.02851,0.0194777,0.00423586,0.00288947,0.0013464,0.837751,8.83179,0.0128138,0.00494219,0.144071,11.5672,3.32473
0,43.9076557,0.72560101934,-1.7862351621,0.024833435767,0.76596747669,0.38068883554,0.38527864115,-0.059821531584,6.8506103359,5.5717701853,0,0.14407066667,-2118910.9261,-409.90852959
0,22.3028,0.744375,-1.09095,0.00945302,0.0137828,0.0131111,0.000671738,0.937689,29.6155,0.196859,0.0227089,0.144071,77.2796,3.49752
0,16.9346,0.395469,-1.06094,0.0216257,0.0040618,0.00393734,0.000124461,0.901503,15.8891,0.0314081,0.00675152,0.144071,29.332,3.40843
0,6.15497,0.719153,-0.879757,0.0091172,0.00104206,0.000921142,0.000120923,0.94419,28.9817,0.013362,0.00156243,0.144071,4.98383,3.13144
0,6.2724,0.413276,-0.889143,0.0171818,0.000606191,0.000551481,5.47106e-05,0.907433,16.6622,0.00459722,0.000935314,0.144071,3.36341,3.12031
1,0.47002,0.69336,-1.9192,0.02197,,,,,,,,,,
0,34.1565,0.904154,-1.03347,0.00852259,0.00748159,0.00703229,0.000449296,0.95077,36.2023,0.128252,0.0120378,0.144071,44.5261,3.40535
0,37.8868,0.37411,-1.10881,0.0247898,0.00646957,0.00629568,0.000173894,0.89507,14.9946,0.047508,0.0108936,0.144071,51.5654,3.48961
2,0.7741938,0.615693783,-1.8188849,0.0228455184,-0.00189906757,-0.00189908291,1.53392968e-08,11.9917853,24.8853588,-0.0235848905,0,0.144070667,58403.0907,15.8919341
0,6.21913,0.708624,-0.830159,0.0117907,0.00045751,0.000376999,8.05114e-05,0.943794,28.5741,0.00538866,0.000638918,0.144071,2.59967,3.04794
0,6.2787,0.490233,-0.803066,0.0111925,0.000354766,0.000280494,7.4272e-05,0.92092,19.7698,0.00277364,0.000475247,0.144071,1.30156,2.98505
1,0.25384,0.90701,-1.9914,0.013933,,,,,,,,,,
0,39.13449,0.8044366,-1.217958,0.01166871,0.05584326,0.04962959,0.006213668,0.9134532,30.64016,0.8053,0.09403257,0.1440707,419.5109,3.777911
2,10.481615,0.4802787,-1.5532214,0.024677915,-0.072295185,-0.23799721,0.16570202,3.1841118,20.776044,-2.305634,0,0.14407067,6052.8646,5.3442305
0,13.0611632,0.997294467,-1.54584001,0.0160698055,0.270372196,0.218142046,0.0522301498,1.84072863,29.3548558,4.38821566,0,0.144070667,13455.4998,6.81536795
0,5.01864,0.713644,-0.620785,0.0119378,9.21356e-05,2.53112e-05,6.68244e-05,0.944401,28.787,0.000364351,4.28624e-05,0.144071,0.177778,2.70026
0,40.430256,0.99530357,-1.3408541,0.0089953718,0.26052249,0.17775152,0.082770967,0.7792412,29.691743,3.5685687,0.5913582,0.14407067,2310.3132,4.3556315
0,6.10444,0.460164,-0.765362,0.0142508,0.000191401,0.000135766,5.56348e-05,0.916302,18.5603,0.00126017,0.000229973,0.144071,0.756658,2.91937
0,10.4535,0.604981,-0.720588,0.00865355,0.000219118,0.00012581,9.33077e-05,0.934992,24.4007,0.00153526,0.000213085,0.144071,0.548503,2.85802
0,30.67703,0.42875568,-1.3464593,0.022813061,0.11030009,0.084300539,0.025999553,0.83894057,15.388936,0.72906359,0.25058442,0.14407067,1195.2324,4.1108428
2,0.7404997,0.716273995,-1.76176859,0.0232525564,-0.00162925123,-0.00231911029,0.000689859061,13.5181013,28.9428537,-0.0335062448,0,0.144070667,28932.1795,10.0759533
0,18.102,0.231839,-1.10902,0.0232351,0.0068501,0.00672559,0.000124511,0.842574,9.28873,0.0314515,0.0116541,0.144071,34.0258,3.46505
0,51.4205,0.783136,-1.04309,0.0128215,0.00558716,0.00529061,0.000296558,0.945515,31.4166,0.0835734,0.00905462,0.144071,43.9679,3.41422
0,6.19125,0.305761,-0.899222,0.0185523,0.000627397,0.000581226,4.61701e-05,0.878924,12.3272,0.00358469,0.000985945,0.144071,2.92415,3.12311
0,4.90945,0.618869,-0.593741,0.0122054,8.18218e-05,1.74919e-05,6.433e-05,0.936443,24.9642,0.000218353,2.96204e-05,0.144071,0.109854,2.64847
0,0.482064,0.8331733182952377,-1.969413272560072,0.0178505332221426,0,0,0,-5.695836147055764e-42,33.61170318137527,0,0,0.1440706666666666,-1.148214845174492e+48,-2.229646910986441e+44
2,14.0350327,0.917349005,-1.53823768,0.0151062335,-0.00610840461,-0.0065319929,0.00042358829,2.66223681,37.2335579,-0.120866367,0,0.144070667,10702.5754,6.26143075
0,4.87627,0.572,-0.56351,0.0105609,8.67479e-05,1.37104e-05,7.30376e-05,0.931592,23.0735,0.000158187,2.32166e-05,0.144071,0.0692188,2.5945
2,6.3577928,0.92770682,-1.4720535,0.01101865,-0.02438225,-0.024775179,0.00039292938,-2.3470893,38.337868,-0.46360992,0,0.14407067,-5341.8753,0.50552745
0,2.9108281,0.79214849,-1.5844064,0.019319717,0.20659967,0.026028837,0.18057083,12.603143,25.354447,0.41589771,0,0.14407067,2785.644,4.7010988
0,35.90359,0.7560613,-1.23859,0.008798768,0.09406687,0.08183378,0.01223309,0.8847261,27.63174,1.248001,0.1625455,0.1440707,509.1359,3.825896
0,4.66909,0.548095,-0.502297,0.0108877,7.62675e-05,6.05823e-06,7.02093e-05,0.92883,22.1095,6.69772e-05,1.02586e-05,0.144071,0.0303042,2.49083
0,6.22857,0.675734,-0.776052,0.00909584,0.000338556,0.00024399,9.45661e-05,0.941309,27.2511,0.00332562,0.000413344,0.144071,1.24063,2.95556
0,23.2413,0.46123,-1.07132,0.0232199,0.00432944,0.00418408,0.000145357,0.91385,18.5263,0.0389263,0.00718467,0.144071,38.5495,3.43464
0,5.55778,0.383628,-0.596386,0.0179141,5.24169e-05,1.23298e-05,4.00871e-05,0.901361,15.4754,9.54096e-05,2.08786e-05,0.144071,0.0731941,2.63024
0,6.34362,0.541025,-0.911359,0.00964142,0.001423,0.00130621,0.000116789,0.927106,21.7948,0.0142546,0.00221723,0.144071,5.72815,3.17034
0,4.68209,0.732985,-0.503499,0.0129568,6.62306e-05,5.17e-06,6.10606e-05,0.945804,29.568,7.64383e-05,8.75454e-06,0.144071,0.0404192,2.50684
0,6.30745,0.308317,-0.63849,0.016151,6.54809e-05,2.34868e-05,4.19941e-05,0.880153,12.4372,0.000146065,3.97717e-05,0.144071,0.103461,2.69013
2,15.7413995,0.724782334,-1.5840842,0.0220879379,-2.26918929,-5.06959109,2.8004018,6.42337353,95.5878807,-74.1149296,0,0.144070667,20520.7129,8.24724769
0,6.86198,0.715968,-0.973005,0.0125291,0.00236119,0.00221328,0.000147914,0.943106,28.8152,0.0319636,0.00376638,0.144071,16.434,3.28822
0,11.5670543,0.801756641,-1.57800191,0.0148712651,0.000171705559,0.000171585721,1.19838034e-07,3.02482685,32.3387445,0.00277490986,0,0.144070667,13634.7027,6.88300795
1,0.32611,0.92424,-1.9336,0.019277,,,,,,,,,,
2,1.0741205,0.8078012,-1.731925,0.015228409,-0.023422161,-0.023422161,1.2490009e-16,38.996167,33.351431,-0.38164241,0,0.14407067,7877.116,5.8907098
0,0.4793653,0.9552179761648125,-1.971124056484669,0.01472537654582227,0,0,0,-1.363926258593136e-66,38.5352031604409,0,0,0.1440706666666666,-5.619535291469747e+72,-1.091222566618246e+69
0,26.8218,0.427157,-1.09238,0.0214147,0.00610791,0.00592148,0.000186431,0.906675,17.127,0.0510202,0.0102111,0.144071,47.0813,3.46763
2,20.0295959,0.791766014065,-1.63732690744,0.0140701125447,-6.07350509919,-11.35094069,5.27743559077,-0.0446371643757,225.936654185,-181.281664845,0,0.144070666667,-13831026.9956,-2684.45672272
2,17.240548,0.66178699576,-1.6079614086,0.020738768012,-50.219633625,-55.101131084,4.8814974587,-0.46803669734,1367.4449846,-735.53596555,0,0.14407066667,-5474953.6417,-1061.8246174
0,6.404,0.22844,-0.97289,0.01657,0.0017304,0.0016718,5.8678e-05,0.84375,9.1996,0.0077031,0.0028439,0.14407,5.8562,3.233
0,5.74055,0.479507,-0.63509,0.00892415,0.00012538,4.06879e-05,8.4692e-05,0.919444,19.3418,0.000393537,6.89028e-05,0.144071,0.147439,2.70494
2,14.275626,0.9955519,-1.4796444,0.013470819,-1.6049781,-1.9919483,0.38697023,-8.2871116,104.62203,-40.000659,0,0.14407067,-4551.5651,0.67481038
0,6.37482,0.31517,-0.636985,0.0187273,5.6513e-05,1.98678e-05,3.66452e-05,0.882458,12.7138,0.000126305,3.36434e-05,0.144071,0.103465,2.68863
0,5.29165,0.627759,-0.712623,0.0104756,0.000171186,9.38238e-05,7.73625e-05,0.937228,25.3206,0.00118804,0.000158905,0.144071,0.512606,2.84657
1,0.33925,0.62699,-1.9897,0.021985,,,,,,,,,,
0,6.29316,0.49894,-0.889572,0.0116977,0.000900447,0.000814364,8.60835e-05,0.921842,20.11,0.00819582,0.00138139,0.144071,4.01801,3.13
0,45.63388,0.886685,-1.227605,0.01002542,0.07382201,0.06326815,0.01055386,0.9056519,33.12981,1.131565,0.1238834,0.1440707,517.858,3.817477
0,5.26754,0.600926,-0.629829,0.0106019,0.000105894,3.20115e-05,7.38827e-05,0.934655,24.2399,0.000388019,5.42093e-05,0.144071,0.169892,2.70697
0,0.4704443,0.9511340906816288,-1.812120993620317,0.01782552346825717,0,0,0,-1.351123824576887e-113,38.37045190920261,0,0,0.1440706666666666,-7.327324633240757e+118,-1.422847544861463e+115
0,5.02301,0.654237,-0.618601,0.0102213,0.00010603,2.87441e-05,7.7286e-05,0.939653,26.3903,0.000379322,4.86759e-05,0.144071,0.159271,2.69242
0,33.355424,0.40694114,-1.3476447,0.021109823,0.11873073,0.091692537,0.027038198,0.82914714,14.467563,0.75264601,0.27495772,0.14407067,1154.3875,4.1023102
0,51.377024,0.32508791,-1.4294432,0.022520301,0.25356903,0.17806677,0.075502262,0.71675772,9.7891648,1.1676397,0.73702915,0.14407067,2583.8628,4.5030893
0,5.13738,0.706371,-0.68597,0.0126547,0.000119283,5.51549e-05,6.41279e-05,0.943844,28.4929,0.000785855,9.34073e-05,0.144071,0.40673,2.80801
0,6.3359,0.30105,-0.639537,0.0167886,6.29963e-05,2.29006e-05,4.00956e-05,0.877617,12.1441,0.000139063,3.8779e-05,0.144071,0.102686,2.69079
0,4.69589,0.69485,-0.534133,0.0109326,8.11854e-05,9.08128e-06,7.21042e-05,0.942992,28.0292,0.000127281,1.53778e-05,0.144071,0.0569584,2.5551
0,5.6113,0.22997,-0.58143,0.018326,4.2676e-05,9.9458e-06,3.273e-05,0.84565,9.2769,4.6135e-05,1.6841e-05,0.14407,0.038592,2.5824
0,0.4295457,0.8066980649642908,-1.941776319009239,0.01501104860588102,0,0,0,-5.543368489320358e-83,32.54364406681758,0,0,0.1440706666666666,-8.009608891768309e+88,-1.555336076588245e+85
1,0.23507,0.85855,-1.9217,0.018248,,,,,,,,,,
2,24.69095,0.34386559,-1.4712641,0.021509208,-0.23132047,-0.26851752,0.037197049,2.2367104,17.081067,-1.8624582,0,0.14407067,2472.2776,4.5209739
0,6.09784,0.365652,-0.859485,0.0183719,0.000398078,0.000352551,4.55278e-05,0.896796,14.7452,0.00260024,0.000597618,0.144071,2.05764,3.06515
0,35.076099,0.74741457,-1.3154717,0.011451913,0.16229029,0.11991783,0.04237246,0.83713397,25.258658,1.8078837,0.33527186,0.14407067,1320.4677,4.1092939
0,5.95878,0.259151,-0.809009,0.0166551,0.000244342,0.000203474,4.08684e-05,0.860482,10.4521,0.00106362,0.00034471,0.144071,0.794872,2.96555
0,5.75853,0.351302,-0.713499,0.0192817,8.87232e-05,5.15535e-05,3.71698e-05,0.893233,14.1709,0.000365311,8.73087e-05,0.144071,0.30442,2.82063
0,5.44392,0.268424,-0.558401,0.0151704,5.12114e-05,8.9387e-06,4.22727e-05,0.864764,10.8281,4.83972e-05,1.51357e-05,0.144071,0.0327712,2.55096
2,9.5229438,0.7519678737,-1.6041042568,0.019334663075,-0.2020237693,-0.2020241958,4.2649776086e-07,-0.0072857954935,36.464268729,-3.0642757463,0,0.14407066667,-8925326.4361,-1731.8599938
1,0.34454,0.84098,-1.8617,0.017177,,,,,,,,,,
0,5.84433,0.373346,-0.773373,0.0187383,0.000154597,0.000114442,4.0155e-05,0.898856,15.0591,0.000861834,0.000193854,0.144071,0.693669,2.9229
0,5.96507,0.611455,-0.749608,0.013564,0.000177254,0.000116514,6.074e-05,0.935661,24.6628,0.00143704,0.000197353,0.144071,0.804256,2.90676
2,1.042462,0.4706774226,-1.875831961,0.021408161,-0.1085431849,-0.1085577165,1.45316327e-05,9.995721683,21.04898454,-1.030645322,0,0.1440706667,123159.7623,28.56191319
