Error,time,CO2share,E_appl,v,X_tot,X_het,X_hom,FE,CO2_out,CO_out,H2_out,delP,CD,Vcell,maxRes,Solver
0,151.498,0.2,-1.4,0.045833,0.56327,0.56156,0.0017118,0.44335,3.5237,2.2654,2.4807,467.018,1030.1433,4.1247,1.4284e-06,Heun
0,146.5455,0.20808,-1.4,0.045833,0.56634,0.56454,0.0017947,0.44457,3.6403,2.3695,2.4807,467.018,1061.3182,4.1323,1.4792e-05,Heun
0,80.3036,0.21616,-1.4,0.045833,0.54998,0.54814,0.0018397,0.46139,3.9243,2.39,2.4807,467.018,1102.4281,4.1422,1.8385e-05,Heun
0,143.374,0.22424,-1.4,0.045833,0.56512,0.56316,0.0019587,0.45216,3.9341,2.5473,2.4807,467.018,1127.7012,4.1483,5.4261e-06,Heun
0,114.9705,0.23232,-1.4,0.045833,0.56028,0.55824,0.0020421,0.45886,4.1212,2.616,2.4807,467.018,1164.1161,4.157,2.0166e-05,Heun
0,124.8981,0.2404,-1.4,0.045833,0.56918,0.56703,0.0021485,0.45433,4.1783,2.7496,2.4807,467.018,1191.9944,4.1636,1.2341e-05,Heun
0,163.8761,0.24848,-1.4,0.045833,0.57085,0.5686,0.0022453,0.45602,4.302,2.8499,2.4807,467.018,1222.7481,4.1709,1.6524e-05,Heun
0,101.9381,0.25657,-1.4,0.045833,0.56503,0.5627,0.002332,0.46306,4.502,2.9121,2.4807,467.018,1260.1545,4.1797,1.3506e-05,Heun
0,111.9871,0.26465,-1.4,0.045833,0.57002,0.56757,0.0024498,0.46096,4.5906,3.0298,2.4807,467.018,1290.7866,4.1869,2.4217e-05,Heun
0,140.5281,0.27273,-1.4,0.045833,0.5751,0.57253,0.0025709,0.4589,4.6748,3.1496,2.4807,467.018,1320.3632,4.1938,2.6973e-05,Heun
0,137.4631,0.28081,-1.4,0.045833,0.56992,0.56725,0.0026727,0.46545,4.872,3.213,2.4807,467.018,1356.7045,4.2022,2.4139e-05,Heun
0,165.9209,0.28889,-1.4,0.045833,0.56669,0.56389,0.0027938,0.47025,5.0499,3.2859,2.4807,467.018,1391.8864,4.2104,9.1734e-05,Heun
0,87.736,0.29697,-1.4,0.045833,0.54762,0.54474,0.0028823,0.48831,5.4196,3.2631,2.4807,467.018,1438.5305,4.2211,6.4514e-06,Heun
0,113.3029,0.30505,-1.4,0.045833,0.56197,0.55891,0.0030581,0.47795,5.3905,3.4391,2.4807,467.018,1461.8504,4.2265,8.8486e-06,Heun
0,131.1207,0.31313,-1.4,0.045833,0.55559,0.5524,0.0031885,0.48498,5.6139,3.4891,2.4807,467.018,1500.324,4.2353,3.8707e-06,Heun
0,115.7104,0.32121,-1.4,0.045833,0.55303,0.54974,0.0032858,0.48986,5.792,3.5619,2.4807,467.018,1532.505,4.2426,1.1423e-05,Heun
0,115.4759,0.32929,-1.4,0.045833,0.54616,0.54273,0.0034387,0.49738,6.0289,3.6049,2.4807,467.018,1571.0598,4.2514,4.3342e-05,Heun
0,56.5855,0.33737,-1.4,0.045833,0.55372,0.55027,0.0034558,0.493,6.0739,3.7447,2.4564,467.018,1596.8749,4.2573,1.8431e-05,Euler
0,85.4255,0.34545,-1.4,0.045833,0.54819,0.54445,0.0037393,0.49917,6.2965,3.7938,2.4807,467.018,1634.9294,4.2659,1.9863e-05,Heun
0,52.7763,0.35354,-1.4,0.045833,0.55095,0.54714,0.0038062,0.49807,6.4045,3.9017,2.4564,467.018,1666.6305,4.273,2.8751e-05,Euler
0,56.6349,0.36162,-1.4,0.045833,0.54649,0.54251,0.0039795,0.50316,6.6159,3.9571,2.4564,467.018,1704.2364,4.2815,2.4983e-05,Euler
0,81.8412,0.3697,-1.4,0.045833,0.54774,0.54345,0.0042913,0.50373,6.745,4.0526,2.4807,467.018,1735.5341,4.2885,9.9201e-05,Heun
0,54.7821,0.37778,-1.4,0.045833,0.55264,0.54825,0.0043961,0.50034,6.8179,4.1777,2.4564,467.018,1766.1629,4.2953,1.5437e-05,Euler
0,76.9278,0.38586,-1.4,0.045833,0.54982,0.54503,0.0047888,0.50393,7.0077,4.242,2.4807,467.018,1802.421,4.3034,1.2508e-05,Heun
0,98.0047,0.39394,-1.4,0.045833,0.55374,0.54879,0.0049454,0.50262,7.0921,4.3607,2.4807,467.018,1828.8836,4.3093,3.2814e-06,Heun
0,83.5131,0.40202,-1.4,0.045833,0.55552,0.55032,0.0052002,0.50224,7.2087,4.4626,2.4807,467.018,1860.3682,4.3163,3.0451e-05,Heun
0,89.1762,0.4101,-1.4,0.045833,0.54623,0.54069,0.0055458,0.51058,7.5072,4.4726,2.4807,467.018,1905.7387,4.3263,6.8796e-05,Heun
0,74.3562,0.41818,-1.4,0.045833,0.55931,0.55365,0.0056548,0.50161,7.4345,4.6701,2.4807,467.018,1921.0259,4.3297,8.7479e-05,Heun
0,80.5827,0.42626,-1.4,0.045833,0.55663,0.55062,0.0060072,0.50469,7.6243,4.7343,2.4807,467.018,1958.0503,4.3379,2.2331e-05,Heun
0,98.2071,0.43434,-1.4,0.045833,0.54823,0.54186,0.0063739,0.51321,7.9159,4.7473,2.4807,467.018,1999.1874,4.3469,1.7813e-05,Heun
0,94.7156,0.44242,-1.4,0.045833,0.5583,0.55182,0.0064728,0.50677,7.8836,4.9245,2.4807,467.018,2016.3416,4.3507,1.9721e-05,Heun
0,93.4711,0.45051,-1.4,0.045833,0.56324,0.55635,0.0068967,0.50251,7.9377,5.0556,2.4807,467.018,2047.3873,4.3575,7.4443e-06,Heun
0,127.4339,0.45859,-1.4,0.045833,0.55858,0.55121,0.0073723,0.50695,8.1664,5.0987,2.4807,467.018,2087.9169,4.3664,2.9132e-06,Heun
0,115.043,0.46667,-1.4,0.045833,0.55236,0.5446,0.0077603,0.51439,8.4273,5.1264,2.4807,467.018,2123.4422,4.3742,1.6812e-05,Heun
0,117.8807,0.47475,-1.4,0.045833,0.57478,0.5667,0.0080781,0.49486,8.1438,5.4268,2.4807,467.018,2133.0366,4.3763,7.5134e-05,Heun
0,121.1712,0.48283,-1.4,0.045833,0.56862,0.55997,0.0086451,0.50061,8.4026,5.4536,2.4807,467.018,2175.5096,4.3855,1.1088e-05,Heun
0,113.4395,0.49091,-1.4,0.045833,0.57753,0.56821,0.0093218,0.49101,8.3666,5.6264,2.4807,467.018,2208.5724,4.3927,1.2151e-05,Heun
0,102.5238,0.49899,-1.4,0.045833,0.56622,0.55626,0.0099646,0.50258,8.732,5.5988,2.4807,467.018,2251.9433,4.4021,3.376e-05,Heun
0,91.9692,0.50707,-1.4,0.045833,0.58184,0.57126,0.010585,0.48769,8.5539,5.8429,2.4807,467.018,2273.3499,4.4068,4.7259e-05,Heun
0,54.7521,0.51515,-1.4,0.045833,0.59244,0.58147,0.010971,0.47639,8.47,6.0421,2.4564,467.018,2304.4584,4.4135,2.985e-05,Euler
0,53.6732,0.52323,-1.4,0.045833,0.53719,0.52562,0.011571,0.53316,9.769,5.5475,2.4807,467.018,2374.8659,4.4287,2.9976e-06,Heun
0,45.5941,0.53131,-1.4,0.045833,0.52519,0.51325,0.011945,0.54659,10.177,5.5005,2.4807,467.018,2413.2662,4.437,3.5721e-05,Heun
0,66.9179,0.53939,-1.4,0.045833,0.55134,0.53825,0.013087,0.52045,9.763,5.8562,2.4807,467.018,2431.3568,4.4409,6.5824e-06,Heun
3,33.7461,0.54747,-1.4,0.045833,0.53448,0.52111,0.01337,0.53672,10.2816,5.7546,2.4564,467.018,2482.9302,4.452,0.92024,Euler
0,63.0001,0.55556,-1.4,0.045833,0.51859,0.50475,0.01384,0.55561,10.7895,5.6562,2.4807,467.018,2516.9792,4.4593,4.9217e-05,Heun
0,85.7144,0.56364,-1.4,0.045833,0.50792,0.49264,0.015275,0.56464,11.189,5.6009,2.4807,467.018,2568.4321,4.4703,5.0443e-05,Heun
0,87.9093,0.57172,-1.4,0.045833,0.513,0.49754,0.015459,0.56234,11.2321,5.7377,2.4807,467.018,2588.8813,4.4747,1.915e-05,Heun
0,93.4333,0.5798,-1.4,0.045833,0.50627,0.48916,0.01711,0.56736,11.5484,5.7207,2.4807,467.018,2638.209,4.4853,2.6959e-05,Heun
0,49.1937,0.58788,-1.4,0.045833,0.51204,0.49473,0.017304,0.56243,11.5726,5.8665,2.4564,467.018,2666.929,4.4914,5.5686e-05,Euler
0,49.722,0.59596,-1.4,0.045833,0.51194,0.49347,0.018474,0.56267,11.7339,5.932,2.4564,467.018,2702.9252,4.4991,2.4327e-05,Euler
0,49.2482,0.60404,-1.4,0.045833,0.50637,0.48647,0.019899,0.56746,12.0289,5.9271,2.4564,467.018,2747.521,4.5086,3.8137e-05,Euler
3,53.9291,0.61212,-1.4,0.045833,0.5094,0.48814,0.021262,0.5647,12.1149,6.027,2.4564,467.018,2780.6897,4.5156,23.1364,Euler
3,52.9163,0.6202,-1.4,0.045833,0.50789,0.48528,0.022606,0.56593,12.3127,6.0709,2.4564,467.018,2819.9201,4.524,0.0049518,Euler
3,52.7914,0.62828,-1.4,0.045833,0.5089,0.48499,0.023911,0.56527,12.4475,6.1462,2.4564,467.018,2854.1391,4.5312,0.0059128,Euler
0,53.9071,0.63636,-1.4,0.045833,0.52013,0.49437,0.025757,0.55401,12.3193,6.3457,2.4564,467.018,2882.1688,4.5372,1.7185e-06,Euler
3,55.7937,0.64444,-1.4,0.045833,0.51759,0.49094,0.026653,0.55768,12.5416,6.3817,2.4564,467.018,2914.8897,4.5441,0.019764,Euler
3,49.7279,0.65253,-1.4,0.045833,0.52986,0.50112,0.02874,0.54452,12.3759,6.5958,2.4564,467.018,2945.8393,4.5507,0.0036235,Euler
3,54.2014,0.66061,-1.4,0.045833,0.52632,0.49651,0.029814,0.54897,12.6235,6.616,2.4564,467.018,2980.4457,4.558,0.002109,Euler
3,52.4734,0.66869,-1.4,0.045833,0.5525,0.51917,0.033332,0.52265,12.0717,7.0026,2.4564,467.018,2993.6921,4.5608,0.08009,Euler
3,55.1938,0.67677,-1.4,0.045833,0.5158,0.48391,0.031894,0.56157,13.2196,6.6058,2.4564,467.018,3051.1703,4.5729,0.0019199,Euler
3,55.61,0.68485,-1.4,0.045833,0.51793,0.48462,0.033317,0.55997,13.3186,6.6945,2.4564,467.018,3082.7555,4.5796,2.4398,Euler
3,46.9058,0.69293,-1.4,0.045833,0.57372,0.53604,0.037675,0.50367,11.9164,7.4922,2.4564,467.018,3066.5102,4.5762,0.0026856,Euler
3,56.8649,0.70101,-1.4,0.045833,0.57769,0.53833,0.039359,0.50018,11.9429,7.612,2.4564,467.018,3094.7704,4.5821,0.090238,Euler
3,55.9373,0.70909,-1.4,0.045833,0.52435,0.48723,0.037115,0.55544,13.6065,6.9689,2.4564,467.018,3175.1315,4.599,0.006559,Euler
3,52.4755,0.71717,-1.4,0.045833,0.51819,0.48025,0.037939,0.56151,13.9399,6.9472,2.4564,467.018,3217.7226,4.608,0.091073,Euler
3,54.6527,0.72525,-1.4,0.045833,0.5298,0.48979,0.040006,0.55095,13.7571,7.1652,2.4564,467.018,3236.3844,4.6119,0.02505,Euler
3,51.6609,0.73333,-1.4,0.045833,0.52019,0.47915,0.041039,0.55986,14.1947,7.0876,2.4564,467.018,3286.1982,4.6224,0.074034,Euler
3,50.5607,0.74141,-1.4,0.045833,0.51893,0.47639,0.042545,0.56069,14.3887,7.1244,2.4564,467.018,3326.2134,4.6308,0.029032,Euler
3,49.5189,0.74949,-1.4,0.045833,0.51253,0.47048,0.042047,0.56752,14.7391,7.1127,2.4564,467.018,3366.1954,4.6392,0.31157,Euler
3,47.9382,0.75758,-1.4,0.045833,0.51975,0.47463,0.04512,0.56076,14.6773,7.2529,2.4564,467.018,3392.4965,4.6447,1.7026,Euler
3,42.4289,0.76566,-1.4,0.045833,0.5862,0.53583,0.050368,0.49632,12.7814,8.2754,2.4564,467.018,3337.841,4.6332,0.0026591,Euler
3,52.1915,0.77374,-1.4,0.045833,0.51444,0.46883,0.045607,0.56713,15.1562,7.3171,2.4564,467.018,3463.8302,4.6596,45.9748,Euler
3,51.6523,0.78182,-1.4,0.045833,0.52158,0.47274,0.04884,0.55979,15.0894,7.4551,2.4564,467.018,3493.7992,4.6658,0.52733,Euler
3,51.8226,0.7899,-1.4,0.045833,0.51646,0.46679,0.04967,0.56453,15.4084,7.4374,2.4564,467.018,3537.6762,4.675,2.9992,Euler
3,50.5288,0.79798,-1.4,0.045833,0.52262,0.4712,0.05142,0.55922,15.3677,7.5844,2.4564,467.018,3561.8534,4.68,0.012306,Euler
0,51.5807,0.80606,-1.4,0.045833,0.51063,0.45959,0.051039,0.57066,15.9132,7.4725,2.4564,467.018,3614.347,4.691,4.08e-05,Euler
0,52.033,0.81414,-1.4,0.045833,0.52675,0.47225,0.054503,0.556,15.5433,7.7553,2.4564,467.018,3623.3894,4.6929,5.4105e-06,Euler
3,54.8661,0.82222,-1.4,0.045833,0.53591,0.48221,0.053699,0.54844,15.3939,7.9974,2.4564,467.018,3638.0209,4.6959,0.52876,Euler
3,52.8259,0.8303,-1.4,0.045833,0.53427,0.47741,0.056857,0.54992,15.6,7.9957,2.4564,467.018,3676.8644,4.704,0.0020498,Euler
3,44.8517,0.83838,-1.4,0.045833,0.57423,0.51213,0.062098,0.51139,14.4003,8.6607,2.4564,467.018,3649.763,4.6984,0.015136,Euler
3,53.5807,0.84646,-1.4,0.045833,0.54769,0.48753,0.060164,0.53812,15.4453,8.324,2.4564,467.018,3720.2412,4.713,0.67983,Euler
3,52.5017,0.85455,-1.4,0.045833,0.55064,0.48943,0.061206,0.53621,15.4912,8.4363,2.4564,467.018,3744.5608,4.7181,0.90879,Euler
3,52.57,0.86263,-1.4,0.045833,0.53778,0.47805,0.059726,0.54877,16.0854,8.318,2.4564,467.018,3799.1737,4.7294,0.0037003,Euler
0,48.6327,0.87071,-1.4,0.045833,0.55388,0.49021,0.063668,0.53353,15.6704,8.6096,2.4564,467.018,3806.8666,4.731,5.2013e-05,Euler
3,44.1467,0.87879,-1.4,0.045833,0.56168,0.49445,0.067231,0.52112,15.5391,8.7647,2.4564,467.018,3864.9112,4.7431,0.07703,Euler
3,43.5465,0.88687,-1.4,0.045833,0.56278,0.49498,0.067801,0.52127,15.6429,8.8546,2.4564,467.018,3889.6087,4.7482,2.2288,Euler
0,48.4415,0.89495,-1.4,0.045833,0.56305,0.49329,0.069756,0.51982,15.7757,8.9048,2.4564,467.018,3933.5806,4.7573,5.0899e-05,Euler
3,44.8964,0.90303,-1.4,0.045833,0.57569,0.50404,0.071656,0.5083,15.4574,9.181,2.4564,467.018,3941.5709,4.759,0.78486,Euler
3,48.5011,0.91111,-1.4,0.045833,0.57673,0.50356,0.07317,0.5077,15.5577,9.2543,2.4564,467.018,3971.8344,4.7653,0.44225,Euler
3,45.1113,0.91919,-1.4,0.045833,0.58466,0.51035,0.074314,0.50107,15.4014,9.4624,2.4564,467.018,3983.9337,4.7678,0.031803,Euler
3,44.2716,0.92727,-1.4,0.045833,0.57721,0.50123,0.075976,0.50638,15.8157,9.375,2.4564,467.018,4048.1523,4.7811,0.045977,Euler
3,41.1125,0.93535,-1.4,0.045833,0.58657,0.50897,0.077604,0.499,15.6002,9.6026,2.4564,467.018,4052.1059,4.7819,0.087199,Euler
0,40.3156,0.94343,-1.4,0.045833,0.58485,0.50759,0.077263,0.50208,15.8004,9.6594,2.4564,467.018,4078.9238,4.7874,3.7603e-05,Euler
0,39.5865,0.95152,-1.4,0.045833,0.58732,0.50869,0.078623,0.49944,15.8412,9.7633,2.4564,467.018,4111.0419,4.7941,5.065e-05,Euler
0,28.7821,0.9596,-1.4,0.045833,0.56799,0.49092,0.077069,0.5178,16.724,9.5022,2.4564,467.018,4186.2296,4.8096,3.8685e-05,Euler
3,24.1975,0.96768,-1.4,0.045833,0.56867,0.49025,0.078423,0.51794,16.8381,9.5691,2.4564,467.018,4213.6558,4.8153,1.0556,Euler
3,26.1642,0.97576,-1.4,0.045833,0.57353,0.49507,0.078457,0.5154,16.7875,9.744,2.4564,467.018,4221.7335,4.8169,0.4357,Euler
3,22.5786,0.98384,-1.4,0.045833,0.57707,0.49702,0.080053,0.51191,16.7859,9.8633,2.4564,467.018,4250.1215,4.8228,0.025558,Euler
3,22.6585,0.99192,-1.4,0.045833,0.57891,0.49871,0.080202,0.51209,16.8501,9.9782,2.4564,467.018,4264.8552,4.8258,2.7463,Euler
3,18.9636,1,-1.4,0.045833,0.57273,0.49106,0.081679,0.51695,17.2367,9.905,2.4564,467.018,4321.715,4.8375,5.7978,Euler
