Error,time,CO2share,E_appl,v,X_tot,X_het,X_hom,FE,CO2_out,CO_out,H2_out,delP,CD,Vcell,maxRes,Solver
3,51.7087,0.8,-1.4,0.045833,0.50834,0.45827,0.050062,0.57254,15.8677,7.395,2.4564,467.018,3592.1703,4.6864,0.28165,Euler
0,107.0088,0.8,-1.3909,0.045833,0.53432,0.48872,0.045602,0.5482,15.0292,7.8863,2.2073,467.018,3161.8059,4.5872,2.2295e-05,Heun
0,94.3512,0.8,-1.3818,0.045833,0.48158,0.44688,0.034701,0.59512,16.7312,7.2112,1.9641,467.018,2885.0102,4.5196,2.9405e-05,Heun
0,87.9179,0.8,-1.3727,0.045833,0.45032,0.42444,0.02588,0.62567,17.7401,6.8491,1.7476,467.018,2588.9361,4.4475,6.1448e-05,Heun
0,70.3447,0.8,-1.3636,0.045833,0.43711,0.41652,0.020595,0.63707,18.1664,6.7212,1.555,467.018,2316.739,4.3798,1.2221e-05,Heun
0,39.5215,0.8,-1.3545,0.045833,0.42535,0.40847,0.016874,0.64601,18.546,6.5914,1.3836,467.018,2075.3754,4.3182,3.7599e-05,Heun
0,48.1729,0.8,-1.3455,0.045833,0.41939,0.40507,0.014326,0.64656,18.7381,6.5365,1.219,467.018,1864.1874,4.2626,2.2561e-06,Euler
0,92.7384,0.8,-1.3364,0.045833,0.39802,0.38613,0.011886,0.6628,19.428,6.2309,1.0847,467.018,1677.6632,4.2118,1.0347e-06,Euler
0,107.0701,0.8,-1.3273,0.045833,0.37156,0.36167,0.0098868,0.68587,20.282,5.8362,0.97471,467.018,1505.9667,4.1639,2.1567e-05,Heun
0,114.521,0.8,-1.3182,0.045833,0.3363,0.32817,0.0081279,0.71394,21.4199,5.2956,0.86729,467.018,1359.5225,4.1211,4.8429e-06,Heun
0,104.7885,0.8,-1.3091,0.045833,0.31137,0.30441,0.0069599,0.73264,22.2245,4.9122,0.7717,467.018,1223.0934,4.0801,4.1122e-06,Heun
0,133.0856,0.8,-1.3,0.045833,0.28733,0.28136,0.0059676,0.7509,23.0004,4.5402,0.68665,467.018,1098.8954,4.0414,5.8549e-05,Heun
0,150.5225,0.8,-1.2909,0.045833,0.26675,0.26151,0.005245,0.76602,23.6644,4.2199,0.61098,467.018,986.1575,4.0048,8.4045e-05,Heun
0,123.1249,0.8,-1.2818,0.045833,0.24488,0.2403,0.0045809,0.78221,24.3703,3.8777,0.54364,467.018,884.94,3.9705,4.302e-06,Heun
0,149.3827,0.8,-1.2727,0.045833,0.22301,0.21899,0.0040129,0.79805,25.0763,3.5338,0.48372,467.018,794.1451,3.9382,3.2602e-06,Heun
0,166.443,0.8,-1.2636,0.045833,0.24906,0.24599,0.0030705,0.80918,24.2353,3.9695,0.43041,467.018,673.5263,3.8972,8.2116e-07,Heun
0,94.8024,0.8,-1.2545,0.045833,0.18625,0.18311,0.0031325,0.82483,26.2627,2.9548,0.38298,467.018,637.1088,3.8782,9.3102e-07,Heun
0,78.2886,0.8,-1.2455,0.045833,0.16898,0.16618,0.0027955,0.83659,26.82,2.6816,0.34077,467.018,570.7857,3.8506,1.9136e-06,Heun
0,82.5012,0.8,-1.2364,0.045833,0.15326,0.15077,0.0024888,0.84762,27.3272,2.433,0.30321,467.018,510.7482,3.8241,3.5827e-07,Heun
0,63.7921,0.8,-1.2273,0.045833,0.13858,0.13636,0.0022198,0.85782,27.8009,2.2004,0.26979,467.018,456.8373,3.7989,5.4144e-07,Heun
0,68.3212,0.8,-1.2182,0.045833,0.12553,0.12354,0.0019961,0.86675,28.2221,1.9935,0.24006,467.018,408.3939,3.7746,3.815e-06,Heun
0,60.9858,0.8,-1.2091,0.045833,0.11327,0.11148,0.0017897,0.87515,28.6178,1.7989,0.2136,467.018,364.9423,3.7513,1.1615e-06,Heun
0,50.0442,0.8,-1.2,0.045833,0.10213,0.10052,0.00161,0.88271,28.9774,1.622,0.19006,467.018,325.9869,3.7288,6.5043e-07,Heun
0,49.0246,0.8,-1.1909,0.045833,0.091963,0.09051,0.0014527,0.88956,29.3055,1.4605,0.16911,467.018,291.0862,3.7071,4.1134e-07,Heun
0,42.6271,0.8,-1.1818,0.045833,0.082813,0.081499,0.001314,0.89571,29.6008,1.3151,0.15048,467.018,259.8168,3.6861,1.234e-06,Heun
0,35.9247,0.8,-1.1727,0.045833,0.074351,0.073164,0.001187,0.90138,29.8739,1.1806,0.13389,467.018,231.8497,3.6658,5.2385e-07,Heun
0,32.8077,0.8,-1.1636,0.045833,0.066853,0.065774,0.0010791,0.90638,30.1159,1.0614,0.11914,467.018,206.8196,3.6459,3.3501e-07,Heun
0,31.0993,0.8,-1.1545,0.045833,0.059893,0.058915,0.00097842,0.91099,30.3405,0.95069,0.10601,467.018,184.4597,3.6266,7.0533e-05,Heun
0,27.181,0.8,-1.1455,0.045833,0.053653,0.052764,0.00088904,0.91513,30.5419,0.85144,0.094322,467.018,164.4732,3.6078,5.0424e-05,Heun
0,36.9418,0.8,-1.1364,0.045833,0.048043,0.047233,0.00081077,0.91883,30.7229,0.76218,0.083927,467.018,146.6199,3.5893,4.8432e-05,Heun
0,21.7634,0.8,-1.1273,0.045833,0.042983,0.042243,0.00074046,0.92217,30.8862,0.68166,0.074677,467.018,130.6797,3.5712,4.9505e-05,Heun
0,21.692,0.8,-1.1182,0.045833,0.03842,0.037742,0.00067719,0.92517,31.0335,0.60904,0.066447,467.018,116.4525,3.5534,5.2238e-05,Heun
0,21.0742,0.8,-1.1091,0.045833,0.034399,0.033775,0.00062388,0.92781,31.1633,0.54501,0.059124,467.018,103.7562,3.5359,5.4393e-05,Heun
0,26.5852,0.8,-1.1,0.045833,0.030711,0.030137,0.00057398,0.93022,31.2823,0.48631,0.052608,467.018,92.4328,3.5187,5.8614e-05,Heun
0,25.6908,0.8,-1.0909,0.045833,0.027434,0.026904,0.00053017,0.93236,31.388,0.43414,0.04681,467.018,82.3344,3.5017,5.9613e-05,Heun
0,25.3848,0.8,-1.0818,0.045833,0.02449,0.023999,0.00049083,0.93428,31.4831,0.38727,0.041651,467.018,73.331,3.4849,6.0579e-05,Heun
0,28.2699,0.8,-1.0727,0.045833,0.02187,0.021414,0.00045605,0.93599,31.5676,0.34556,0.03706,467.018,65.3049,3.4683,2.2169e-05,Heun
0,16.7068,0.8,-1.0636,0.045833,0.019525,0.0191,0.00042515,0.93752,31.6433,0.30821,0.032976,467.018,58.152,3.4519,2.2577e-05,Heun
0,14.3565,0.8,-1.0545,0.045833,0.017427,0.017029,0.00039755,0.93888,31.711,0.2748,0.029342,467.018,51.7784,3.4356,1.7221e-05,Heun
0,12.212,0.8,-1.0455,0.045833,0.015556,0.015183,0.00037307,0.9401,31.7714,0.245,0.026108,467.018,46.0998,3.4194,2.3347e-05,Heun
0,9.3983,0.8,-1.0364,0.045833,0.013885,0.013533,0.00035109,0.94118,31.8253,0.21839,0.02323,467.018,41.0413,3.4034,1.7842e-05,Heun
0,6.7997,0.8,-1.0273,0.045833,0.012388,0.012057,0.0003317,0.94215,31.8736,0.19455,0.02067,467.018,36.536,3.3874,1.9846e-05,Heun
0,5.77,0.8,-1.0182,0.045833,0.011055,0.010741,0.0003144,0.94302,31.9166,0.17332,0.018392,467.018,32.5234,3.3716,2.4668e-05,Heun
0,4.8376,0.8,-1.0091,0.045833,0.0098679,0.0095686,0.00029927,0.94378,31.955,0.15441,0.016365,467.018,28.95,3.3558,2.5322e-05,Heun
0,4.1805,0.8,-1,0.045833,0.0088076,0.0085221,0.00028554,0.94447,31.9892,0.13752,0.014561,467.018,25.7683,3.3401,2.6283e-05,Heun
0,3.783,0.8,-0.99091,0.045833,0.0078642,0.0075902,0.00027391,0.94508,32.0196,0.12248,0.012957,467.018,22.9353,3.3245,8.8701e-05,Heun
0,3.6314,0.8,-0.98182,0.045833,0.0070225,0.0067593,0.00026312,0.94563,32.0468,0.10907,0.011529,467.018,20.4131,3.3089,8.8338e-05,Heun
0,3.5039,0.8,-0.97273,0.045833,0.0062722,0.0060186,0.00025362,0.94611,32.071,0.09712,0.010258,467.018,18.1678,3.2934,2.0728e-05,Heun
0,3.5077,0.8,-0.96364,0.045833,0.0056039,0.0053589,0.00024505,0.94654,32.0926,0.086475,0.0091275,467.018,16.169,3.278,2.6924e-05,Heun
0,3.2303,0.8,-0.95455,0.045833,0.0050088,0.0047715,0.00023732,0.94693,32.1118,0.076996,0.0081215,467.018,14.3897,3.2625,2.6515e-05,Heun
0,3.6701,0.8,-0.94545,0.045833,0.004479,0.0042479,0.0002311,0.94727,32.1289,0.068547,0.0072264,467.018,12.806,3.2471,3.0919e-05,Heun
0,7.5955,0.8,-0.93636,0.045833,0.0040069,0.0037817,0.00022513,0.94757,32.1441,0.061025,0.00643,467.018,11.3964,3.2318,2.3998e-05,Heun
0,3.6626,0.8,-0.92727,0.045833,0.0035863,0.0033665,0.00021982,0.94784,32.1577,0.054324,0.0057213,467.018,10.1418,3.2165,4.9432e-05,Heun
0,3.6174,0.8,-0.91818,0.045833,0.0032116,0.0029965,0.00021511,0.94809,32.1698,0.048353,0.0050908,467.018,9.0251,3.2012,4.9801e-05,Heun
0,3.2098,0.8,-0.90909,0.045833,0.002878,0.0026671,0.00021087,0.9483,32.1805,0.043039,0.0045297,467.018,8.0313,3.1859,2.989e-05,Heun
0,3.3913,0.8,-0.9,0.045833,0.0025361,0.0023289,0.00020717,0.9485,32.1916,0.037582,0.0040305,467.018,7.1472,3.1706,4.0779e-05,Heun
0,3.7215,0.8,-0.89091,0.045833,0.0023171,0.0021133,0.0002038,0.94866,32.1987,0.034101,0.0035863,467.018,6.3597,3.1554,2.4057e-05,Heun
0,3.7805,0.8,-0.88182,0.045833,0.0020819,0.0018808,0.0002011,0.94882,32.2062,0.030349,0.003191,467.018,5.6592,3.1402,1.6007e-05,Heun
0,3.6894,0.8,-0.87273,0.045833,0.0018724,0.0016741,0.00019829,0.94895,32.213,0.027014,0.0028394,467.018,5.0359,3.125,2.541e-05,Heun
0,3.953,0.8,-0.86364,0.045833,0.0016859,0.0014899,0.000196,0.94907,32.219,0.024043,0.0025264,467.018,4.4811,3.1098,2.4552e-05,Heun
0,3.7638,0.8,-0.85455,0.045833,0.0015198,0.0013259,0.00019389,0.94918,32.2244,0.021396,0.002248,467.018,3.9875,3.0946,2.4725e-05,Heun
0,4.1191,0.8,-0.84545,0.045833,0.001372,0.00118,0.00019193,0.94927,32.2292,0.019042,0.0020002,467.018,3.5482,3.0794,1.8708e-05,Heun
0,3.2234,0.8,-0.83636,0.045833,0.0012408,0.0010505,0.00019029,0.94936,32.2334,0.016952,0.0017798,467.018,3.1573,3.0642,2.4641e-05,Heun
0,3.6845,0.8,-0.82727,0.045833,0.0011233,0.00093441,0.00018888,0.94943,32.2372,0.015078,0.0015836,467.018,2.8094,3.0491,4.7975e-05,Heun
0,0.68735,0.8,-0.81818,0.045833,0,0,0,30.7377,32.2734,0,0,467.018,0.0773,2.8548,6.4439e-05,Heun
0,2.7195,0.8,-0.80909,0.045833,0.00092665,0.00074003,0.00018662,0.94956,32.2435,0.011942,0.0012538,467.018,2.2244,3.0188,1.857e-05,Heun
0,2.4782,0.8,-0.8,0.045833,0.00084392,0.00065853,0.00018539,0.94961,32.2462,0.010627,0.0011156,467.018,1.9793,3.0037,1.6804e-05,Heun
0,3.2973,0.8,-0.79091,0.045833,0.00077075,0.00058599,0.00018476,0.94966,32.2486,0.0094559,0.00099266,467.018,1.7612,2.9885,9.5942e-05,Heun
0,2.8854,0.8,-0.78182,0.045833,0.00070515,0.00052147,0.00018368,0.9497,32.2507,0.0084148,0.00088326,467.018,1.5671,2.9734,2.2021e-05,Heun
0,3.4524,0.8,-0.77273,0.045833,0.0006468,0.00046402,0.00018278,0.94974,32.2526,0.0074878,0.00078591,467.018,1.3944,2.9583,4.8992e-05,Heun
0,2.3897,0.8,-0.76364,0.045833,0.00059514,0.00041287,0.00018226,0.94977,32.2542,0.0066624,0.0006993,467.018,1.2408,2.9432,4.9529e-05,Heun
0,3.1212,0.8,-0.75455,0.045833,0.00054922,0.00036743,0.00018179,0.9498,32.2557,0.0059291,0.00062223,467.018,1.104,2.928,4.9857e-05,Heun
0,2.3251,0.8,-0.74545,0.045833,0.00050825,0.00032693,0.00018132,0.94983,32.257,0.0052756,0.00055365,467.018,0.98238,2.9129,3.8907e-05,Heun
0,2.2287,0.8,-0.73636,0.045833,0.00047169,0.00029092,0.00018077,0.94985,32.2582,0.0046945,0.00049263,467.018,0.87412,2.8978,5.6281e-05,Heun
0,2.7498,0.8,-0.72727,0.045833,0.00043908,0.00025885,0.00018023,0.94987,32.2593,0.004177,0.00043834,467.018,0.77779,2.8827,5.959e-05,Heun
0,2.4919,0.8,-0.71818,0.045833,0.00041037,0.00023032,0.00018005,0.94989,32.2602,0.0037166,0.00039003,467.018,0.69208,2.8676,4.1187e-05,Heun
0,2.0727,0.8,-0.70909,0.045833,0.00038471,0.00020494,0.00017976,0.94991,32.261,0.0033071,0.00034704,467.018,0.61581,2.8525,2.4927e-05,Heun
0,2.1132,0.8,-0.7,0.045833,0.00036187,0.00018237,0.0001795,0.94992,32.2618,0.0029428,0.00030879,467.018,0.54794,2.8374,2.0499e-05,Heun
0,2.2975,0.8,-0.69091,0.045833,0.00034153,0.00016227,0.00017926,0.94994,32.2624,0.0026185,0.00027476,467.018,0.48756,2.8223,7.7698e-05,Heun
0,3.0098,0.8,-0.68182,0.045833,0.00032334,0.00014439,0.00017895,0.94995,32.263,0.00233,0.00024448,467.018,0.43383,2.8072,3.5949e-05,Heun
0,2.5652,0.8,-0.67273,0.045833,0.00030731,0.00012848,0.00017883,0.94996,32.2635,0.0020732,0.00021754,467.018,0.38602,2.7921,3.1088e-05,Heun
0,1.9466,0.8,-0.66364,0.045833,0.0002928,0.00011432,0.00017848,0.94997,32.264,0.0018448,0.00019356,467.018,0.34347,2.777,6.4249e-05,Heun
0,2.6405,0.8,-0.65455,0.045833,0.00028026,0.00010172,0.00017854,0.94998,32.2644,0.0016415,0.00017223,467.018,0.30562,2.7619,6.3761e-05,Heun
0,2.782,0.8,-0.64545,0.045833,0.00026896,9.0705e-05,0.00017826,0.94998,32.2648,0.0014637,0.00015325,467.018,0.27194,2.7468,6.4126e-05,Heun
0,1.9732,0.8,-0.63636,0.045833,0.00025866,8.0535e-05,0.00017812,0.94999,32.2651,0.0012996,0.00013636,467.018,0.24197,2.7317,6.9472e-05,Heun
0,1.8503,0.8,-0.62727,0.045833,0.00024914,7.1659e-05,0.00017748,0.95,32.2654,0.0011563,0.00012133,467.018,0.2153,2.7166,6.3287e-05,Heun
0,2.3879,0.8,-0.61818,0.045833,0.00024154,6.3763e-05,0.00017777,0.95,32.2656,0.0010289,0.00010796,467.018,0.19157,2.7015,6.3192e-05,Heun
0,2.1442,0.8,-0.60909,0.045833,0.00023233,5.6736e-05,0.00017559,0.95001,32.2659,0.00091553,9.6059e-05,467.018,0.17046,2.6864,9.9152e-05,Heun
0,2.3692,0.8,-0.6,0.045833,0.00022805,5.0483e-05,0.00017757,0.95001,32.2661,0.00081464,8.5472e-05,467.018,0.15167,2.6713,6.3051e-05,Heun
0,2.3693,0.8,-0.59091,0.045833,0.00022227,4.492e-05,0.00017735,0.95001,32.2663,0.00072486,7.6052e-05,467.018,0.13496,2.6562,6.2998e-05,Heun
0,2.3567,0.8,-0.58182,0.045833,0.00021761,3.9969e-05,0.00017765,0.95002,32.2664,0.00064496,6.767e-05,467.018,0.12008,2.6411,9.2017e-05,Heun
0,2.4329,0.8,-0.57273,0.045833,0.00021311,3.5565e-05,0.00017754,0.95002,32.2666,0.0005739,6.0212e-05,467.018,0.10685,2.626,6.2918e-05,Heun
0,2.3957,0.8,-0.56364,0.045833,0.00020868,3.1645e-05,0.00017703,0.95002,32.2667,0.00051065,5.3576e-05,467.018,0.095074,2.6109,5.8787e-05,Heun
0,3.1465,0.8,-0.55455,0.045833,0.00020545,2.8157e-05,0.00017729,0.95002,32.2668,0.00045436,4.7672e-05,467.018,0.084596,2.5958,7.3753e-05,Heun
0,2.1746,0.8,-0.54545,0.045833,0.00020236,2.5055e-05,0.00017731,0.95003,32.2669,0.0004043,4.2418e-05,467.018,0.075272,2.5807,5.4368e-05,Heun
0,2.245,0.8,-0.53636,0.045833,0.00019889,2.2293e-05,0.0001766,0.95003,32.267,0.00035973,3.7743e-05,467.018,0.066976,2.5657,6.1351e-05,Heun
0,2.6209,0.8,-0.52727,0.045833,0.00019463,1.9837e-05,0.00017479,0.95003,32.2672,0.0003201,3.3583e-05,467.018,0.059595,2.5506,6.2806e-05,Heun
0,3.7728,0.8,-0.51818,0.045833,0.00019502,1.765e-05,0.00017737,0.95003,32.2671,0.00028481,2.9882e-05,467.018,0.053027,2.5355,6.2792e-05,Heun
0,4.7391,0.8,-0.50909,0.045833,0.00019302,1.5705e-05,0.00017731,0.95003,32.2672,0.00025342,2.6589e-05,467.018,0.047183,2.5204,6.2781e-05,Heun
0,1.8614,0.8,-0.5,0.045833,0.0001913,1.3977e-05,0.00017732,0.95003,32.2673,0.00022555,2.3658e-05,467.018,0.041983,2.5053,6.2771e-05,Heun
