Error,time,CO2share,E_appl,v,X_tot,X_het,X_hom,FE,CO2_out,CO_out,H2_out,delP,CD,Vcell
0,6.62034,0.265893,-0.599001,0.0178723,4.86344e-05,1.2781e-05,3.58534e-05,0.863654,10.7261,6.85483e-05,2.16421e-05,0.144071,0.0547544,2.61794
0,7.4091,0.23113,-0.89572,0.0090136,0.0012255,0.0011435,8.1967e-05,0.84559,9.3129,0.0053313,0.0019402,0.14407,2.1953,3.1047
0,29.8063,0.727754,-1.08085,0.0169478,0.0067861,0.00646015,0.000325951,0.941086,29.1597,0.0948315,0.0111252,0.144071,66.5908,3.4777
0,6.6395,0.982017,-0.665166,0.0140378,9.73108e-05,3.80626e-05,5.92482e-05,0.958954,39.6125,0.00075395,6.44587e-05,0.144071,0.426041,2.7896
0,33.426038,0.82695494,-1.3232887,0.014257459,0.14870324,0.10588355,0.042819694,0.85117389,28.399977,1.7661822,0.29774183,0.14407067,1614.4292,4.1845212
0,11.9107,0.217792,-0.637413,0.0172715,0.000981324,2.16522e-05,0.000959672,0.838279,8.77752,9.51196e-05,3.66802e-05,0.144071,0.0756107,2.67294
0,30.6027,0.522302,-1.09921,0.0126964,0.0112654,0.0108624,0.000403024,0.918417,20.8332,0.114438,0.0188017,0.144071,61.7209,3.49121
0,7.23767,0.386162,-0.794803,0.00899596,0.000399855,0.000313853,8.60023e-05,0.901726,15.5722,0.00244467,0.000531751,0.144071,0.941607,2.96008
0,6.01933,0.942539,-0.651416,0.0208916,6.09516e-05,2.14357e-05,3.95159e-05,0.957334,38.0214,0.000407533,3.63001e-05,0.144071,0.343305,2.76474
0,14.47687,0.4226005,-1.154267,0.01578142,0.01786393,0.01732585,0.0005380818,0.8983302,16.74391,0.1476896,0.03068013,0.1440707,102.8635,3.580505
0,10.3085,0.587715,-1.00193,0.0108957,0.00387262,0.00368258,0.000190038,0.930868,23.6176,0.043656,0.00627993,0.144071,19.7877,3.32734
0,35.224398,0.39072702,-1.3562938,0.0095763416,0.26548928,0.20629192,0.05919736,0.72388263,11.577819,1.6258514,0.67732843,0.14407067,1182.4829,4.1176505
0,8.06084,0.437286,-1.00674,0.0109394,0.00406141,0.0038987,0.000162704,0.909861,17.5692,0.0343883,0.00665347,0.144071,16.0198,3.32057
0,55.5705,0.8654799,-1.174412,0.01707855,0.02208372,0.02036489,0.001718826,0.9392886,34.14396,0.3555202,0.03672237,0.1440707,259.8566,3.678753
0,5.81694,0.857273,-0.612206,0.0209824,5.1514e-05,1.28984e-05,3.86156e-05,0.953298,34.5821,0.000223038,2.18418e-05,0.144071,0.189498,2.69496
0,7.33985,0.637826,-0.894804,0.0108381,0.00104322,0.000939866,0.000103353,0.937595,25.7042,0.0120919,0.00159459,0.144071,5.40042,3.1507
0,6.06297,0.593635,-0.707977,0.0196227,8.79306e-05,4.71886e-05,4.0742e-05,0.933918,23.9462,0.000565042,7.99171e-05,0.144071,0.458315,2.83617
0,7.21874,0.763597,-0.851885,0.0186769,0.000369366,0.000314559,5.48073e-05,0.947666,30.7935,0.00484497,0.000533181,0.144071,3.68826,3.08785
0,32.035992,0.76634501,-1.3211307,0.017679342,0.11666669,0.084135093,0.032531599,0.86997518,27.308894,1.3005489,0.23354872,0.14407067,1477.3321,4.1511812
0,20.3773,0.207583,-1.12425,0.0246326,0.128757,0.00673569,0.122021,0.807635,7.29604,0.0282033,0.0133668,0.144071,33.9037,3.48007
0,15.3008,0.231728,-1.10315,0.0190522,0.00775642,0.00761386,0.000142563,0.841961,9.27581,0.0355884,0.013179,0.144071,31.5299,3.45477
0,47.00997,0.7231288,-1.163566,0.01108618,0.02905087,0.02740863,0.001642232,0.9262222,28.32483,0.3997866,0.04921459,0.1440707,190.1801,3.638337
0,6.16378,0.418325,-0.800275,0.0187117,0.000204453,0.000161886,4.25662e-05,0.908698,16.8725,0.001366,0.00027426,0.144071,1.08611,2.97292
0,53.02613,0.9172276,-1.168124,0.01537405,0.02277194,0.02095098,0.001820955,0.9413088,36.15998,0.3876205,0.03762821,0.1440707,253.3,3.669878
0,38.872152,0.83553346,-1.3490816,0.016937141,0.16839371,0.11443328,0.05396043,0.8375578,28.030883,1.9285964,0.34908074,0.14407067,2255.409,4.3519616
0,54.317921,0.51863472,-1.3655421,0.014471701,0.19437426,0.13977465,0.054599603,0.79558842,16.855828,1.4622283,0.50474348,0.14407067,1763.9621,4.2603629
0,13.37691,0.7702671,-1.119743,0.01046302,0.01790314,0.01697366,0.0009294792,0.9366882,30.51763,0.2637195,0.02969994,0.1440707,115.4,3.554324
0,6.9071,0.2068,-0.83808,0.0092154,0.00058048,0.0005127,6.7779e-05,0.83095,8.3379,0.0021386,0.00090503,0.14407,0.95388,3.004
0,10.85791,0.6284444,-1.140939,0.02277608,0.01067453,0.01020071,0.0004738152,0.9305177,25.08195,0.1293072,0.01791326,0.1440707,125.351,3.581703
0,25.6623,0.407426,-1.12336,0.0182874,0.0105256,0.0102249,0.000300673,0.899961,16.2633,0.0840297,0.0178002,0.144071,67.05,3.52065
1,74.0677,0.707202,-1.27811,0.00903299,,,,,,,,,,
0,60.68522,0.9222674,-1.180691,0.01208018,0.03405863,0.03100973,0.0030489,0.934032,35.93873,0.5768728,0.05627732,0.1440707,298.1571,3.699533
0,14.5054,0.368091,-1.06498,0.0194179,0.00475134,0.00461476,0.000136579,0.894675,14.7789,0.0342633,0.00791991,0.144071,28.9559,3.41173
0,27.36348,0.3271185,-1.203519,0.01671234,0.03041162,0.02961874,0.0007928738,0.8672342,12.79522,0.1954325,0.05453999,0.1440707,153.2855,3.660044
0,7.4345,0.306374,-0.942798,0.00889932,0.00222882,0.00211659,0.000112226,0.878144,12.3321,0.0130802,0.0035973,0.144071,5.12441,3.19594
0,19.1344,0.553324,-1.03832,0.020808,0.00320276,0.00306969,0.000133067,0.927452,22.2506,0.0342609,0.00524766,0.144071,29.8596,3.38683
0,37.68153,0.2801132,-1.281293,0.02077917,0.06032875,0.05774158,0.002587168,0.8319406,10.61854,0.3262477,0.1191192,0.1440707,360.0971,3.821862
0,38.1296,0.2721176,-1.356672,0.009931232,0.2389037,0.2012062,0.03769752,0.7110619,8.355095,1.104392,0.6563051,0.1440707,872.9517,4.042329
0,5.61297,0.797718,-0.603534,0.0202122,5.17615e-05,1.19785e-05,3.9783e-05,0.949988,32.1797,0.000192742,2.0284e-05,0.144071,0.158295,2.67704
0,7.24003,0.441734,-0.921058,0.012304,0.0012469,0.00115919,8.77105e-05,0.91245,17.7981,0.0103285,0.00196794,0.144071,5.38344,3.17678
0,26.2439,0.985799,-1.02463,0.024248,0.0023671,0.00221295,0.000154154,0.957624,39.6748,0.0440032,0.00377701,0.144071,43.2495,3.39477
0,6.91775,0.657616,-0.854488,0.0199696,0.000353768,0.000304198,4.95701e-05,0.939785,26.52,0.0040351,0.000515626,0.144071,3.31197,3.08485
0,6.51926,0.430176,-0.716785,0.011656,0.000154095,8.89538e-05,6.51415e-05,0.911018,17.3514,0.000771855,0.000150656,0.144071,0.381221,2.83549
0,12.72096,0.6559364,-1.131261,0.01858095,0.01160189,0.01107612,0.000525772,0.9323733,26.15464,0.1465462,0.0193908,0.1440707,115.202,3.565715
0,37.61755,0.9690721,-1.130287,0.008929051,0.02421972,0.02256472,0.001654996,0.942601,38.14726,0.4410738,0.03984963,0.1440707,164.1354,3.592433
0,6.85841,0.325175,-0.818069,0.0219138,0.000208008,0.00017371,3.42973e-05,0.885565,13.1154,0.00113938,0.000294323,0.144071,1.08878,2.99084
0,6.38659,0.297345,-0.719231,0.0121851,0.000143698,8.78085e-05,5.58894e-05,0.876231,11.9937,0.000526651,0.000148713,0.144071,0.282715,2.82256
0,5.52432,0.842861,-0.597846,0.0112115,9.20616e-05,2.00731e-05,7.19885e-05,0.952512,33.9994,0.000341268,3.39917e-05,0.144071,0.155051,2.67029
0,7.78656,0.274497,-0.925475,0.0138582,0.00115298,0.0010892,6.37753e-05,0.866681,11.0609,0.00603074,0.00184923,0.144071,3.72793,3.162
0,6.2234,0.823741,-0.683639,0.0203207,7.39334e-05,3.33355e-05,4.05979e-05,0.951476,33.2287,0.000553889,5.64541e-05,0.144071,0.456653,2.81164
0,57.70397,0.8789055,-1.183417,0.02124874,0.01999747,0.01826525,0.001732218,0.9413179,34.74758,0.323812,0.03313465,0.1440707,296.2382,3.701555
0,116.4421,0.7639963,-1.271011,0.01137558,0.1058429,0.08542154,0.0204214,0.8773401,27.55879,1.316388,0.1906693,0.1440707,776.576,3.931942
0,7.0837,0.511866,-0.657617,0.0164403,7.62544e-05,2.94979e-05,4.67566e-05,0.924177,20.648,0.000304559,4.99526e-05,0.144071,0.209136,2.74544
0,7.07649,0.944357,-0.733477,0.0136161,0.000157815,9.43519e-05,6.34632e-05,0.957349,38.091,0.00179726,0.000159807,0.144071,0.98682,2.90117
0,61.065752,0.70104648,-1.298644,0.012719233,0.12493398,0.096688436,0.028245544,0.86006277,24.748153,1.3672455,0.24318798,0.14407067,1014.5022,4.019509
0,23.2486,0.374495,-1.14075,0.0141843,0.0167616,0.0163177,0.000443882,0.888672,14.8546,0.123263,0.0286932,0.144071,77.543,3.54755
0,7.02135,0.746116,-0.836107,0.00850468,0.000678562,0.000563973,0.00011459,0.94631,30.0792,0.00848769,0.000956109,0.144071,2.94602,3.06038
0,55.8749,0.603385,-1.216673,0.02311992,0.02703904,0.02514692,0.001892119,0.9174232,23.68346,0.3060585,0.04668141,0.1440707,317.5726,3.742527
0,16.0426,0.8904282,-1.134571,0.02260304,0.01012936,0.00948336,0.0006459982,0.9483831,35.55761,0.1703281,0.01663265,0.1440707,160.6624,3.594944
0,6.3812,0.21351,-0.71803,0.01465,0.00011197,7.1901e-05,4.0069e-05,0.83567,8.6125,0.00030966,0.00012179,0.14407,0.2096,2.806
0,34.6152,0.960665,-1.01673,0.0113063,0.00458543,0.0042878,0.000297624,0.955155,38.5772,0.0830868,0.00731844,0.144071,38.0921,3.37934
0,37.771397,0.88652971,-1.3326377,0.022456157,0.11125811,0.076603738,0.034654374,0.88012698,31.785139,1.3698355,0.21315678,0.14407067,1970.3833,4.2732284
0,6.58761,0.539793,-0.784032,0.0220636,0.000149102,0.000111451,3.7651e-05,0.927768,21.773,0.00121349,0.000188796,0.144071,1.11426,2.958
0,6.99456,0.590642,-0.742233,0.0185269,0.000121791,7.75979e-05,4.41926e-05,0.933584,23.8246,0.000924483,0.000131429,0.144071,0.708281,2.89284
0,5.79291,0.930003,-0.622567,0.012789,8.80757e-05,2.41736e-05,6.39021e-05,0.956767,37.5147,0.000453472,4.0936e-05,0.144071,0.233979,2.71617
0,6.83001,0.310972,-0.897285,0.0131925,0.000862281,0.000797218,6.50633e-05,0.88056,12.5343,0.00500061,0.00135244,0.144071,2.89485,3.12065
0,52.80363,0.4532807,-1.277266,0.02327441,0.05347014,0.04768255,0.005787593,0.8808072,17.30839,0.4359652,0.100987,0.1440707,526.4503,3.869652
0,28.7962,0.868971,-1.06715,0.00849301,0.0114488,0.0108079,0.000640907,0.946473,34.6545,0.18944,0.0186187,0.144071,65.9932,3.46342
0,23.979219,0.93661851,-1.3634344,0.009686499,0.078560446,0.059586471,0.018973975,2.333301,34.816471,1.1257334,0,0.14407067,1209.16,4.1311177
0,11.3969,0.342174,-1.15208,0.0216916,0.0126284,0.0123186,0.000309779,0.882847,13.6296,0.0850223,0.0217022,0.144071,82.8382,3.5633
0,6.96707,0.478906,-0.911174,0.0177039,0.000770486,0.000709901,6.05846e-05,0.918941,19.3051,0.00685763,0.00120463,0.144071,5.10676,3.16414
0,52.01196,0.7852948,-1.260128,0.02141173,0.05186859,0.04229672,0.009571873,0.9150608,30.03699,0.6699842,0.08808238,0.1440707,705.6424,3.902363
0,15.3684,0.46896,-1.04045,0.0130296,0.00522643,0.00503426,0.000192169,0.914539,18.8198,0.0476208,0.00861299,0.144071,26.3229,3.38179
0,7.03365,0.340815,-0.931354,0.0150007,0.00115189,0.00108499,6.69024e-05,0.889646,13.7333,0.00745883,0.0018424,0.144071,4.86283,3.18175
0,5.76197,0.556923,-0.576674,0.0225231,4.17647e-05,7.6131e-06,3.41516e-05,0.9299,22.4663,8.55228e-05,1.28915e-05,0.144071,0.0799587,2.61507
0,5.41359,0.709292,-0.586341,0.02266,4.35706e-05,8.56747e-06,3.50031e-05,0.944111,28.6129,0.000122575,1.45077e-05,0.144071,0.113562,2.64277
0,6.23713,0.535969,-0.697886,0.0121153,0.000132077,6.7138e-05,6.49391e-05,0.927302,21.6191,0.000725826,0.000113703,0.144071,0.366065,2.81451
0,47.05182,0.4334703,-1.202557,0.02085809,0.02437077,0.02346887,0.0009018959,0.8962155,17.0608,0.2051997,0.04316287,0.1440707,195.3481,3.679709
0,6.6173,0.253502,-0.775384,0.0237345,0.000120367,9.27199e-05,2.7647e-05,0.857894,10.2255,0.00047411,0.000157053,0.144071,0.506421,2.90871
0,6.87665,0.634555,-0.855997,0.0217112,0.000330565,0.00028527,4.52955e-05,0.937755,25.5906,0.00365132,0.000483542,0.144071,3.26548,3.08562
0,6.26542,0.441502,-0.722352,0.0216075,8.67859e-05,5.15434e-05,3.52425e-05,0.913143,17.8094,0.000459019,8.72938e-05,0.144071,0.419312,2.84596
0,5.82226,0.738914,-0.600226,0.0087128,0.000118213,2.66314e-05,9.15817e-05,0.946182,29.8056,0.000396929,4.50981e-05,0.144071,0.141084,2.66781
0,6.69815,0.57753,-0.788443,0.0163617,0.000210788,0.000159042,5.17456e-05,0.932123,23.2937,0.00185273,0.000269431,0.144071,1.25568,2.96857
0,53.976692,0.83927796,-1.3533124,0.022629886,0.11691954,0.079451837,0.037467702,0.87421909,29.899317,1.3450392,0.27585764,0.14407067,2433.5803,4.3946971
0,77.752633,0.814082,-1.3875317,0.014832027,0.26630891,0.17715129,0.089157629,0.76533359,24.095534,2.9089592,0.65321729,0.14407067,3476.8126,4.6498261
0,6.31277,0.370761,-0.585308,0.00912337,9.89746e-05,2.09987e-05,7.79758e-05,0.898258,14.9557,0.000157041,3.55585e-05,0.144071,0.061566,2.61027
0,6.31639,0.565576,-0.626045,0.0236538,4.64581e-05,1.36677e-05,3.27904e-05,0.930895,22.8153,0.000155923,2.31445e-05,0.144071,0.152936,2.69778
0,25.6387,0.366048,-1.10972,0.0125138,0.012918,0.0125784,0.00033958,0.889021,14.5763,0.0928729,0.0218323,0.144071,51.0575,3.4899
0,40.98587,0.2146253,-1.206769,0.0199407,0.0266557,0.02612472,0.0005309798,0.8203623,8.427575,0.1130987,0.047659,0.1440707,111.2806,3.638683
0,56.68074,0.9373386,-1.175822,0.02417738,0.01610629,0.01467871,0.001427582,0.9465803,37.20488,0.2775297,0.02641407,0.1440707,286.1042,3.690204
0,15.6804,0.6189084,-1.125114,0.02494264,0.007997359,0.0076587,0.000338659,0.9313483,24.76819,0.09561071,0.01334843,0.1440707,100.9234,3.549996
0,6.85105,0.363642,-0.755056,0.0192275,0.000126508,8.81556e-05,3.83525e-05,0.896456,14.6681,0.000646621,0.000149315,0.144071,0.535437,2.89125
0,5.33311,0.97516,-0.590004,0.0186276,5.46424e-05,1.09241e-05,4.37182e-05,0.958705,39.3375,0.000214876,1.84986e-05,0.144071,0.161159,2.66443
0,6.26552,0.548853,-0.672523,0.0165162,8.27942e-05,3.55578e-05,4.72365e-05,0.928917,22.1399,0.000393655,6.02161e-05,0.144071,0.270182,2.77352
0,5.5157,0.844791,-0.606602,0.0213043,4.97918e-05,1.18212e-05,3.79706e-05,0.952642,34.0787,0.000201436,2.00177e-05,0.144071,0.173889,2.68494
0,7.18681,0.308431,-0.837321,0.0233904,0.000240733,0.000208377,3.23554e-05,0.880084,12.4397,0.00129638,0.000353101,0.144071,1.33064,3.02044
0,12.5623,0.870604,-0.993602,0.0184587,0.00209126,0.00195582,0.00013544,0.952654,35.0483,0.0343458,0.00333077,0.144071,25.7818,3.33377
0,7.37883,0.793441,-0.761992,0.0131271,0.000207338,0.000141142,6.61962e-05,0.949632,32.0022,0.0022589,0.000239083,0.144071,1.20553,2.94002
0,7.14656,0.786052,-0.738917,0.0191115,0.000116712,7.20878e-05,4.4624e-05,0.949242,31.707,0.00114298,0.000122096,0.144071,0.88841,2.9012
0,6.64155,0.774856,-0.652092,0.0216745,5.8245e-05,2.08415e-05,3.74035e-05,0.948585,31.2573,0.000325744,3.52937e-05,0.144071,0.287315,2.75625
0,161.1274,0.988183,-1.270071,0.01297046,0.09563197,0.07289569,0.02273628,0.8951885,36.0527,1.452996,0.1652167,0.1440707,983.7162,3.983374
0,6.49706,0.410692,-0.71489,0.0202907,8.68709e-05,4.98729e-05,3.6998e-05,0.907235,16.5666,0.000413149,8.44633e-05,0.144071,0.356711,2.83018
0,14.4739,0.949653,-0.978972,0.0237488,0.00135936,0.0012614,9.79566e-05,0.956794,38.2586,0.0241626,0.00214531,0.144071,23.2209,3.31327
0,42.37887,0.2580196,-1.30408,0.01973305,0.08075566,0.07618332,0.004572336,0.809791,9.568387,0.396495,0.1680873,0.1440707,446.7166,3.872545
0,51.98563,0.5508215,-1.267413,0.009489519,0.1163216,0.1024675,0.01385415,0.8523672,19.63633,1.138471,0.2182423,0.1440707,543.8185,3.86484
0,34.2391,0.823573,-1.05031,0.0139533,0.0056368,0.00532895,0.000307855,0.947853,33.0371,0.0885255,0.00912884,0.144071,50.6046,3.42995
0,32.92472,0.2790816,-1.224603,0.01540075,0.04210422,0.04111318,0.0009910348,0.8431397,10.78461,0.2314395,0.07759339,0.1440707,174.2244,3.691773
0,34.4051,0.902106,-1.0377,0.0175799,0.00383445,0.00360564,0.000228808,0.953052,36.253,0.0656092,0.00616212,0.144071,46.969,3.41281
0,35.509328,0.70965943,-1.3690442,0.01020453,0.32626685,0.21925141,0.10701544,0.71341824,19.288261,3.1384668,0.74874452,0.14407067,2354.5767,4.393392
0,34.7742,0.478081,-1.107,0.0246567,0.00639664,0.00618496,0.000211682,0.91523,19.1633,0.0596435,0.0107009,0.144071,62.9694,3.50028
0,6.70131,0.555391,-0.870878,0.00867635,0.000977319,0.00086378,0.00011354,0.929122,22.3836,0.00967669,0.00146487,0.144071,3.49003,3.10397
0,5.548,0.21407,-0.67018,0.012547,9.1848e-05,4.5428e-05,4.642e-05,0.83604,8.6354,0.00019616,7.6915e-05,0.14407,0.11361,2.7266
0,7.01018,0.957268,-0.872282,0.0105538,0.000834546,0.000723049,0.000111498,0.957459,38.5857,0.0139613,0.00122619,0.144071,5.94443,3.13321
0,6.73814,0.652265,-0.899971,0.0211975,0.000568033,0.00051359,5.44425e-05,0.939185,26.2986,0.00675719,0.000871243,0.144071,5.89445,3.16046
1,46.9027,0.519064,-1.36372,0.015074,,,,,,,,,,
0,43.817408,0.9013885,-1.2963868,0.011608405,0.13717109,0.10131014,0.03586095,0.86275218,31.375587,1.8420021,0.25884435,0.14407067,1245.5305,4.0726555
0,6.78862,0.344499,-0.752419,0.018102,0.000130569,9.05195e-05,4.00495e-05,0.891329,13.8959,0.000629007,0.000153317,0.144071,0.493178,2.88438
0,6.64136,0.34265,-0.738069,0.0124572,0.000167065,0.000109398,5.76674e-05,0.890784,13.8208,0.00075611,0.000185288,0.144071,0.408191,2.8603
0,51.81594,0.9258512,-1.208913,0.02111695,0.02845885,0.024888,0.003570849,0.9378475,36.28754,0.4647895,0.04626045,0.1440707,430.8278,3.772431
0,6.90258,0.310793,-0.85138,0.0182968,0.000361416,0.000319033,4.23834e-05,0.88081,12.5334,0.002,0.000540739,0.144071,1.60467,3.04418
0,5.43533,0.732131,-0.535577,0.0153035,5.83815e-05,6.60904e-06,5.17724e-05,0.945749,29.5338,9.76006e-05,1.11913e-05,0.144071,0.060961,2.56003
0,51.49087,0.6746254,-1.215989,0.02230747,0.02805069,0.02571028,0.002340415,0.923137,26.45218,0.3498603,0.04795873,0.1440707,349.4224,3.752939
0,6.44713,0.357334,-0.737347,0.0204134,0.000101762,6.6145e-05,3.56168e-05,0.894837,14.414,0.000476756,0.000112027,0.144071,0.41987,2.86103
0,5.33958,0.773873,-0.522849,0.0164642,5.35335e-05,5.21663e-06,4.83169e-05,0.948526,31.2177,8.143e-05,8.83347e-06,0.144071,0.0545585,2.5416
0,33.2145,0.411189,-1.09767,0.00856885,0.0162259,0.015751,0.000474945,0.897111,16.319,0.13064,0.0273106,0.144071,48.5219,3.47474
0,77.222583,0.38174938,-1.3630092,0.021385659,0.1346162,0.10156718,0.033049024,0.81266637,13.327303,0.7820903,0.33062665,0.14407067,1321.6845,4.1571151
0,49.48985,0.7068246,-1.178316,0.02364436,0.01648519,0.01547963,0.001005562,0.9332508,28.0445,0.2206975,0.0278889,0.1440707,225.8632,3.668852
0,5.66852,0.583627,-0.577427,0.0231758,4.10362e-05,7.47063e-06,3.35656e-05,0.932892,23.5436,8.79462e-05,1.26502e-05,0.144071,0.084336,2.61857
0,14.60921,0.4558863,-1.170413,0.01645466,0.02091841,0.02020998,0.0007084311,0.9023705,18.00655,0.1858435,0.03620608,0.1440707,135.5044,3.61715
0,6.14867,0.318395,-0.512553,0.00977558,7.72105e-05,7.69765e-06,6.95128e-05,0.883496,12.8436,4.94367e-05,1.30345e-05,0.144071,0.0211133,2.48252
0,7.33893,0.426659,-0.845075,0.0139661,0.000446669,0.000385449,6.12197e-05,0.910166,17.2045,0.00331722,0.000653304,0.144071,1.96585,3.04837
0,14.5969,0.298272,-1.05782,0.0121499,0.00690261,0.00672815,0.000174462,0.872381,11.9498,0.0404793,0.0115453,0.144071,21.9013,3.38885
0,7.29628,0.421848,-0.890255,0.0196033,0.000538795,0.000490318,4.84761e-05,0.909179,17.0089,0.00417214,0.000831569,0.144071,3.4761,3.12314
0,12.05743,0.625206,-1.138217,0.02329661,0.01008623,0.009643976,0.0004422537,0.9305957,24.96753,0.1216198,0.01691121,0.1440707,120.4813,3.575999
0,7.09478,0.54197,-0.648363,0.0150365,8.01095e-05,2.86371e-05,5.14724e-05,0.928081,21.8623,0.000313061,4.84949e-05,0.144071,0.19579,2.7328
0,7.06575,0.941866,-0.755895,0.0134993,0.000192429,0.000126916,6.55131e-05,0.957219,37.9892,0.00241118,0.000214979,0.144071,1.31278,2.93832
0,48.77163,0.2988332,-1.287681,0.02446044,0.05561392,0.05245992,0.003153997,0.8419706,11.38501,0.3162144,0.1098451,0.1440707,414.1133,3.845921
0,6.98967,0.442968,-0.800804,0.016589,0.000232614,0.000183843,4.87704e-05,0.913313,17.866,0.00164265,0.000311465,0.144071,1.15206,2.97649
0,7.17306,0.645493,-0.845776,0.0115246,0.00055479,0.000471294,8.3496e-05,0.938598,26.0259,0.00613633,0.000798864,0.144071,2.90981,3.06941
0,6.85667,0.569385,-0.744715,0.0149027,0.000153985,9.95915e-05,5.43936e-05,0.931257,22.9665,0.00114381,0.000168684,0.144071,0.706647,2.8952
0,33.590433,0.52818496,-1.3423392,0.014159178,0.17759259,0.13177496,0.04581763,0.80719732,17.523797,1.4039256,0.38292706,0.14407067,1341.6521,4.1410929
0,7.69087,0.485214,-0.972978,0.0125993,0.00231824,0.00220017,0.000118066,0.91892,19.529,0.0215335,0.00374412,0.144071,11.4271,3.26855
0,7.11699,0.798823,-0.912692,0.0245679,0.000575754,0.000521662,5.40922e-05,0.949714,32.2074,0.00840553,0.000885157,0.144071,8.40599,3.1919
0,5.94707,0.803956,-0.686275,0.00926531,0.000164544,7.56256e-05,8.89188e-05,0.950284,32.4277,0.00122638,0.000128079,0.144071,0.461569,2.81483
0,7.3105,0.478715,-0.936687,0.0114839,0.0016217,0.0015172,0.000104495,0.91837,19.2809,0.0146503,0.00257727,0.144071,7.08262,3.20684
0,5.4559,0.891799,-0.524008,0.013808,6.46211e-05,6.3134e-06,5.83077e-05,0.955015,35.9745,0.000113568,1.06907e-05,0.144071,0.0633809,2.55046
0,5.59395,0.633288,-0.59112,0.0241134,4.11641e-05,8.56079e-06,3.26033e-05,0.937825,25.5469,0.000109355,1.44964e-05,0.144071,0.108536,2.64522
0,33.070798,0.60739241,-1.3402985,0.023824423,0.10522105,0.0760203,0.029200747,0.86566753,21.925034,0.93137399,0.22169079,0.14407067,1524.7426,4.1811784
0,26.8583,0.546124,-1.06197,0.0230395,0.00389729,0.00374557,0.000151719,0.926145,21.9458,0.0412605,0.00642214,0.144071,39.9634,3.42742
0,11.5044,0.405289,-1.05092,0.0143062,0.00541087,0.00523726,0.000173614,0.902753,16.2616,0.0428148,0.00897301,0.144071,26.357,3.39233
0,6.59892,0.559989,-0.76126,0.0217306,0.000122145,8.44683e-05,3.76765e-05,0.930206,22.5882,0.000954111,0.000143074,0.144071,0.860546,2.9219
0,6.75627,0.361521,-0.811879,0.0156062,0.000274829,0.000225276,4.95534e-05,0.895819,14.5804,0.00164276,0.000381691,0.144071,1.10508,2.98541
0,6.76251,0.795629,-0.842406,0.0242612,0.000255972,0.000214429,4.15423e-05,0.949731,32.0889,0.00344128,0.000363404,0.144071,3.39543,3.07406
0,6.85428,0.293584,-0.793804,0.0130558,0.000267634,0.000213515,5.41198e-05,0.874768,11.8406,0.0012644,0.000361722,0.144071,0.728612,2.94586
0,5.81028,0.556254,-0.6083,0.0220252,4.68825e-05,1.16866e-05,3.5196e-05,0.929818,22.4392,0.000131125,1.97895e-05,0.144071,0.119895,2.66752
0,34.287516,0.9275007,-1.311141,0.017880384,0.10532058,0.075026584,0.030293996,0.88617305,33.476254,1.4036363,0.20311393,0.14407067,1563.7676,4.1608975
0,5.56631,0.680707,-0.599727,0.0244975,4.17078e-05,9.41156e-06,3.22962e-05,0.941903,27.4598,0.000129225,1.59371e-05,0.144071,0.129736,2.663
0,6.88591,0.281677,-0.865597,0.0193853,0.000400794,0.000361389,3.9405e-05,0.870085,11.3588,0.0020533,0.000612636,0.144071,1.76719,3.06339
0,12.52296,0.6316127,-1.147945,0.01539327,0.01717581,0.01639695,0.0007788612,0.9266003,25.04274,0.2089003,0.02900055,0.1440707,137.5194,3.595832
0,6.4431,0.391582,-0.786644,0.0228733,0.000144874,0.000111172,3.37022e-05,0.903112,15.7948,0.000878098,0.000188325,0.144071,0.85871,2.94717
0,13.3688,0.274113,-1.0753,0.0222892,0.00468847,0.00458309,0.000105374,0.864345,11.0064,0.0253404,0.00787751,0.144071,25.4846,3.41482
0,20.09644,0.3491029,-1.188182,0.01991142,0.02132878,0.02075975,0.000569028,0.8792955,13.78305,0.1461843,0.03759176,0.1440707,133.7342,3.6339
0,37.7194,0.976466,-1.03674,0.0180067,0.00371335,0.00347747,0.000235876,0.956372,39.2461,0.068493,0.0059421,0.144071,50.0475,3.4157
0,7.18741,0.466754,-0.92672,0.0248991,0.000661644,0.000616141,4.55034e-05,0.917086,18.8172,0.00580087,0.00104583,0.144071,6.09013,3.18892
0,41.44399,0.2202382,-1.353012,0.01318009,0.1777272,0.1576021,0.02012508,0.7289533,7.305731,0.7001319,0.4718177,0.1440707,710.3854,3.996513
0,7.11353,0.992022,-0.849401,0.021103,0.000321405,0.000269666,5.17387e-05,0.959204,40.0071,0.00539601,0.000457068,0.144071,4.58551,3.09673
0,7.45625,0.512709,-0.962056,0.0210365,0.00121449,0.00114651,6.79808e-05,0.923566,20.6585,0.011857,0.00194891,0.144071,10.4528,3.25286
0,7.05815,0.654444,-0.887427,0.0244563,0.000423954,0.000379028,4.49261e-05,0.939466,26.3902,0.00500344,0.000642777,0.144071,5.03326,3.13963
0,46.2763,0.3227184,-1.293361,0.01640222,0.08710288,0.08078864,0.00631424,0.8296113,11.88504,0.5258952,0.1762089,0.1440707,471.9478,3.869548
0,6.69949,0.588961,-0.735032,0.0246372,8.60816e-05,5.31997e-05,3.28819e-05,0.93343,23.7577,0.000632006,9.01022e-05,0.144071,0.644001,2.88073
0,44.4258,0.5207737,-1.228483,0.01279356,0.05471106,0.05136785,0.003343215,0.8899436,19.85952,0.5395921,0.09817916,0.1440707,319.4879,3.755018
0,20.1854,0.855131,-1.09178,0.0207005,0.00642706,0.00606977,0.000357291,0.949039,34.2758,0.104696,0.0104818,0.144071,89.3216,3.50813
0,42.144784,0.74216818,-1.3077264,0.014613714,0.12065512,0.090298778,0.03035634,0.86577609,26.327931,1.3517905,0.23785241,0.14407067,1204.8047,4.0743786
0,6.7337,0.35213,-0.823571,0.0136557,0.000356086,0.00029914,5.69469e-05,0.89329,14.2005,0.00212472,0.000506901,0.144071,1.25425,3.00364
0,39.8786,0.818798,-1.05855,0.0110135,0.00791339,0.00748742,0.000425963,0.946103,32.7704,0.123662,0.0128564,0.144071,55.9018,3.44433
0,5.38871,0.545057,-0.595009,0.0158248,6.22811e-05,1.37128e-05,4.85683e-05,0.928471,21.9872,0.000150763,2.32207e-05,0.144071,0.0991869,2.64448
0,7.87913,0.37509,-1.02577,0.0116409,0.00483076,0.00466947,0.000161286,0.896339,15.0587,0.0353288,0.00798404,0.144071,17.7976,3.34535
1,102.2343,0.5894948,-1.348683,0.00861897,,,,,,,,,,
0,9.23344,0.49003,-1.01447,0.0116811,0.00420502,0.00403031,0.000174707,0.918437,19.6856,0.039837,0.00688086,0.144071,19.6364,3.33945
0,7.00174,0.303912,-0.934567,0.0205329,0.00087298,0.000826106,4.68738e-05,0.878127,12.2496,0.00506417,0.00140271,0.144071,4.57953,3.18183
0,37.54358,0.7891519,-1.230367,0.01295338,0.05914413,0.05154296,0.007601179,0.9102684,29.9529,0.8204556,0.09934348,0.1440707,482.6464,3.809784
0,42.67317,0.2923319,-1.345693,0.02433862,0.09523313,0.0797789,0.01545423,0.8145519,10.67009,0.4704239,0.2325761,0.1440707,845.1769,4.024294
0,6.84139,0.533222,-0.78939,0.00870319,0.000398374,0.000302622,9.57527e-05,0.926785,21.5026,0.00325487,0.000512715,0.144071,1.18006,2.96631
0,6.23141,0.288333,-0.567558,0.00941999,8.61605e-05,1.61915e-05,6.9969e-05,0.872892,11.6309,9.4169e-05,2.74176e-05,0.144071,0.0392256,2.56936
0,6.62528,0.327297,-0.624176,0.00981617,0.000102437,3.21528e-05,7.02842e-05,0.886288,13.2024,0.000212269,5.44473e-05,0.144071,0.0907473,2.66908
0,6.0329,0.309265,-0.55032,0.0118943,6.69635e-05,1.02764e-05,5.66871e-05,0.880476,12.4755,6.41059e-05,1.74011e-05,0.144071,0.0334267,2.5439
0,12.0833,0.733372,-1.00049,0.0149637,0.00279201,0.00263371,0.000158305,0.944068,29.5029,0.0389598,0.00448887,0.144071,23.9262,3.33646
0,7.20175,0.84701,-0.927055,0.0244236,0.000691338,0.00063076,6.05782e-05,0.952344,34.1463,0.0107765,0.00107079,0.144071,10.6881,3.21905
0,6.13916,0.260042,-0.537647,0.00957021,7.6957e-05,1.08535e-05,6.61036e-05,0.860996,10.4897,5.69293e-05,1.83782e-05,0.144071,0.0244245,2.5151
0,14.31587,0.9311475,-1.116809,0.01437202,0.0127299,0.01192896,0.0008009365,0.9485577,37.08597,0.2240507,0.02082216,0.1440707,133.3604,3.56231
0,5.8724,0.9925,-0.638801,0.0214585,5.61595e-05,1.77478e-05,3.84117e-05,0.959396,40.037,0.000355304,3.00543e-05,0.144071,0.306765,2.74633
1,240.0974,0.9898225,-1.257584,0.02421862,,,,,,,,,,
0,6.54085,0.721826,-0.726872,0.0187344,0.000107588,6.29995e-05,4.45887e-05,0.944986,29.1166,0.000917264,0.0001067,0.144071,0.702031,2.87702
0,13.402,0.847899,-0.984901,0.0185123,0.00186828,0.00174533,0.00012294,0.951627,34.1418,0.0298502,0.00296993,0.144071,22.4835,3.3174
0,49.29017,0.4985855,-1.197381,0.01406764,0.03404211,0.03258364,0.001458473,0.9004761,19.42912,0.3276909,0.05988132,0.1440707,207.1719,3.679849
0,6.65565,0.253014,-0.74572,0.00836649,0.000298158,0.000179686,0.000118472,0.85757,10.204,0.000917028,0.000304371,0.144071,0.34537,2.85935
0,12.7965,0.504523,-1.02709,0.0187193,0.00308185,0.00295725,0.000124601,0.921242,20.2906,0.030095,0.00505002,0.144071,23.7323,3.36261
0,6.6945,0.974437,-0.878924,0.0207748,0.000458733,0.000400077,5.86558e-05,0.958412,39.2925,0.00786362,0.000678395,0.144071,6.58588,3.14524
2,43.782345,0.96768662,-1.3496359,0.01134967,0.96474011,-0.007877646,0.97261776,0.077909751,1.376483,-0.1537646,0,0.14407067,1199.153,4.114949
0,7.0715,0.512867,-0.951987,0.020097,0.00112196,0.00105496,6.69915e-05,0.923647,20.6668,0.0109136,0.00179253,0.144071,9.18759,3.23592
0,25.2278,0.488603,-1.10715,0.0183961,0.00858417,0.00829497,0.000289203,0.915429,19.5419,0.0817516,0.0143699,0.144071,64.3222,3.50178
0,34.14981,0.54976857,-1.3382424,0.021519012,0.11064631,0.081876729,0.028769581,0.85602917,19.724663,0.90795759,0.23904393,0.14407067,1351.0095,4.1391702
0,6.9369,0.24106,-0.8808,0.015212,0.00060772,0.00055971,4.8019e-05,0.85135,9.7187,0.0027215,0.00094911,0.14407,1.8786,3.0818
0,23.8992,0.814425,-1.08383,0.0186378,0.00644015,0.00609905,0.000341105,0.946814,32.6438,0.100193,0.0105123,0.144071,76.9952,3.49016
0,9.679773,0.9513441,-1.360694,0.01134137,0.3795814,0.001240292,0.3783411,2.417392,23.811,0.02380053,0,0.1440707,770.5736,4.020061
0,5.57711,0.802897,-0.627701,0.0126837,8.97858e-05,2.6036e-05,6.37498e-05,0.95027,32.3874,0.000421657,4.40901e-05,0.144071,0.217246,2.71748
0,46.12072,0.6069961,-1.244349,0.02324371,0.03803262,0.03402748,0.004005144,0.9105581,23.55599,0.4166207,0.06625412,0.1440707,454.0978,3.815089
0,41.321245,0.59710437,-1.3887201,0.024280584,0.14138564,0.14138418,1.4588642e-06,0.84057689,20.682525,1.7028494,0.40516141,0.14407067,2758.9934,4.4997434
0,9.94847,0.386832,-0.659318,0.0110536,0.000110784,4.48423e-05,6.5942e-05,0.902061,15.6038,0.000349893,7.59373e-05,0.144071,0.165497,2.73511
0,6.98587,0.277975,-0.938752,0.0190813,0.000986858,0.000937865,4.89928e-05,0.868224,11.2029,0.00525861,0.00159278,0.144071,4.46994,3.18475
0,6.61458,0.98913,-0.890801,0.00950526,0.00115418,0.00101795,0.00013623,0.958548,39.8572,0.0203098,0.00172706,0.144071,7.7804,3.16592
0,11.8949,0.686657,-1.10822,0.00852512,0.018882,0.0180218,0.000860196,0.930168,27.1779,0.249611,0.0314352,0.144071,89.2501,3.52452
0,6.81413,0.817578,-0.777059,0.0126634,0.000247767,0.00017754,7.02264e-05,0.951016,32.9744,0.00292786,0.000300761,0.144071,1.50521,2.96655
0,11.4113,0.375355,-1.03547,0.0145058,0.00438451,0.00424341,0.000141101,0.896684,15.0761,0.0321279,0.0072574,0.144071,20.1748,3.36195
0,34.630938,0.40621814,-1.3467675,0.019088498,0.1272961,0.098691307,0.028604788,0.82332209,14.301494,0.80865519,0.30066653,0.14407067,1136.3335,4.0971172
0,23.2413,0.380385,-1.06417,0.00966019,0.00944252,0.00916414,0.000278378,0.894691,15.2005,0.0703138,0.015754,0.144071,29.4713,3.41192
0,4.84987,0.600382,-0.578252,0.0144423,6.59802e-05,1.21158e-05,5.38644e-05,0.934625,24.2189,0.000146725,2.05163e-05,0.144071,0.0875164,2.62129
0,8.23289,0.525018,-1.00788,0.0153324,0.00295682,0.00282463,0.000132184,0.924095,21.1176,0.0299131,0.00481687,0.144071,19.2371,3.33173
0,6.00946,0.966429,-0.861726,0.0162604,0.000479546,0.000409915,6.96312e-05,0.958071,38.9688,0.00799078,0.000694938,0.144071,5.23884,3.11603
0,5.63327,0.311857,-0.712365,0.017145,9.76583e-05,5.71402e-05,4.05182e-05,0.881332,12.5796,0.000359437,9.67694e-05,0.144071,0.269924,2.81331
0,4.68307,0.944569,-0.613497,0.0213348,5.11543e-05,1.28974e-05,3.82568e-05,0.957428,38.1037,0.000245733,2.18403e-05,0.144071,0.21137,2.70187
0,6.03856,0.592167,-0.887951,0.0174246,0.000596563,0.000535521,6.10416e-05,0.933439,23.8748,0.00639655,0.00090826,0.144071,4.61387,3.1356
0,6.25715,0.355241,-0.91905,0.0117597,0.00126496,0.001182,8.29584e-05,0.893555,14.3129,0.00846965,0.00200659,0.144071,4.30826,3.16312
0,6.27385,0.685927,-0.892151,0.0119695,0.000917669,0.000822608,9.50611e-05,0.941754,27.6461,0.0113814,0.00139549,0.144071,5.58906,3.14984
0,20.0624,0.87799,-0.996718,0.00946359,0.00424074,0.00396739,0.000273355,0.951625,35.2695,0.0702618,0.00676192,0.144071,27.0332,3.33957
0,31.24168,0.2764786,-1.283842,0.01187177,0.1059693,0.1016882,0.004281148,0.8013634,9.971697,0.5670967,0.2154345,0.1440707,362.7503,3.825304
0,31.4014,0.312883,-1.16137,0.0147461,0.0207563,0.0202848,0.000471509,0.868791,12.3603,0.12802,0.035969,0.144071,86.0111,3.57514
0,6.47488,0.656318,-0.92756,0.0208497,0.000807003,0.000743693,6.33097e-05,0.939381,26.4557,0.0098454,0.0012625,0.144071,8.4498,3.20705
0,4.66832,0.95326,-0.617206,0.0101016,0.000109484,2.85679e-05,8.09161e-05,0.957762,38.452,0.000549307,4.83779e-05,0.144071,0.223633,2.70848
0,4.56158,0.737114,-0.518752,0.012638,6.91249e-05,6.44754e-06,6.26774e-05,0.946089,29.7344,9.58637e-05,1.09179e-05,0.144071,0.049429,2.53243
0,4.56343,0.767785,-0.619344,0.00897116,0.000122662,3.30633e-05,8.95987e-05,0.948095,30.97,0.000512048,5.59907e-05,0.144071,0.187022,2.70142
0,51.60026,0.5224738,-1.292276,0.01485258,0.09845575,0.08249679,0.01595895,0.8611214,19.00232,0.8694142,0.1918999,0.1440707,716.8963,3.937509
0,30.694585,0.57782859,-1.3437454,0.013906519,0.17941222,0.13081141,0.048600804,0.81142244,19.128426,1.5246489,0.39699042,0.14407067,1483.4333,4.1751925
0,4.76444,0.894879,-0.625473,0.0163038,6.97076e-05,1.96835e-05,5.00241e-05,0.95516,36.0985,0.000355298,3.33322e-05,0.144071,0.234101,2.7191
0,4.9287,0.452197,-0.561716,0.0203494,4.34263e-05,6.95343e-06,3.64729e-05,0.915049,18.2416,6.34237e-05,1.17744e-05,0.144071,0.0544434,2.58036
0,30.369331,0.90418354,-1.3332409,0.0086882283,0.27459227,0.19074474,0.08384753,0.7631325,26.46025,3.478839,0.55522431,0.14407067,1906.4746,4.2597274
0,6.6535,0.22064,-0.9292,0.015718,0.0010578,0.0010074,5.0462e-05,0.83956,8.8917,0.0044835,0.0017104,0.14407,3.2452,3.1585
0,14.53271,0.7792857,-1.109816,0.01854641,0.008958415,0.008493659,0.0004647559,0.9430839,31.15615,0.1335109,0.01474939,0.1440707,103.0065,3.536153
0,6.89244,0.405811,-0.955079,0.00917911,0.00253408,0.00240139,0.000132686,0.90468,16.3296,0.0196568,0.00408362,0.144071,7.71197,3.22973
0,6.06045,0.372349,-0.576261,0.0206283,4.27746e-05,8.26847e-06,3.45061e-05,0.898683,15.0206,6.21013e-05,1.40011e-05,0.144071,0.055023,2.59545
0,41.22918,0.2301061,-1.213212,0.009237777,0.0629586,0.06187429,0.001084307,0.808058,8.698453,0.2871861,0.1117524,0.1440707,126.6664,3.654767
0,4.93325,0.483375,-0.53874,0.0229809,3.72288e-05,4.58371e-06,3.26451e-05,0.920093,19.4995,4.46917e-05,7.76161e-06,0.144071,0.0430872,2.54536
0,37.53988,0.407646,-1.209817,0.01586251,0.03476819,0.03353547,0.001232715,0.8845363,15.8734,0.2757483,0.06230412,0.1440707,202.153,3.690051
0,21.42438,0.3102325,-1.196282,0.0225003,0.02073178,0.02023349,0.0004982862,0.867935,12.25587,0.1266145,0.03691411,0.1440707,133.6826,3.64197
0,4.9494,0.440521,-0.550782,0.0167282,5.1465e-05,7.35035e-06,4.41147e-05,0.912989,17.7705,6.5313e-05,1.24465e-05,0.144071,0.046192,2.56098
0,49.64786,0.7305628,-1.266574,0.01435907,0.0809192,0.06643062,0.01448858,0.8921428,27.08734,0.9789286,0.1426842,0.1440707,709.0414,3.909716
0,41.41072,0.8211477,-1.233656,0.02265209,0.03564898,0.03052062,0.005128362,0.9279057,31.94564,0.5055216,0.05926029,0.1440707,526.7652,3.826135
0,42.68204,0.9479736,-1.201572,0.02046382,0.02679963,0.02361595,0.003183679,0.9399095,37.21805,0.4515719,0.04344138,0.1440707,401.2319,3.755686
0,6.26248,0.753309,-0.801487,0.02421,0.000164669,0.000127083,3.75863e-05,0.947124,30.3848,0.00193102,0.0002153,0.144071,1.90601,3.00319
0,36.77035,0.8831856,-1.199875,0.01836854,0.02875836,0.0257585,0.002999861,0.935695,34.60465,0.4588785,0.04735361,0.1440707,366.6614,3.742648
0,4.79943,0.880938,-0.603994,0.0197134,5.34842e-05,1.23544e-05,4.11298e-05,0.954494,35.5367,0.00021953,2.09206e-05,0.144071,0.175016,2.68266
0,44.40007,0.807973,-1.165003,0.0166593,0.01996619,0.01864449,0.001321699,0.9375926,31.94428,0.3038593,0.03336087,0.1440707,215.8293,3.651256
0,53.184109,0.90780104,-1.2903895,0.0084686146,0.17218346,0.12933648,0.042846981,0.83860798,30.316562,2.3683009,0.32850581,0.14407067,1146.3407,4.043133
0,28.5927,0.604531,-1.09814,0.0100216,0.0141181,0.0135457,0.000572363,0.925991,24.0436,0.165176,0.023493,0.144071,69.6795,3.49792
0,6.75539,0.350129,-0.662474,0.00913127,0.000134351,5.65269e-05,7.78241e-05,0.892886,14.1229,0.000399217,9.57266e-05,0.144071,0.157591,2.73575
0,6.1981,0.23974,-0.82044,0.014274,0.00032141,0.0002749,4.6508e-05,0.85084,9.6686,0.0013294,0.0004658,0.14407,0.8612,2.9811
0,6.45448,0.388804,-0.868132,0.0143752,0.000563935,0.000503404,6.05308e-05,0.902224,15.6762,0.00394795,0.000853492,0.144071,2.42983,3.08241
0,50.89508,0.626366,-1.20505,0.01954642,0.02758192,0.02580109,0.001780826,0.9193016,24.57176,0.3259804,0.04755842,0.1440707,283.2112,3.718348
0,43.44636,0.8938378,-1.150548,0.01244818,0.02236491,0.02083022,0.001534697,0.9405108,35.25256,0.3755586,0.03708081,0.1440707,197.2056,3.628547
0,42.49577,0.3194376,-1.252127,0.01178783,0.07488784,0.07231986,0.002567984,0.8365776,11.92163,0.4659816,0.1443705,0.1440707,276.4261,3.762862
0,5.23702,0.826465,-0.571098,0.022398,4.30014e-05,7.12648e-06,3.58749e-05,0.951648,33.3396,0.000118802,1.20676e-05,0.144071,0.107932,2.62492
0,6.7322,0.22103,-0.85064,0.019184,0.00033587,0.00030143,3.4433e-05,0.84023,8.9139,0.0013439,0.00051086,0.14407,1.1851,3.0278
0,5.53934,0.488883,-0.528827,0.0240185,3.51793e-05,3.86137e-06,3.13179e-05,0.920923,19.7217,3.80778e-05,6.53845e-06,0.144071,0.0383336,2.52944
0,5.85851,0.912481,-0.706814,0.0143499,0.000122372,6.35691e-05,5.88024e-05,0.955952,36.8066,0.00117003,0.000107661,0.144071,0.678011,2.85517
0,46.8539,0.6307926,-1.264597,0.02273216,0.04993488,0.04244626,0.007488621,0.9049639,24.1766,0.5400714,0.08786795,0.1440707,608.2363,3.880284
0,10.957,0.288865,-0.645592,0.022437,4.81674e-05,1.85216e-05,2.96458e-05,0.87312,11.6528,0.000107919,3.13633e-05,0.144071,0.107048,2.69899
0,7.0092,0.23123,-0.99157,0.017259,0.0021008,0.002038,6.283e-05,0.84511,9.3084,0.0095051,0.0034706,0.14407,7.5202,3.2649
0,36.0915,0.3392549,-1.257963,0.01822761,0.05364736,0.05134896,0.002298399,0.8559356,12.95193,0.3513848,0.100632,0.1440707,316.3708,3.783389
0,54.02841,0.5271761,-1.211982,0.02125845,0.02717359,0.02573515,0.001438441,0.9087651,20.68932,0.2736577,0.0478006,0.1440707,263.692,3.717821
1,57.7495,0.758374,-1.28563,0.0159554,,,,,,,,,,
0,6.12859,0.935587,-0.705892,0.0186876,9.34647e-05,4.82397e-05,4.5225e-05,0.95701,37.7397,0.000910362,8.16979e-05,0.144071,0.686254,2.85487
0,6.57606,0.366928,-0.787437,0.00858016,0.000387623,0.000299367,8.82552e-05,0.897124,14.7968,0.0022157,0.000507188,0.144071,0.81812,2.94547
0,12.66311,0.6648592,-1.139452,0.01205414,0.01973781,0.01881701,0.0009207971,0.9278459,26.29221,0.2523513,0.0332065,0.1440707,129.2849,3.582567
0,4.99977,0.713431,-0.531281,0.0157641,5.61846e-05,6.07155e-06,5.0113e-05,0.944409,28.7795,8.73729e-05,1.02811e-05,0.144071,0.0562952,2.55165
0,6.45989,0.551631,-0.754117,0.0143916,0.000172768,0.000116361,5.64069e-05,0.929192,22.25,0.00129474,0.000197095,0.144071,0.77419,2.9093
0,31.67495,0.81281328,-1.3202907,0.013411152,0.1566746,0.11217234,0.044502261,0.84479499,27.652929,1.8390847,0.30457305,0.14407067,1523.999,4.1610012
0,6.84813,0.320365,-0.642349,0.0163875,6.62526e-05,2.43237e-05,4.19289e-05,0.884136,12.9233,0.000157181,4.11892e-05,0.144071,0.112457,2.69828
0,6.35027,0.913924,-0.661556,0.0133572,0.000100251,3.81895e-05,6.20619e-05,0.956032,36.8656,0.00070401,6.46734e-05,0.144071,0.379689,2.78006
0,7.45786,0.572836,-0.964786,0.0185597,0.00142874,0.00134559,8.31541e-05,0.930825,23.0762,0.0155477,0.00228783,0.144071,11.9985,3.26298
0,22.421,0.787636,-1.0875,0.0184829,0.0067898,0.00644061,0.00034919,0.945008,31.5589,0.102324,0.0111114,0.144071,78.1742,3.49484
0,42.978397,0.61945853,-1.3711308,0.022884749,0.14027614,0.096233043,0.0440431,0.84309627,21.484556,1.2024351,0.34294169,0.14407067,2279.5702,4.3792501
0,17.4995,0.477376,-1.05409,0.014435,0.00560504,0.00540441,0.000200638,0.915625,19.1502,0.0520395,0.00926254,0.144071,31.8743,3.40634
0,18.1945,0.218279,-1.09532,0.0238536,0.00561953,0.00551898,0.000100552,0.835355,8.75628,0.0242994,0.00951967,0.144071,27.1307,3.43837
0,5.48305,0.873994,-0.638051,0.0155159,7.69225e-05,2.43094e-05,5.26131e-05,0.954134,35.2558,0.000428557,4.11663e-05,0.144071,0.269016,2.73883
0,42.98748,0.2304272,-1.358862,0.02102959,0.1207419,0.103331,0.01741092,0.7711793,8.173446,0.4802745,0.3187831,0.1440707,809.8663,4.028414
0,6.45566,0.284391,-0.663089,0.0160007,7.40873e-05,3.25158e-05,4.15715e-05,0.871365,11.472,0.000186524,5.50624e-05,0.144071,0.132212,2.72734
0,52.25318,0.6078408,-1.19667,0.02057685,0.02348357,0.02214729,0.001336282,0.9202241,23.94554,0.2715411,0.04056642,0.1440707,247.579,3.69614
0,43.03938,0.3069073,-1.337235,0.02136934,0.1003834,0.08514596,0.01523745,0.8162398,11.13833,0.5271042,0.2376249,0.1440707,789.8098,4.001605
0,46.48718,0.7776067,-1.155274,0.009973853,0.02925431,0.02752379,0.001730516,0.9296873,30.45234,0.4317113,0.04917634,0.1440707,183.1219,3.626731
0,6.87541,0.348543,-0.967127,0.0109824,0.0024514,0.00234197,0.000109437,0.891002,14.0264,0.016465,0.00398434,0.144071,7.85161,3.24272
0,31.671842,0.77520707,-1.3399204,0.017566955,0.15106513,0.10497069,0.046094447,0.84661998,26.548945,1.6413868,0.29920209,0.14407067,1878.6989,4.2602592
0,30.30533,0.66675732,-1.3339676,0.024033913,0.10287682,0.073820377,0.029056441,0.87238042,24.130984,0.99281703,0.20259528,0.14407067,1535.1834,4.1772257
0,5.7342,0.554452,-0.691706,0.022149,6.95636e-05,3.39228e-05,3.56408e-05,0.929592,22.366,0.000379386,5.74485e-05,0.144071,0.348952,2.80586
0,5.70629,0.404494,-0.581832,0.012259,7.42248e-05,1.49454e-05,5.92794e-05,0.905956,16.3168,0.000121939,2.53077e-05,0.144071,0.0636901,2.60854
0,11.9864,0.674349,-1.00481,0.0169571,0.00259364,0.00245637,0.000137273,0.939741,27.1339,0.0334121,0.00418737,0.144071,23.3687,3.33947
0,37.270586,0.41723857,-1.3394449,0.0087545417,0.24169193,0.193225,0.048466933,0.74634524,12.763956,1.6261962,0.59672626,0.14407067,1018.3368,4.0612483
0,6.62566,0.855804,-0.758496,0.0213966,0.000123701,8.27946e-05,4.09066e-05,0.953175,34.5204,0.00142923,0.00014024,0.144071,1.23867,2.93792
0,6.5842,0.491694,-0.779991,0.0153594,0.000204778,0.000151998,5.27808e-05,0.921232,19.8318,0.0015075,0.000257485,0.144071,0.970411,2.94682
0,45.264912,0.97001596,-1.3923249,0.018776156,0.34745063,0.15524844,0.19220219,1.1176306,25.53568,3.037605,0,0.14407067,2683.3867,4.4872389
0,5.75694,0.535459,-0.596933,0.0178541,5.547e-05,1.24584e-05,4.30116e-05,0.927287,21.6002,0.000134559,2.10964e-05,0.144071,0.100006,2.64683
0,21.7535,0.472369,-1.12796,0.016563,0.0123436,0.0119404,0.000403192,0.910541,18.821,0.11377,0.0208506,0.144071,81.3652,3.53798
0,43.39709,0.8190945,-1.249921,0.01183902,0.08190212,0.0680564,0.01384572,0.8967734,30.33739,1.124419,0.1397293,0.1440707,637.8753,3.873809
0,23.6221,0.995185,-0.998876,0.0108773,0.00381378,0.00354872,0.000265063,0.957049,39.9944,0.0712362,0.00604843,0.144071,31.3377,3.35015
0,24.42117,0.4967299,-1.181396,0.02030045,0.01949161,0.01872734,0.0007642725,0.909621,19.64838,0.1876383,0.0337938,0.1440707,168.9065,3.645941
0,6.84358,0.335553,-0.96978,0.0218373,0.001274,0.00121922,5.47823e-05,0.888042,13.5195,0.00825217,0.00207327,0.144071,7.85634,3.24541
0,27.1947,0.854503,-1.04179,0.0231355,0.00306004,0.00288603,0.000174014,0.951199,34.3667,0.0497438,0.0049347,0.144071,47.0158,3.41695
0,49.35733,0.464146,-1.271483,0.01425944,0.08067432,0.07275693,0.007917392,0.8647206,17.21389,0.6811678,0.153032,0.1440707,495.137,3.854638
0,36.1306,0.481503,-1.0787,0.0108892,0.0101267,0.00978017,0.000346543,0.913374,19.228,0.0949884,0.0168453,0.144071,44.0146,3.4499
0,5.72961,0.590902,-0.621846,0.0134401,8.08246e-05,2.27909e-05,5.80337e-05,0.933637,23.8361,0.000271646,3.85942e-05,0.144071,0.150945,2.69291
0,6.35602,0.649732,-0.744102,0.0130738,0.000176013,0.000112631,6.33811e-05,0.939216,26.2067,0.00147611,0.000190773,0.144071,0.793237,2.90054
0,24.6927,0.687599,-1.03279,0.0115839,0.005401,0.00513528,0.000265715,0.93899,27.5892,0.0712237,0.00878006,0.144071,34.0618,3.38888
0,46.02788,0.7157729,-1.236399,0.01411535,0.05728353,0.05043346,0.006850074,0.9068946,27.22147,0.7281472,0.09850981,0.1440707,475.7328,3.813732
0,6.65789,0.428957,-0.667004,0.0160901,8.04515e-05,3.40021e-05,4.64494e-05,0.910835,17.3035,0.000294202,5.75807e-05,0.144071,0.200616,2.75269
0,7.41045,0.634167,-0.971036,0.0147345,0.00195106,0.00183544,0.000115615,0.936677,25.5335,0.0234785,0.00312264,0.144071,14.2961,3.27868
0,5.7957,0.308348,-0.514986,0.00944488,7.9437e-05,8.2202e-06,7.12168e-05,0.880155,12.4383,5.11268e-05,1.39192e-05,0.144071,0.0211763,2.48511
0,6.21303,0.293164,-0.664059,0.0211521,5.65402e-05,2.49053e-05,3.16348e-05,0.874742,11.8261,0.000147275,4.21745e-05,0.144071,0.137468,2.73031
0,7.38488,0.355755,-0.988276,0.0218038,0.00161016,0.00154681,6.33475e-05,0.893476,14.3287,0.0110998,0.00263329,0.144071,10.4952,3.2793
0,5.80685,0.626905,-0.682245,0.00854208,0.0001717,7.78904e-05,9.38094e-05,0.937148,25.2861,0.000984942,0.000131914,0.144071,0.34655,2.79605
0,5.8106,0.959019,-0.688119,0.0118766,0.000131334,6.04128e-05,7.09214e-05,0.95799,38.6834,0.00116864,0.000102313,0.144071,0.559275,2.82656
0,26.2159,0.777056,-1.04237,0.0219894,0.00322881,0.00305829,0.000170522,0.946668,31.2466,0.0479354,0.00523087,0.144071,43.2742,3.41255
0,6.38403,0.398531,-0.804012,0.0239104,0.000165899,0.000132918,3.29814e-05,0.904626,16.0748,0.00106849,0.000225184,0.144071,1.09053,2.97686
0,5.20379,0.850249,-0.610194,0.0172085,6.23803e-05,1.53259e-05,4.70544e-05,0.952924,34.2984,0.000262843,2.59526e-05,0.144071,0.183221,2.69122
0,6.57843,0.255787,-0.847937,0.022864,0.000275303,0.000244282,3.10216e-05,0.858889,10.3161,0.00126036,0.000414008,0.144071,1.29591,3.0297
0,5.83462,0.724707,-0.710106,0.0198929,8.92249e-05,4.78379e-05,4.1387e-05,0.945205,29.2334,0.000699295,8.10175e-05,0.144071,0.568155,2.84935
1,240.0063,0.6303429,-1.294866,0.01166579,,,,,,,,,,
0,39.60717,0.2796608,-1.294654,0.01710717,0.08405742,0.07950835,0.00454907,0.8167526,10.33368,0.4485072,0.1717783,0.1440707,423.7877,3.855959
0,15.7533,0.490451,-1.04904,0.0243434,0.00312378,0.00300811,0.000115667,0.919188,19.7239,0.0297588,0.00514775,0.144071,30.6495,3.39904
0,32.911538,0.98744919,-1.3304005,0.022883066,0.11032696,0.074936315,0.035390648,0.8850291,35.440542,1.4925616,0.20325457,0.14407067,2122.925,4.3044438
0,5.24197,0.48449,-0.534207,0.0171247,4.9626e-05,5.80326e-06,4.38227e-05,0.920254,19.5442,5.67129e-05,9.82673e-06,0.144071,0.0407361,2.53795
0,5.3034,0.526321,-0.559275,0.0208305,4.31589e-05,6.58311e-06,3.65758e-05,0.926126,21.2318,6.98887e-05,1.11473e-05,0.144071,0.0606771,2.58349
0,62.28229,0.2915152,-1.328838,0.01792339,0.1140614,0.09775912,0.01630226,0.8034741,10.41885,0.5748356,0.2543418,0.1440707,673.788,3.962514
0,50.36911,0.322823,-1.320553,0.01654054,0.1131463,0.09923229,0.013914,0.8129705,11.54972,0.6461639,0.2477836,0.1440707,663.6762,3.951489
0,6.51317,0.955255,-0.776546,0.0158679,0.000198192,0.000140759,5.74333e-05,0.957788,38.5291,0.00271219,0.000238446,0.144071,1.73487,2.97338
0,36.24585,0.3951082,-1.256967,0.01912974,0.05110068,0.04818544,0.002915244,0.8712701,15.12486,0.3840228,0.09466743,0.1440707,358.3319,3.796941
0,33.6317,0.462077,-1.10502,0.0208173,0.00737992,0.00714247,0.00023745,0.912048,18.5035,0.0665715,0.0123554,0.144071,59.4776,3.49469
0,6.91791,0.584676,-0.887452,0.0216621,0.000476837,0.000428037,4.87996e-05,0.932724,23.5756,0.00504803,0.000725917,0.144071,4.53038,3.13415
0,6.77538,0.426233,-0.881929,0.013019,0.000734959,0.000663438,7.15209e-05,0.909902,17.1823,0.00570391,0.00112514,0.144071,3.15287,3.10973
0,35.6998,0.536821,-1.07959,0.0210219,0.00533427,0.0051348,0.000199471,0.924079,21.5408,0.0556005,0.00882616,0.144071,49.2985,3.45764
0,33.759508,0.95053914,-1.3149724,0.014291207,0.13481688,0.095306401,0.039510478,0.86665013,33.176702,1.8273311,0.26694439,0.14407067,1664.6251,4.1875253
0,6.4228,0.428748,-0.870562,0.00882589,0.000948299,0.000845727,0.000102572,0.910246,17.28,0.00731404,0.00143421,0.144071,2.73902,3.09105
0,32.52343,0.7781873,-1.370505,0.01545345,0.03652923,0.02747516,0.009054074,2.868719,30.24669,0.4312703,0,0.1440707,935.6266,4.071895
0,46.82379,0.6097423,-1.248402,0.02098866,0.0440319,0.03908012,0.00495178,0.9068603,23.515,0.4806483,0.07729374,0.1440707,479.4804,3.826865
0,21.36377,0.9717233,-1.144409,0.02226261,0.01172665,0.01085948,0.000867175,0.9509247,38.74136,0.2128515,0.01916164,0.1440707,198.0956,3.622812
0,6.41358,0.259079,-0.876836,0.0157145,0.000562763,0.000514928,4.78356e-05,0.860254,10.4458,0.00269094,0.000873113,0.144071,1.899,3.07835
0,5.46159,0.432492,-0.687585,0.0100436,0.000145875,7.09506e-05,7.49249e-05,0.911457,17.4449,0.000618955,0.000120158,0.144071,0.263279,2.78725
0,5.91296,0.345755,-0.72493,0.0165249,0.000113009,6.96652e-05,4.33441e-05,0.891692,13.9468,0.000485858,0.000117986,0.144071,0.347588,2.83889
0,6.64154,0.91074,-0.903659,0.0239327,0.000532852,0.000476943,5.59089e-05,0.955604,36.7213,0.00876165,0.000809109,0.144071,8.48155,3.18334
0,7.87867,0.470917,-1.00947,0.00925341,0.00497733,0.00477116,0.000206173,0.91501,18.9031,0.0453204,0.0081467,0.144071,17.7512,3.32891
0,5.67615,0.699529,-0.708613,0.0124959,0.000140227,7.47078e-05,6.55193e-05,0.943313,28.2163,0.00105414,0.000126527,0.144071,0.539052,2.84515
0,4.80889,0.948038,-0.512907,0.0195513,4.51375e-05,3.86629e-06,4.12712e-05,0.957581,38.2438,7.39342e-05,6.54687e-06,0.144071,0.0582684,2.53504
0,12.63804,0.6928501,-1.121691,0.01920963,0.009984453,0.009514415,0.0004700379,0.9364294,27.67174,0.1329678,0.01658669,0.1440707,107.3193,3.550973
0,6.54002,0.370059,-0.96689,0.0225476,0.00119299,0.00113797,5.50242e-05,0.897398,14.911,0.00849429,0.00193476,0.144071,8.26206,3.24518
0,20.1796,0.203248,-1.10241,0.0128424,0.0116212,0.0111709,0.000450307,0.822008,8.10411,0.0457974,0.0193671,0.144071,27.9497,3.44715
0,40.403252,0.67309959,-1.3789533,0.011397767,0.25789744,0.25789412,3.3144371e-06,0.76410087,20.151084,3.5014339,0.76134968,0.14407067,2608.4889,4.4578688
0,5.55943,0.824019,-0.695359,0.0212886,7.60517e-05,3.69887e-05,3.90631e-05,0.95149,33.2399,0.000614796,6.26416e-05,0.144071,0.531009,2.83113
0,5.62391,0.35068,-0.588684,0.0152248,5.94307e-05,1.31413e-05,4.62894e-05,0.893083,14.1462,9.29554e-05,2.22526e-05,0.144071,0.061167,2.61331
0,6.53459,0.313381,-0.854992,0.021048,0.000327713,0.000290496,3.72168e-05,0.881698,12.6382,0.00183628,0.000492382,0.144071,1.69323,3.05057
0,6.44006,0.321921,-0.771065,0.00914454,0.000306098,0.000227645,7.84527e-05,0.884483,12.9829,0.0014782,0.000385629,0.144071,0.59,2.91226
0,6.1222,0.22636,-0.71718,0.021343,7.7377e-05,4.8807e-05,2.857e-05,0.84356,9.1312,0.00022285,8.2693e-05,0.14407,0.21776,2.8071
0,13.9226,0.389525,-0.710674,0.0224274,7.55901e-05,4.2744e-05,3.28461e-05,0.902694,15.713,0.000335843,7.23883e-05,0.144071,0.322108,2.82072
0,6.25233,0.249362,-0.569529,0.0210635,6.5566e-05,7.42592e-06,5.81401e-05,0.855923,10.059,3.73513e-05,1.25761e-05,0.144071,0.0354843,2.56618
0,6.4547,0.353344,-0.904311,0.0209076,0.000594821,0.000550534,4.42864e-05,0.893468,14.246,0.0039238,0.000933975,0.144071,3.54889,3.13827
0,32.8391,0.6026493,-1.237906,0.01374926,0.05872839,0.05333004,0.005398348,0.8964042,22.88415,0.6482787,0.1031101,0.1440707,412.5236,3.79564
0,6.31178,0.412713,-0.752906,0.0245911,9.80333e-05,6.70518e-05,3.09814e-05,0.90764,16.648,0.000558193,0.000113568,0.144071,0.583873,2.89356
0,7.04567,0.597464,-0.965947,0.0165976,0.0016228,0.00152695,9.58458e-05,0.933328,24.0637,0.0184019,0.00259672,0.144071,12.6659,3.26705
0,36.7607,0.5687646,-1.236161,0.02100855,0.03761761,0.03451649,0.003101122,0.9068365,22.08185,0.3959901,0.06598548,0.1440707,384.7585,3.784923
0,37.74982,0.3732809,-1.282311,0.01172999,0.1086563,0.1003872,0.008269072,0.8287238,13.42259,0.7558565,0.2137929,0.1440707,462.9718,3.855769
0,5.63229,0.681715,-0.683313,0.0109549,0.000135569,6.15752e-05,7.39942e-05,0.941923,27.4979,0.000846709,0.000104281,0.144071,0.380132,2.80188
0,38.88623,0.9018816,-1.244907,0.02123141,0.04491505,0.03665033,0.008264714,0.925816,34.74935,0.666734,0.07305561,0.1440707,663.5775,3.875815
0,32.2473,0.98029,-1.03346,0.0139872,0.00458291,0.00428984,0.000293075,0.955958,39.3654,0.0848244,0.00733429,0.144071,48.1505,3.41007
0,7.24254,0.964483,-0.963296,0.00911351,0.00291057,0.0026861,0.000224464,0.956406,38.7957,0.0522568,0.00457084,0.144071,19.2602,3.28722
0,42.69104,0.8251799,-1.225933,0.01000706,0.07190438,0.06278042,0.009123957,0.9037887,30.89559,1.044956,0.1214737,0.1440707,473.648,3.802635
0,9.20788,0.669255,-0.995651,0.014718,0.00266244,0.0025171,0.000145341,0.939278,26.9271,0.0339795,0.00428865,0.144071,20.6254,3.32335
0,5.13813,0.595876,-0.518437,0.013555,6.30636e-05,5.98714e-06,5.70764e-05,0.934166,24.0372,7.19616e-05,1.01382e-05,0.144071,0.0403046,2.52163
0,5.65161,0.848984,-0.677179,0.0213202,6.79512e-05,2.92428e-05,3.87085e-05,0.952853,34.2472,0.000500776,4.95223e-05,0.144071,0.432542,2.80239
0,47.74849,0.5627757,-1.186923,0.0111908,0.03782032,0.03604783,0.001772488,0.9061311,21.84473,0.4092038,0.06581284,0.1440707,202.3787,3.667257
0,23.77851,0.7964276,-1.156402,0.02112967,0.0141371,0.01326244,0.0008746569,0.9407391,31.6751,0.2130566,0.02355176,0.1440707,190.9863,3.631548
0,7.37401,0.301953,-1.02484,0.0119609,0.00462666,0.00449169,0.000134978,0.87511,12.125,0.0273573,0.00767814,0.144071,14.5036,3.33326
0,36.84744,0.94588,-1.3017895,0.019014088,0.091445838,0.06591817,0.025527668,0.89639831,34.669057,1.257669,0.1693847,0.14407067,1419.8027,4.1186278
0,50.2787,0.6257375,-1.20442,0.0167171,0.03178922,0.02976699,0.002022226,0.916499,24.4409,0.3757096,0.05515937,0.1440707,280.287,3.716617
0,5.16691,0.402089,-0.50483,0.0109254,7.23902e-05,6.23701e-06,6.61532e-05,0.905448,16.2198,5.05852e-05,1.05612e-05,0.144071,0.0235598,2.48043
0,4.87839,0.641409,-0.516026,0.021791,3.94568e-05,3.61076e-06,3.5846e-05,0.938565,25.8745,4.67152e-05,6.11414e-06,0.144071,0.0418656,2.52117
0,7.2523,0.75138,-0.969285,0.0109937,0.00257328,0.00240487,0.000168412,0.945437,30.234,0.0364482,0.00409212,0.144071,16.3981,3.28438
0,5.26478,0.978776,-0.640073,0.0175283,6.90903e-05,2.20848e-05,4.70055e-05,0.958842,39.4829,0.000436016,3.7399e-05,0.144071,0.307679,2.74776
0,5.61716,0.271007,-0.541622,0.0197557,3.82696e-05,5.53322e-06,3.27364e-05,0.865888,10.9325,3.02471e-05,9.36919e-06,0.144071,0.0266372,2.52353
0,121.324,0.97746288,-1.2925154,0.018796188,0.084066788,0.061402912,0.022663876,0.90278535,36.11763,1.2106383,0.15210542,0.14407067,1303.7266,4.0824312
0,19.3623,0.576158,-1.11799,0.0165022,0.011007,0.0105764,0.00043063,0.925034,22.9874,0.122915,0.0184108,0.144071,86.0564,3.53179
0,44.54871,0.3765354,-1.288885,0.01860977,0.07414809,0.06727017,0.006877917,0.8522877,14.06379,0.5109207,0.1466296,0.1440707,513.2348,3.877399
0,5.38369,0.396969,-0.539313,0.0191347,4.32509e-05,5.54576e-06,3.77052e-05,0.904364,16.0137,4.44061e-05,9.39064e-06,0.144071,0.0362664,2.53708
0,5.52539,0.972489,-0.689043,0.0102916,0.000152173,7.05485e-05,8.16247e-05,0.958533,39.226,0.00138388,0.00011948,0.144071,0.573565,2.82878
0,36.351326,0.97621176,-1.3020403,0.024159578,0.073705015,0.052670394,0.021034621,0.90967845,36.479469,1.0371362,0.13373936,0.14407067,1476.8845,4.1319883
0,5.4323,0.611663,-0.613357,0.0107379,9.84551e-05,2.55792e-05,7.2876e-05,0.935732,24.6732,0.00031559,4.3316e-05,0.144071,0.139791,2.68047
0,53.050108,0.70809334,-1.3089451,0.019340895,0.09264388,0.06971377,0.02293011,0.8827213,25.919311,0.99571317,0.1825535,0.14407067,1181.6909,4.0701136
0,5.16031,0.547695,-0.577046,0.0156564,6.00299e-05,1.10045e-05,4.90254e-05,0.928792,22.0937,0.000121572,1.86344e-05,0.144071,0.0791033,2.61489
0,48.36591,0.863016,-1.245284,0.02229625,0.04232232,0.03489525,0.007427065,0.9256687,33.34213,0.6074498,0.06990483,0.1440707,639.9029,3.869729
0,37.402658,0.72588268,-1.3064261,0.013273053,0.12984187,0.098062421,0.03177945,0.85843916,25.481194,1.4358009,0.25753974,0.14407067,1156.5453,4.0616066
0,7.39625,0.33083,-1.02103,0.0186971,0.00282857,0.00273943,8.91365e-05,0.885665,13.3085,0.0182806,0.00467731,0.144071,14.9785,3.3312
0,24.40026,0.2919419,-1.214488,0.02273973,0.02548474,0.02487335,0.0006113921,0.8584951,11.47731,0.1464724,0.04614823,0.1440707,159.9117,3.674474
0,5.17585,0.747242,-0.611286,0.0218953,0.0273245,1.18567e-05,0.0273127,0.945217,29.3214,0.00017871,2.06854e-05,0.144071,0.160142,2.68539
0,6.3528,0.96126,-0.841196,0.0103236,0.000598158,0.000496072,0.000102085,0.95778,38.7557,0.00961857,0.000840853,0.144071,4.00368,3.08144
0,41.1422,0.5988296,-1.239933,0.02222853,0.04596653,0.04242943,0.003537097,0.9093951,23.04741,0.5125021,0.06546016,0.1440707,420.334,3.800147
0,5.10983,0.990189,-0.618045,0.0234778,4.73752e-05,1.24254e-05,3.49498e-05,0.959311,39.9441,0.000248172,2.10409e-05,0.144071,0.234451,2.71175
0,6.63237,0.889128,-0.81935,0.00923185,0.000524791,0.000419097,0.000105694,0.954587,35.8502,0.00751629,0.000710233,0.144071,2.80674,3.04111
0,47.2616,0.216737,-1.16419,0.0107495,0.0295889,0.0287363,0.00085263,0.820029,8.48486,0.125629,0.0511631,0.144071,64.8633,3.55935
0,6.92039,0.633755,-0.954636,0.0229858,0.00102049,0.000954214,6.6272e-05,0.937238,25.5407,0.0121981,0.00162149,0.144071,11.5769,3.25091
0,33.985097,0.57130748,-1.3479787,0.023922588,0.11143503,0.080313782,0.031121247,0.85778161,20.47926,0.92551862,0.24367189,0.14407067,1586.3114,4.2028483
0,6.52018,0.46081,-0.900788,0.0128799,0.000932974,0.000854047,7.89272e-05,0.915939,18.5726,0.00793833,0.00144902,0.144071,4.3135,3.14492
0,5.33229,0.536439,-0.700876,0.0162782,0.0001001,5.19254e-05,4.81742e-05,0.927381,21.6388,0.000561857,8.79385e-05,0.144071,0.380712,2.81952
0,24.2366,0.81525,-1.07434,0.0203747,0.00522897,0.0049514,0.000277572,0.947649,32.7167,0.0814224,0.00851243,0.144071,68.2501,3.47278
0,32.8966,0.805661,-1.03791,0.00939907,0.0071408,0.00675056,0.000390245,0.945853,32.2697,0.109703,0.0115559,0.144071,42.2373,3.40664
0,38.439913,0.91281605,-1.3472699,0.022084354,0.12301847,0.083029587,0.039988884,0.87395438,32.294523,1.5287671,0.26156208,0.14407067,2432.971,4.3885234
0,5.50071,0.40917,-0.589512,0.021052,4.42168e-05,9.60543e-06,3.46113e-05,0.906949,16.5059,7.92767e-05,1.62651e-05,0.144071,0.0710306,2.62183
0,6.6262,0.23842,-0.95678,0.016915,0.0013873,0.0013326,5.4708e-05,0.84948,9.6048,0.0064086,0.002265,0.14407,4.9376,3.208
0,6.92466,0.946027,-0.936212,0.0125569,0.00151095,0.00137904,0.00013191,0.95654,38.1068,0.0263152,0.00234267,0.144071,13.3576,3.24018
0,5.78401,0.874345,-0.713772,0.0183597,0.000100294,5.4331e-05,4.59628e-05,0.954136,35.2691,0.000958199,9.20156e-05,0.144071,0.711786,2.86463
0,4.90604,0.892637,-0.564299,0.012294,7.7607e-05,1.18975e-05,6.57095e-05,0.955047,36.0078,0.000214218,2.01469e-05,0.144071,0.106441,2.6174
0,46.74519,0.3627101,-1.311462,0.01020906,0.1627722,0.1433008,0.01947138,0.7903972,12.25063,1.048416,0.3572099,0.1440707,644.2581,3.937102
0,200.39,0.8371594,-1.280458,0.01489908,0.09182436,0.07090143,0.02092294,0.8911596,30.67137,1.19726,0.1643598,0.1440707,960.6605,3.988066
2,25.549,0.344126,-1.08307,0.020874,-0.0367927,-0.036949,0.000156237,0.892017,14.3934,-0.256475,0.00929397,0.144071,35.6809,3.44185
0,44.63875,0.4604434,-1.218596,0.017022,0.03634677,0.03469505,0.001651724,0.8931528,17.89997,0.3222322,0.06498998,0.1440707,252.709,3.720115
0,37.65996,0.8398216,-1.213298,0.009311505,0.06585134,0.05857543,0.007275914,0.9086544,31.64887,0.992265,0.1109899,0.1440707,410.2986,3.770321
0,48.05349,0.751646,-1.177975,0.01022869,0.03768987,0.03524239,0.002447481,0.9224666,29.17988,0.534323,0.06418532,0.1440707,236.7151,3.673029
0,15.8482,0.950882,-1.08659,0.0186721,0.00671057,0.00630101,0.000409562,0.953354,38.1028,0.120854,0.0108713,0.144071,92.4732,3.50534
0,90.23357,0.6821519,-1.293241,0.01107963,0.1342681,0.1061,0.02816806,0.8524439,23.82428,1.459896,0.260459,0.1440707,919.2971,3.990556
0,50.06982,0.6147416,-1.222832,0.02087729,0.03219467,0.02968937,0.002505299,0.9151546,24.00136,0.3681449,0.05595225,0.1440707,349.1969,3.759706
0,30.4226,0.798302,-1.02907,0.0142812,0.00420827,0.00397547,0.000232796,0.947327,32.0694,0.0640149,0.00678982,0.144071,37.4154,3.39064
0,6.04061,0.363096,-0.799396,0.00978512,0.000384089,0.000306068,7.80213e-05,0.896155,14.6423,0.00224163,0.00051857,0.144071,0.945011,2.96486
0,6.52,0.22256,-1.0027,0.015495,0.0026891,0.0026161,7.2966e-05,0.83973,8.9542,0.011744,0.0044598,0.14407,8.3991,3.2819
0,5.25307,0.5439,-0.681368,0.0099003,0.000145289,6.64535e-05,7.88356e-05,0.928276,21.9387,0.000729058,0.000112542,0.144071,0.300147,2.78778
0,36.86053,0.9843955,-1.203849,0.01858804,0.03049902,0.02658985,0.003909166,0.938943,38.50109,0.5279718,0.04924474,0.1440707,427.8234,3.766424
0,5.2976,0.724943,-0.714599,0.0154862,0.00011841,6.50991e-05,5.33105e-05,0.945203,29.242,0.000951927,0.000110253,0.144071,0.602085,2.85683
0,5.17022,0.572646,-0.533991,0.0138307,6.28471e-05,7.16543e-06,5.56817e-05,0.931679,23.1001,8.27663e-05,1.21334e-05,0.144071,0.0474255,2.54554
0,6.07547,0.364445,-0.857038,0.0219237,0.000324247,0.000286311,3.79359e-05,0.896536,14.6976,0.00210473,0.000485302,0.144071,1.98811,3.06092
0,13.2933,0.262259,-1.08824,0.0191543,0.00641752,0.00628146,0.00013606,0.858121,10.5121,0.0332289,0.0108245,0.144071,28.9504,3.43498
0,6.59566,0.866576,-0.926401,0.0176425,0.000950278,0.000865836,8.44427e-05,0.953192,34.926,0.0151345,0.00146996,0.144071,10.8311,3.21911
0,6.20881,0.937659,-0.812489,0.0107142,0.000421345,0.000330685,9.06601e-05,0.956887,37.8109,0.00625438,0.000560344,0.144071,2.704,3.03231
0,44.48323,0.3964216,-1.226678,0.02231027,0.03040138,0.02920869,0.001192684,0.8849643,15.50617,0.233558,0.05501005,0.1440707,245.1111,3.725154
0,6.29618,0.552773,-0.877915,0.0122386,0.000752413,0.0006703,8.21123e-05,0.928956,22.2831,0.0074738,0.00113673,0.144071,3.8037,3.11549
0,16.368,0.563921,-1.12846,0.0196366,0.0105438,0.0101351,0.000408768,0.923966,22.5097,0.115284,0.0176993,0.144071,96.5106,3.55019
1,0.3166,0.20948,-0.68527,0.010648,,,,,,,,,,
0,6.24336,0.526713,-0.91701,0.0192206,0.000764119,0.000704711,5.94081e-05,0.925716,21.2323,0.00748704,0.00119594,0.144071,6.00945,3.17851
0,50.7848,0.6738716,-1.205601,0.01140496,0.04756872,0.04416926,0.003399454,0.9102469,25.89202,0.6003749,0.08208733,0.1440707,303.5387,3.726408
0,6.57459,0.958369,-0.933503,0.0184191,0.000997243,0.00090831,8.89329e-05,0.957399,38.6238,0.0175587,0.00154245,0.144071,13.0641,3.23627
0,5.85427,0.413145,-0.806797,0.0192577,0.000212542,0.000171035,4.15065e-05,0.907655,16.6635,0.00142532,0.000289773,0.144071,1.16773,2.98318
0,5.22558,0.728799,-0.641026,0.00913776,0.000130757,4.28841e-05,8.78728e-05,0.945468,29.3972,0.00063042,7.26232e-05,0.144071,0.235186,2.73489
0,11.40873,0.6218007,-1.142655,0.02015554,0.01230505,0.01176323,0.000541817,0.9288397,24.77589,0.1475377,0.02069346,0.1440707,126.81,3.584297
0,5.04838,0.745193,-0.52863,0.0107211,8.26084e-05,8.62846e-06,7.39799e-05,0.946633,30.0599,0.000129696,1.4611e-05,0.144071,0.0566977,2.54936
0,29.73082,0.5664887,-1.179035,0.02181269,0.01774288,0.01693207,0.0008108024,0.9196077,22.44769,0.1934757,0.03051131,0.1440707,185.1725,3.651463
2,26.100595,0.94057937,-1.3815235,0.012204594,0.012835433,-0.39732124,0.41015667,-2.987137,37.457619,-7.5381087,0,0.14407067,-1281.9288,1.2767068
0,5.92173,0.949038,-0.678902,0.0131002,0.000112343,4.86554e-05,6.36873e-05,0.95758,38.2816,0.000931408,8.23995e-05,0.144071,0.491876,2.81073
0,32.8719,0.862291,-1.04307,0.0138493,0.00519314,0.00489636,0.000296788,0.950214,34.6057,0.0851632,0.00838063,0.144071,48.18,3.41972
0,5.37919,0.296047,-0.505204,0.00956531,7.68972e-05,7.15824e-06,6.97389e-05,0.875797,11.9421,4.27456e-05,1.2121e-05,0.144071,0.01802,2.46703
0,44.64377,0.63662568,-1.3086271,0.014645451,0.11981845,0.092437365,0.027381083,0.85852636,22.605368,1.1870168,0.2400988,0.14407067,1055.3293,4.0394472
0,6.50443,0.449648,-0.778639,0.0186051,0.000165958,0.000123325,4.2633e-05,0.914531,18.1366,0.00111853,0.000208908,0.144071,0.878576,2.94035
0,5.4987,0.456398,-0.572615,0.018866,4.80728e-05,8.6272e-06,3.94456e-05,0.915762,18.411,7.94215e-05,1.46086e-05,0.144071,0.063157,2.59889
0,5.11366,0.611037,-0.560876,0.0206909,4.43669e-05,6.76523e-06,3.76017e-05,0.935705,24.6492,8.33827e-05,1.14558e-05,0.144071,0.0711715,2.59329
0,13.23415,0.809427,-1.122861,0.01799856,0.0108961,0.01029347,0.0006026345,0.9436214,32.29794,0.1680601,0.01797091,0.1440707,126.1892,3.56413
0,59.498279,0.58524582,-1.3826439,0.024359363,0.15756173,0.10663573,0.050926002,0.82751081,19.889853,1.2588275,0.37353019,0.14407067,2492.7967,4.4367628
0,5.19603,0.43681,-0.536006,0.0136878,6.12222e-05,7.43018e-06,5.37921e-05,0.912308,17.6206,6.54662e-05,1.25817e-05,0.144071,0.0379129,2.53605
0,11.88723,0.7480714,-1.115075,0.02347202,0.007555071,0.00717495,0.000380121,0.9419834,29.95054,0.1082648,0.01246879,0.1440707,106.0654,3.54351
0,6.16717,0.624323,-0.674744,0.024985,5.61623e-05,2.41856e-05,3.19767e-05,0.936979,25.1849,0.000304573,4.09573e-05,0.144071,0.313516,2.78339
0,6.4779,0.395307,-0.822077,0.0129891,0.000370489,0.00030851,6.1979e-05,0.903794,15.9415,0.00245997,0.000522781,0.144071,1.3652,3.00653
0,135.9933,0.6830384,-1.291987,0.02490509,0.06189084,0.04848135,0.01340949,0.9015072,25.84959,0.6679516,0.1140189,0.1440707,928.0827,3.991496
0,6.5045,0.385033,-0.840583,0.0153187,0.000385348,0.000331736,5.36123e-05,0.901476,15.5269,0.00257641,0.000562228,0.144071,1.69085,3.03609
0,4.84253,0.954984,-0.54292,0.0126242,7.29075e-05,8.80407e-06,6.41035e-05,0.957858,38.523,0.000169592,1.49084e-05,0.144071,0.0862765,2.58523
0,31.518112,0.76277161,-1.3801927,0.014020136,0.15582002,0.043478632,0.11234139,1.8401,25.976745,0.66895293,0,0.14407067,1418.7263,4.1967831
0,6.70407,0.424537,-0.932762,0.0159718,0.00110752,0.00103764,6.98865e-05,0.909341,17.1076,0.00888558,0.00176196,0.144071,6.03462,3.19448
0,9.86044,0.43092,-1.03177,0.0166559,0.00365845,0.00352764,0.000130814,0.908939,17.3205,0.0306624,0.00602698,0.144071,21.8037,3.36256
0,6.54767,0.328742,-0.863635,0.021678,0.000352534,0.000315137,3.73972e-05,0.886575,13.2574,0.00208968,0.000534207,0.144071,1.97382,3.06714
0,35.1103,0.910355,-1.0413,0.0185705,0.00380124,0.00357391,0.000227333,0.953458,36.5858,0.0656266,0.00610965,0.144071,49.6234,3.41975
0,47.7013,0.7168757,-1.172663,0.01314229,0.02754588,0.02591312,0.001632761,0.9267488,28.12342,0.3747043,0.0466608,0.1440707,212.1127,3.657301
0,43.88783,0.3770478,-1.299928,0.01626739,0.09629447,0.08530163,0.01099285,0.8377771,13.74607,0.6487523,0.1933078,0.1440707,588.1049,3.909978
0,15.3886,0.7007581,-1.148513,0.01641427,0.01630994,0.0154767,0.0008332364,0.9329224,27.80876,0.2187619,0.02739585,0.1440707,152.7846,3.604773
0,40.5903,0.7267203,-1.229466,0.01266821,0.05887445,0.05232507,0.006549378,0.9065145,27.59117,0.7670122,0.1004114,0.1440707,441.2968,3.796251
0,181.3786,0.962805,-1.267238,0.01288484,0.09284899,0.07158331,0.02126568,0.8960956,35.23491,1.390194,0.1603714,0.1440707,926.1086,3.966254
0,4.91738,0.783979,-0.56462,0.0126427,7.4828e-05,1.16171e-05,6.32108e-05,0.949142,31.6247,0.000183708,1.9672e-05,0.144071,0.0944545,2.61158
0,5.15491,0.752657,-0.621958,0.0159277,6.96606e-05,1.92591e-05,5.04014e-05,0.947142,30.3614,0.000292388,3.26134e-05,0.144071,0.189799,2.7048
0,6.56245,0.806788,-0.757263,0.0191937,0.000136104,9.08466e-05,4.52578e-05,0.950468,32.5429,0.00147841,0.000153879,0.144071,1.15263,2.93297
0,49.5275,0.712325,-1.04348,0.0127287,0.00563322,0.00535518,0.000278045,0.940721,28.5746,0.0769445,0.0091665,0.144071,40.3964,3.40956
0,111.0506,0.6152012,-1.300579,0.02038913,0.08025453,0.0633221,0.01693243,0.883472,22.82654,0.785774,0.1555246,0.1440707,933.8614,4.001529
0,6.19827,0.414816,-0.807347,0.0240004,0.00017157,0.000138212,3.33583e-05,0.908018,16.7316,0.00115645,0.000234159,0.144071,1.18034,2.98428
0,24.3495,0.808696,-1.07272,0.0170562,0.00611343,0.00579117,0.000322257,0.946697,32.4248,0.0944662,0.00995847,0.144071,66.3098,3.4693
0,48.034453,0.33964975,-1.3912248,0.015202021,0.23453788,0.17088254,0.063655343,0.73451608,10.488422,1.170723,0.66827948,0.14407067,1653.5056,4.2612741
0,22.218,0.286548,-1.09537,0.0143145,0.00939538,0.00918798,0.000207395,0.866448,11.4512,0.0531058,0.0158728,0.144071,34.2274,3.45174
0,7.09459,0.850763,-0.939333,0.00839051,0.00233802,0.00214723,0.000190793,0.951473,34.2411,0.0368478,0.00364935,0.144071,12.5601,3.23998
0,4.90813,0.844903,-0.554315,0.0130655,7.15891e-05,9.84759e-06,6.17415e-05,0.952634,34.0824,0.000167827,1.66755e-05,0.144071,0.0888477,2.59813
0,5.50314,0.487788,-0.701502,0.0179704,9.05204e-05,4.74161e-05,4.31043e-05,0.920724,19.6765,0.000466533,8.03012e-05,0.144071,0.351508,2.81604
0,6.48773,0.916613,-0.675961,0.0202289,7.15728e-05,3.0342e-05,4.12307e-05,0.956174,36.9752,0.000560991,5.13839e-05,0.144071,0.458152,2.80413
0,7.12989,0.807365,-0.969986,0.0137958,0.00207491,0.00193405,0.000140865,0.949244,32.503,0.0314965,0.00329045,0.144071,17.7167,3.28931
0,37.531,0.586793,-1.05946,0.0133429,0.00653029,0.0062605,0.00026979,0.929061,23.5177,0.0741002,0.0107371,0.144071,41.3354,3.42691
0,8.562546,0.4279779,-1.158728,0.02383806,0.01254916,0.01216177,0.0003873879,0.9027393,17.04873,0.1049889,0.02150896,0.1440707,110.3716,3.590044
0,6.53372,0.446371,-0.805209,0.0163761,0.000246794,0.000197067,4.9727e-05,0.913907,18.003,0.00177434,0.000333881,0.144071,1.22767,2.98417
0,43.4856,0.3167667,-1.218771,0.0136699,0.04436796,0.04318385,0.001184106,0.8551739,12.21196,0.2759219,0.08110898,0.1440707,180.4691,3.688963
0,5.31369,0.639218,-0.605793,0.0229978,4.51684e-05,1.08377e-05,3.43306e-05,0.938363,25.786,0.000139737,1.83522e-05,0.144071,0.132198,2.67004
0,7.58402,0.527516,-0.985534,0.0084239,0.00406251,0.00386074,0.000201775,0.923712,21.1945,0.0410801,0.00657993,0.144071,14.4963,3.29393
0,5.50288,0.911212,-0.643515,0.0214255,5.71761e-05,1.88844e-05,3.82917e-05,0.955935,36.7578,0.000347095,3.19793e-05,0.144071,0.300303,2.74995
0,5.4467,0.564369,-0.579516,0.0102484,9.29181e-05,1.73532e-05,7.55649e-05,0.930728,22.7656,0.000197546,2.93855e-05,0.144071,0.0839613,2.62043
0,6.59424,0.457582,-0.846222,0.00990907,0.000639594,0.000551266,8.83282e-05,0.915586,18.4479,0.00508809,0.000934452,0.144071,2.12654,3.05359
0,6.29187,0.31482,-0.800108,0.0224053,0.000167452,0.000134914,3.25384e-05,0.882273,12.6983,0.000856731,0.000228558,0.144071,0.840092,2.95951
0,35.3421,0.2214242,-1.364953,0.01160089,0.2186692,0.1883046,0.03036463,0.7025478,6.979354,0.8410294,0.6249014,0.1440707,820.8794,4.037338
