Error,time,CO2share,E_appl,v,X_tot,X_het,X_hom,FE,CO2_out,CO_out,H2_out,delP,CD,Vcell
0,48.32453,0.3721544,-1.244394,0.02363186,0.03532125,0.03380716,0.001514083,0.8762651,14.48308,0.2537798,0.06520419,0.1440707,290.2928,3.760336
0,5.2242,0.390946,-0.572243,0.0163121,5.42818e-05,9.9304e-06,4.43514e-05,0.903027,15.7706,7.83084e-05,1.68154e-05,0.144071,0.0546011,2.59104
0,6.31337,0.249721,-0.870128,0.0186758,0.000436553,0.000397567,3.89857e-05,0.85586,10.0698,0.00200258,0.000674014,0.144071,1.68812,3.06555
0,36.82835,0.6785044,-1.166186,0.01651142,0.02015787,0.01908332,0.001074549,0.9286774,26.82032,0.2611751,0.03417491,0.1440707,185.7497,3.638886
0,7.10071,0.619038,-0.983975,0.0182382,0.00185145,0.00174999,0.00010146,0.935321,24.9268,0.0218513,0.00297888,0.144071,16.5037,3.29942
0,6.5868,0.23274,-0.98508,0.016954,0.0019713,0.0019094,6.1915e-05,0.84604,9.3707,0.0089638,0.0032505,0.14407,6.9573,3.2543
0,50.35235,0.805599,-1.235494,0.01398507,0.05803381,0.04987142,0.008162392,0.9120925,30.61325,0.8103933,0.09827848,0.1440707,525.8127,3.827694
0,6.69667,0.930113,-0.860326,0.0147537,0.00051917,0.000443723,7.54468e-05,0.956491,37.503,0.00832479,0.000752256,0.144071,4.96009,3.11176
0,43.0912,0.2633829,-1.252343,0.01114801,0.07957584,0.07755325,0.002022593,0.8129023,9.779816,0.4120147,0.1530795,0.1440707,234.0152,3.746284
0,36.6367,0.231696,-1.11642,0.0100741,0.0177826,0.0169532,0.000829327,0.836079,9.18082,0.0792312,0.029556,0.144071,37.2668,3.47775
0,6.45259,0.68773,-0.924933,0.0244074,0.000668749,0.000614298,5.44511e-05,0.942057,27.7257,0.00852163,0.00104269,0.144071,8.53728,3.20497
0,6.05546,0.700913,-0.792429,0.0173079,0.000209346,0.000158242,5.11039e-05,0.943374,28.2702,0.00223723,0.000268081,0.144071,1.58486,2.98459
0,31.463308,0.75023335,-1.3357794,0.015940044,0.15869667,0.111768,0.046928672,0.83967153,25.462682,1.6913715,0.31265904,0.14407067,1722.6321,4.2213564
0,46.78436,0.6460996,-1.259887,0.01854807,0.05739988,0.04913958,0.008260294,0.9013514,24.5687,0.6404071,0.1013673,0.1440707,584.147,3.86882
0,36.65378,0.5573074,-1.176165,0.01534692,0.02424148,0.0231775,0.001063978,0.9143541,21.93776,0.2605473,0.04179621,0.1440707,175.4177,3.643918
0,26.2514,0.333746,-1.15522,0.0129814,0.0218586,0.021334,0.000524564,0.874607,13.1696,0.14362,0.037758,0.144071,84.1257,3.56749
0,14.6543,0.628222,-1.03267,0.0227495,0.0027399,0.00261336,0.000126543,0.935619,25.2742,0.0331159,0.00446381,0.144071,31.2675,3.38382
0,4.8904,0.437217,-0.534455,0.0207321,4.03456e-05,4.80882e-06,3.55368e-05,0.912396,17.6374,4.24093e-05,8.14278e-06,0.144071,0.0371968,2.53352
0,13.9742,0.479356,-1.02949,0.00937248,0.00632638,0.00608154,0.000244844,0.915472,19.2157,0.0588026,0.0104018,0.144071,23.3244,3.36404
0,5.83968,0.940189,-0.726202,0.0229752,8.8298e-05,5.09309e-05,3.73671e-05,0.957214,37.9255,0.000965877,8.62591e-05,0.144071,0.895003,2.88886
0,65.21144,0.48764078,-1.3702647,0.021981391,0.13931731,0.099408985,0.03990832,0.82880229,16.93161,0.97780178,0.35308556,0.14407067,1807.2564,4.2747385
0,4.62005,0.814526,-0.533408,0.0135004,6.65166e-05,7.28595e-06,5.92306e-05,0.950959,32.8573,0.000119706,1.23376e-05,0.144071,0.0655971,2.56163
0,23.7429,0.441985,-1.11297,0.0167936,0.0100821,0.00977179,0.000310334,0.906883,17.6507,0.0871177,0.0169623,0.144071,63.194,3.50647
0,5.87544,0.302119,-0.773335,0.0154489,0.00018425,0.000138742,4.55079e-05,0.877921,12.1858,0.000845495,0.000235016,0.144071,0.574419,2.91315
0,29.821116,0.94708769,-1.3337715,0.02160682,0.12554678,0.085256887,0.040289891,0.87304246,33.41042,1.628714,0.22478564,0.14407067,2118.5724,4.3068641
0,5.85414,0.552222,-0.671637,0.0207978,6.54531e-05,2.79182e-05,3.75348e-05,0.929331,22.2762,0.000310976,4.72783e-05,0.144071,0.26865,2.77234
0,42.20255,0.4871329,-1.268498,0.01306296,0.08564227,0.07696482,0.008677446,0.8648719,17.96879,0.7562491,0.1607659,0.1440707,497.3244,3.852304
0,12.3858,0.374917,-1.05368,0.0149266,0.00536345,0.00520188,0.00016157,0.895962,15.0437,0.0393387,0.00891148,0.144071,25.4573,3.39314
0,4.56224,0.978298,-0.520802,0.016055,5.55821e-05,5.21072e-06,5.03714e-05,0.958831,39.4641,0.000102824,8.82348e-06,0.144071,0.0664582,2.54969
0,5.75519,0.660976,-0.781922,0.0211723,0.000153779,0.000113037,4.07427e-05,0.9402,26.6609,0.00150706,0.000191483,0.144071,1.31036,2.96425
0,6.15554,0.996541,-0.81655,0.0235296,0.000200862,0.00015865,4.22119e-05,0.959459,40.1942,0.00318904,0.000268813,0.144071,3.02023,3.04212
0,6.48484,0.966218,-0.75172,0.0198684,0.000126189,8.17317e-05,4.44569e-05,0.958293,38.9741,0.00159291,0.000138437,0.144071,1.27506,2.93264
0,6.06854,0.899207,-0.769015,0.0100994,0.000289195,0.000200762,8.84331e-05,0.955223,36.2651,0.00364138,0.000340093,0.144071,1.48633,2.95785
0,15.43722,0.9712287,-1.12248,0.0145879,0.01351383,0.01260926,0.0009045723,0.9497385,38.65162,0.2470224,0.0220643,0.1440707,149.3083,3.576883
0,0.32707,0.21341,-0.61735,0.012602,0,0,0,8.54,8.6094,0,0,0.14407,0.0056263,2.5194
0,6.19316,0.995965,-0.891895,0.0233993,0.000475292,0.000419497,5.57944e-05,0.959258,40.1599,0.00842749,0.000711498,0.144071,7.94456,3.16811
0,6.04302,0.492157,-0.79391,0.0186087,0.000194235,0.000150009,4.42259e-05,0.921306,19.8506,0.00148918,0.000254131,0.144071,1.1614,2.97001
0,32.91869,0.4908078,-1.181367,0.008682718,0.04489573,0.04319462,0.001701104,0.8923384,18.91113,0.4276281,0.07898141,0.1440707,165.6554,3.644282
0,4.97704,0.444105,-0.508258,0.0205473,3.93659e-05,3.46571e-06,3.59002e-05,0.913638,17.9153,3.10458e-05,5.86846e-06,0.144071,0.0269505,2.49077
0,20.820653,0.83268293,-1.3902465,0.0088991517,0.063293371,0.036077662,0.027215709,2.2456494,31.465774,0.60595897,0,0.14407067,1602.2722,4.2487299
0,42.29385,0.9179244,-1.226009,0.01036285,0.07120994,0.0606169,0.01059305,0.9086756,34.39376,1.122343,0.1174177,0.1440707,524.9535,3.817959
0,6.21567,0.833897,-0.885622,0.0168251,0.000608841,0.00053827,7.05709e-05,0.951691,33.6204,0.00905395,0.0009129,0.144071,6.1848,3.14863
0,13.8492,0.564944,-1.12157,0.014313,0.0132474,0.0127379,0.000509514,0.922341,22.4889,0.145154,0.0222258,0.144071,88.4102,3.53722
0,33.426127,0.47437417,-1.3518521,0.016140511,0.16785176,0.12470521,0.043146548,0.80697567,15.924907,1.1932483,0.37958053,0.14407067,1378.0818,4.1590564
0,31.495662,0.65762484,-1.3248016,0.022485886,0.094659409,0.069642045,0.025017364,0.87738198,24.018472,0.92379348,0.19249154,0.14407067,1350.5655,4.1256264
0,4.56045,0.829094,-0.566657,0.0118228,8.07611e-05,1.2752e-05,6.8009e-05,0.95177,33.4444,0.000213259,2.15939e-05,0.144071,0.102255,2.6177
0,6.11689,0.38274,-0.781215,0.0164518,0.000190477,0.000144155,4.63222e-05,0.901068,15.4375,0.00111291,0.000244196,0.144071,0.784529,2.93709
0,44.89355,0.8943691,-1.165892,0.02457916,0.01385705,0.01279723,0.00105982,0.9461186,35.58048,0.230865,0.02287102,0.1440707,240.9662,3.662687
0,5.82901,0.256543,-0.708247,0.0162631,9.65418e-05,5.71362e-05,3.94056e-05,0.859355,10.3484,0.000295663,9.67611e-05,0.144071,0.215995,2.79773
0,6.23753,0.404861,-0.874081,0.0144624,0.000601976,0.000540046,6.19298e-05,0.9057,16.323,0.00441024,0.000915712,0.144071,2.72052,3.09422
0,5.29402,0.94543,-0.699724,0.00962042,0.000174472,8.65661e-05,8.79055e-05,0.957385,38.1337,0.00165083,0.000146611,0.144071,0.640356,2.84513
0,44.9691,0.2553697,-1.253855,0.008506077,0.1051216,0.1026044,0.002517229,0.7930359,9.2191,0.5285188,0.2045594,0.1440707,230.5588,3.74636
0,33.3493,0.245128,-1.16698,0.0158982,0.0205872,0.020213,0.000374151,0.841231,9.68532,0.0999425,0.035858,0.144071,74.8116,3.57141
0,5.0167,0.915961,-0.695655,0.0176206,9.24452e-05,4.48583e-05,4.75869e-05,0.956131,36.9481,0.000828791,7.59701e-05,0.144071,0.589624,2.83681
0,5.74458,0.537966,-0.733199,0.0207145,0.000100333,6.18016e-05,3.85313e-05,0.927572,21.7003,0.000670625,0.000104671,0.144071,0.578172,2.87335
0,14.1068,0.817225,-0.998851,0.0180403,0.00227948,0.00214017,0.000139315,0.949678,32.8932,0.0352789,0.00364571,0.144071,25.9652,3.33942
0,5.93349,0.845373,-0.83873,0.0159181,0.000375365,0.00031174,6.36251e-05,0.952462,34.091,0.00531576,0.000528335,0.144071,3.43107,3.07093
0,35.0603,0.682752,-1.06868,0.0100018,0.00982024,0.0093692,0.000451041,0.935745,27.273,0.12903,0.0161243,0.144071,53.5759,3.45183
0,19.8774,0.629796,-1.10866,0.00988993,0.0163361,0.0156485,0.000687677,0.926982,24.992,0.198791,0.027253,0.144071,82.8277,3.51988
0,37.10195,0.4461046,-1.251128,0.02384733,0.03878399,0.03619788,0.002586115,0.8890925,17.29867,0.3257204,0.07045311,0.1440707,372.6002,3.795879
0,39.486972,0.9923704,-1.2961543,0.013195041,0.12304437,0.089148054,0.03389632,0.87638062,35.10804,1.7844765,0.22704062,0.14407067,1367.935,4.1010086
0,19.98917,0.9444097,-1.144646,0.023496,0.01112313,0.01032694,0.0007961906,0.9501805,37.67539,0.196724,0.01821132,0.1440707,193.3857,3.620899
0,10.61,0.761194,-0.999987,0.021895,0.00190006,0.0017895,0.000110559,0.946519,30.6496,0.0274759,0.00304802,0.144071,24.6318,3.33759
0,5.4056,0.22899,-0.67001,0.021349,5.4906e-05,2.6637e-05,2.827e-05,0.84509,9.2375,0.00012303,4.5106e-05,0.14407,0.11998,2.7293
0,8.864,0.842746,-0.986459,0.0193864,0.00181835,0.00169992,0.000118433,0.951385,33.936,0.0288968,0.00289335,0.144071,22.8056,3.31975
0,5.6763,0.2344,-0.80005,0.020756,0.00017656,0.00014553,3.1026e-05,0.84804,9.4545,0.00068808,0.00024654,0.14407,0.65028,2.9463
0,5.93648,0.462516,-0.857906,0.0240894,0.000300874,0.000263495,3.73791e-05,0.916623,18.6531,0.00245824,0.000446627,0.144071,2.49557,3.07357
0,6.02496,0.345443,-0.867856,0.0224285,0.000358702,0.000321545,3.71573e-05,0.891451,13.9308,0.00224049,0.0005451,0.144071,2.17767,3.07646
0,6.89004,0.712618,-0.978679,0.0150469,0.00211026,0.00198192,0.000128335,0.943022,28.6876,0.0284885,0.00337324,0.144071,17.5996,3.29764
0,12.62919,0.6375722,-1.159294,0.02463539,0.01240787,0.0118122,0.0005956712,0.9302316,25.40166,0.1519097,0.02096469,0.1440707,160.752,3.619713
0,6.11517,0.322031,-0.937595,0.0178521,0.0010438,0.000987657,5.6146e-05,0.884058,12.9777,0.00641547,0.00167734,0.144071,5.01031,3.18956
0,4.64251,0.452965,-0.5157,0.00931649,8.79506e-05,8.40998e-06,7.95406e-05,0.915153,18.2718,7.68396e-05,1.42409e-05,0.144071,0.0301937,2.50405
0,51.19732,0.7550072,-1.193977,0.02338529,0.02048425,0.01890396,0.001580293,0.9339747,29.83443,0.2878916,0.03448114,0.1440707,293.592,3.711141
0,6.07846,0.792646,-0.850583,0.00954324,0.000713256,0.00060532,0.000107936,0.949256,31.9539,0.00967808,0.00102618,0.144071,3.7575,3.08752
0,42.02517,0.6051369,-1.221682,0.01421688,0.04626759,0.04287518,0.003392409,0.9049732,23.28281,0.523341,0.08095993,0.1440707,337.5293,3.754543
0,5.95538,0.919315,-0.883938,0.00961166,0.00104884,0.000921917,0.000126927,0.955662,37.0479,0.0170955,0.00156383,0.144071,6.6418,3.1507
0,5.12781,0.374292,-0.700784,0.0213509,7.37378e-05,3.95426e-05,3.41952e-05,0.899136,15.0985,0.000298539,6.69659e-05,0.144071,0.273663,2.80244
0,16.08001,0.8721471,-1.132971,0.01306901,0.01706047,0.01600956,0.001050903,0.9429513,34.58372,0.28164,0.02818147,0.1440707,153.9664,3.589857
0,47.91178,0.6734639,-1.242446,0.009676952,0.08738271,0.07735342,0.01002929,0.8834994,24.79466,1.050797,0.1552975,0.1440707,480.7201,3.821283
0,5.4093,0.21675,-0.65821,0.024501,0.00013277,1.9937e-05,0.00011283,0.83775,8.743,8.7168e-05,3.3773e-05,0.14407,0.098433,2.7073
0,4.43577,0.888946,-0.568584,0.0157957,6.09142e-05,9.78392e-06,5.11303e-05,0.95488,35.8595,0.000175434,1.65677e-05,0.144071,0.112019,2.62431
0,4.59731,0.730609,-0.537802,0.0114501,7.8267e-05,9.08923e-06,6.91778e-05,0.94563,29.4718,0.000133948,1.53913e-05,0.144071,0.0626047,2.56362
0,20.47948,0.9708103,-1.365761,0.01783107,0.02050111,0.002439291,0.01806182,3.488082,38.36132,0.04776646,0,0.1440707,918.2423,4.062812
0,6.45686,0.675836,-0.94386,0.01117,0.00184121,0.00170972,0.000131489,0.940348,27.2142,0.0233073,0.00290539,0.144071,10.7054,3.23594
0,42.23057,0.488397,-1.20069,0.01984095,0.02515815,0.02407878,0.001079364,0.9047552,19.20712,0.2372099,0.04430079,0.1440707,212.6878,3.68558
0,24.7898,0.7022,-1.09043,0.0206887,0.00626586,0.00597456,0.000291303,0.939556,28.1505,0.0846237,0.0103079,0.144071,72.8288,3.4931
0,6.21942,0.616692,-0.941187,0.02334,0.000850367,0.000791082,5.92844e-05,0.935739,24.8573,0.00984045,0.00134353,0.144071,9.49478,3.22687
0,14.9116,0.592279,-1.12484,0.0216187,0.00917469,0.00880302,0.000371672,0.927933,23.6744,0.105168,0.0153466,0.144071,96.481,3.54655
0,5.7143,0.23219,-0.6485,0.011541,8.99e-05,3.738e-05,5.252e-05,0.84687,9.3662,0.00017507,6.3298e-05,0.14407,0.092087,2.6942
0,6.13712,0.619759,-0.881314,0.0117722,0.00081753,0.000727887,8.96431e-05,0.936055,24.9817,0.00909938,0.00123451,0.144071,4.4209,3.12673
0,31.32154,0.5646292,-1.234687,0.008629775,0.08732233,0.0808235,0.006498824,0.8734313,20.78911,0.9205051,0.1576248,0.1440707,369.0359,3.778252
0,6.13771,0.810988,-0.738521,0.0102546,0.000216734,0.000133662,8.30728e-05,0.950659,32.7096,0.00218648,0.000226396,0.144071,0.910494,2.90207
0,6.02845,0.879982,-0.886547,0.0115562,0.000898069,0.00079294,0.000105129,0.953898,35.4682,0.0140747,0.00134502,0.144071,6.58742,3.15288
0,5.85167,0.57902,-0.802592,0.021423,0.000185967,0.000145668,4.02988e-05,0.932301,23.3544,0.00170131,0.000246788,0.144071,1.50957,2.99223
0,11.99722,0.967496,-1.109863,0.01658006,0.01014377,0.009490614,0.0006531546,0.9517977,38.6346,0.1852118,0.01650869,0.1440707,126.6391,3.551402
0,5.32432,0.579695,-0.702587,0.0103148,0.000160789,8.37635e-05,7.70255e-05,0.932391,23.3822,0.000979444,0.000141863,0.144071,0.418268,2.82607
0,45.0961,0.292928,-1.15629,0.00991267,0.0288957,0.0282837,0.000611945,0.85672,11.4758,0.167118,0.0501309,0.144071,75.8713,3.56165
0,25.534,0.336152,-1.1072,0.0232145,0.00675082,0.00658462,0.000166203,0.884796,13.4694,0.0446469,0.011394,0.144071,45.8964,3.48091
0,5.92314,0.503376,-0.871594,0.0127472,0.000668509,0.000593452,7.50563e-05,0.92262,20.2935,0.00602564,0.00100627,0.144071,3.21589,3.10043
0,29.076102,0.92937646,-1.3296451,0.0086943856,0.24289893,0.16966289,0.073236033,0.78818448,28.385771,3.1805608,0.52978731,0.14407067,1890.8218,4.2526684
0,16.1868,0.495829,-1.0495,0.0241847,0.00316428,0.00304635,0.00011793,0.91995,19.9393,0.0304675,0.00521248,0.144071,31.1436,3.40042
0,4.64307,0.758029,-0.57878,0.0142883,6.8156e-05,1.23297e-05,5.58264e-05,0.947498,30.5782,0.000188522,2.08786e-05,0.144071,0.109737,2.63345
1,45.9043,0.922824,-1.28242,0.0193037,,,,,,,,,,
0,5.79646,0.283624,-0.74352,0.0105037,0.00020374,0.00013915,6.45902e-05,0.870982,11.4396,0.00079607,0.000235685,0.144071,0.370605,2.86078
0,97.16732,0.9340974,-1.257474,0.008370491,0.1248518,0.09946852,0.02538329,0.8727828,32.97835,1.874144,0.2177648,0.1440707,785.0524,3.920609
0,32.40137,0.2386646,-1.303398,0.01667162,0.09442373,0.09013325,0.004290478,0.7916757,8.719032,0.4339086,0.1972183,0.1440707,412.7463,3.861203
0,34.3376,0.48875,-1.08971,0.0196974,0.00644723,0.00622657,0.000220661,0.916815,19.5899,0.0613848,0.0107263,0.144071,51.4574,3.47037
0,17.2718,0.305866,-1.13807,0.0183633,0.0125128,0.0122355,0.000277252,0.871573,12.1848,0.0754881,0.0214138,0.144071,62.6607,3.53103
0,37.91359,0.203664,-1.212769,0.01774972,0.03198384,0.03146979,0.0005140492,0.8098862,7.953384,0.1292805,0.0578311,0.1440707,114.8995,3.64703
0,13.5577,0.6940564,-1.118159,0.02042984,0.008986443,0.008564885,0.000421558,0.9371699,27.74786,0.1199062,0.01490431,0.1440707,102.7603,3.544325
0,5.73736,0.268809,-0.778729,0.0174315,0.000170474,0.000131787,3.86869e-05,0.864858,10.8424,0.000714566,0.00022323,0.144071,0.556038,2.91687
0,30.89235,0.32345991,-1.3543074,0.022300709,0.11535948,0.092100029,0.023259449,0.8113413,11.543631,0.60090442,0.28353005,0.14407067,1025.4015,4.0778378
0,5.71233,0.793903,-0.655615,0.0144379,8.90907e-05,3.27359e-05,5.63549e-05,0.949736,32.0246,0.000524223,5.5437e-05,0.144071,0.307625,2.76329
0,45.78113,0.6701717,-1.196739,0.01137113,0.04253933,0.03978634,0.002752987,0.9132956,25.88584,0.5378303,0.07347276,0.1440707,269.9095,3.704982
0,4.42609,0.842011,-0.516424,0.0179482,4.90194e-05,4.40626e-06,4.46132e-05,0.952494,33.9666,7.48365e-05,7.46124e-06,0.144071,0.0544325,2.53506
0,5.87806,0.319437,-0.837246,0.0148247,0.000380099,0.00032842,5.1679e-05,0.883644,12.8817,0.00211612,0.000556586,0.144071,1.37105,3.02191
0,36.15606,0.2150657,-1.37177,0.02112709,0.134466,0.1125086,0.02195748,0.7535626,7.509489,0.4880697,0.3745336,0.1440707,898.7913,4.063943
0,35.00229,0.2563383,-1.246063,0.02045438,0.04086808,0.03988007,0.0009880081,0.8341106,9.918524,0.2062028,0.07696548,0.1440707,213.3748,3.731251
0,6.16821,0.429846,-0.890807,0.0202955,0.000524206,0.000476964,4.7242e-05,0.910722,17.3317,0.00413545,0.000808926,0.144071,3.56123,3.12495
0,5.00554,0.560122,-0.615904,0.0180119,5.87627e-05,1.57566e-05,4.30062e-05,0.930262,22.595,0.00017802,2.66817e-05,0.144071,0.133051,2.68048
0,4.96187,0.454792,-0.532222,0.0157427,5.32769e-05,6.1538e-06,4.71231e-05,0.915486,18.3462,5.64523e-05,1.04203e-05,0.144071,0.0374706,2.53167
0,49.369095,0.49495011,-1.3754073,0.017239552,0.19195188,0.13552508,0.056426797,0.79439743,16.134437,1.3530264,0.4809465,0.14407067,1919.4467,4.3047612
0,6.12237,0.405221,-0.904692,0.0130545,0.000960927,0.000885872,7.50559e-05,0.90555,16.3316,0.00724083,0.00150315,0.144071,4.03385,3.14533
0,6.00658,0.992826,-0.84252,0.0208482,0.000301118,0.000249891,5.12267e-05,0.959249,40.0403,0.00500436,0.000423518,0.144071,4.20091,3.08527
0,13.9291,0.881158,-0.999559,0.0138929,0.00299573,0.00280389,0.000191842,0.952591,35.441,0.0498357,0.00477729,0.144071,28.1456,3.3447
0,14.954,0.755482,-1.02104,0.0220423,0.00245873,0.00232542,0.000133316,0.945783,30.4025,0.0354364,0.00396778,0.144071,32.045,3.3736
0,4.8616,0.782665,-0.635889,0.0174877,6.7187e-05,2.0978e-05,4.6209e-05,0.949066,31.572,0.00033118,3.55244e-05,0.144071,0.235561,2.72983
0,11.4441,0.523972,-1.0336,0.022437,0.00279466,0.00268125,0.000113411,0.924062,21.0789,0.0283381,0.00458044,0.144071,26.7212,3.37579
0,30.50712,0.5547889,-1.176794,0.01783707,0.02105195,0.02012812,0.0009238263,0.9161273,21.91001,0.2252456,0.03625308,0.1440707,176.2757,3.644964
0,31.5101,0.696441,-1.03561,0.0100482,0.00645265,0.00613444,0.000318209,0.938997,27.9144,0.0861756,0.0104957,0.144071,35.7355,3.39449
0,21.075,0.854885,-1.08193,0.0137587,0.00852756,0.00805693,0.00047063,0.947658,34.1935,0.138932,0.0138961,0.144071,78.6317,3.48966
0,47.59042,0.5792487,-1.217334,0.01371271,0.04517504,0.04226613,0.002908904,0.90307,22.31228,0.493836,0.0793773,0.1440707,306.5347,3.739227
0,5.95844,0.812732,-0.795664,0.0228034,0.000165292,0.000125203,4.00884e-05,0.950792,32.7817,0.00205252,0.000212109,0.144071,1.90082,2.99722
0,6.03805,0.291622,-0.914134,0.0155317,0.000896879,0.000840463,5.64167e-05,0.873644,11.754,0.00494383,0.00142632,0.144071,3.39722,3.14582
0,5.3684,0.337433,-0.581453,0.0119602,7.32188e-05,1.52444e-05,5.79744e-05,0.889342,13.6117,0.000103758,2.58139e-05,0.144071,0.0538603,2.59954
0,11.8577,0.545896,-1.12918,0.0101091,0.0205247,0.0197581,0.000766541,0.915423,21.5704,0.217561,0.0347013,0.144071,94.2179,3.54923
0,4.61397,0.826361,-0.54863,0.019383,4.75162e-05,6.17057e-06,4.13456e-05,0.951639,33.3353,0.000102854,1.04488e-05,0.144071,0.0808644,2.58761
0,6.2905,0.24155,-0.95047,0.01726,0.0012572,0.0012047,5.2541e-05,0.85122,9.7324,0.0058694,0.0020469,0.14407,4.6044,3.198
0,5.36255,0.298438,-0.529129,0.0169444,4.47889e-05,5.49483e-06,3.92941e-05,0.876689,12.039,3.30776e-05,9.30426e-06,0.144071,0.0246768,2.50711
0,5.10415,0.389243,-0.700264,0.0223104,7.06364e-05,3.75905e-05,3.30458e-05,0.902634,15.7017,0.000295138,6.36599e-05,0.144071,0.281607,2.80339
0,4.96885,0.512157,-0.585868,0.018096,5.26672e-05,1.06633e-05,4.20039e-05,0.924232,20.6602,0.000110159,1.80567e-05,0.144071,0.0832552,2.62634
0,110.6994,0.7499687,-1.270028,0.01099006,0.1085034,0.08816264,0.02034075,0.8747184,26.9723,1.333684,0.194881,0.1440707,752.7603,3.924734
0,36.07017,0.3985063,-1.25245,0.01309482,0.06926109,0.0656566,0.003604484,0.86026,14.96299,0.5277628,0.1305011,0.1440707,338.7971,3.78575
0,9.49876,0.647306,-0.999186,0.0187892,0.00217854,0.00206361,0.000114923,0.937713,26.0566,0.0269441,0.00351548,0.144071,20.9208,3.32768
0,5.25339,0.447214,-0.710094,0.00859527,0.000199539,0.000110694,8.88447e-05,0.914085,18.0378,0.000998541,0.000187478,0.144071,0.362448,2.82621
0,5.6495,0.500489,-0.673284,0.00878487,0.000155311,6.75054e-05,8.78053e-05,0.922538,20.1875,0.000681488,0.000114322,0.144071,0.250497,2.77039
0,4.59886,0.983387,-0.545984,0.0191442,4.83713e-05,6.03883e-06,4.23324e-05,0.95904,39.6697,0.000119785,1.02258e-05,0.144071,0.0922978,2.59176
0,4.58321,0.615214,-0.512728,0.0143975,5.91608e-05,5.23822e-06,5.39226e-05,0.936104,24.8174,6.50034e-05,8.87001e-06,0.144071,0.0385905,2.51369
0,48.30724,0.6593289,-1.199062,0.0161251,0.03102569,0.02899942,0.002026276,0.9199726,25.77327,0.3856707,0.05338124,0.1440707,274.8672,3.709203
0,40.007162,0.57416205,-1.3990881,0.019922065,0.1840363,0.18403446,1.8354985e-06,0.80866736,18.899943,2.1313699,0.56414428,0.14407067,2994.0046,4.559947
0,6.08348,0.724832,-0.81546,0.00835238,0.000551493,0.000440653,0.00011084,0.944915,29.2249,0.00644258,0.000746751,0.144071,2.19879,3.02456
0,59.929541,0.32937008,-1.3848053,0.012909769,0.25114662,0.18777756,0.063369062,0.72044217,9.9502984,1.2475357,0.72465319,0.14407067,1472.7295,4.2138017
0,12.49481,0.7441009,-1.134628,0.01485275,0.01520461,0.01441236,0.0007922518,0.9367382,29.56194,0.2163177,0.02533038,0.1440707,135.3321,3.581266
0,5.0292,0.736575,-0.644032,0.0101025,0.000120296,4.03161e-05,7.998e-05,0.946019,29.7112,0.000598992,6.82742e-05,0.144071,0.246913,2.7404
0,5.96831,0.676673,-0.737996,0.0153371,0.000142874,8.87709e-05,5.41032e-05,0.941511,27.2943,0.00121164,0.000150354,0.144071,0.761976,2.89236
0,10.5024,0.355301,-1.0407,0.0235338,0.0028857,0.00279793,8.77698e-05,0.892556,14.2921,0.020052,0.004784,0.144071,20.5485,3.3682
0,15.9362,0.332549,-1.1408,0.0247738,0.00962241,0.00939318,0.000229231,0.881936,13.2865,0.0630076,0.0164388,0.144071,69.9319,3.54081
0,5.88018,0.601022,-0.859788,0.0161161,0.00046414,0.000403446,6.06942e-05,0.934435,24.235,0.00489104,0.000683929,0.144071,3.25838,3.0893
0,6.06362,0.472962,-0.906567,0.0224133,0.000575393,0.000528619,4.67741e-05,0.918135,19.0692,0.00504306,0.000896847,0.144071,4.75868,3.15583
0,39.69603,0.4568804,-1.215445,0.01391074,0.04271027,0.04085948,0.001850796,0.888454,17.64416,0.3765481,0.07637119,0.1440707,240.4823,3.712042
0,6.21627,0.732086,-0.89955,0.00976797,0.00123134,0.00110819,0.00012315,0.944988,29.4973,0.0163645,0.0018805,0.144071,6.53539,3.16546
0,8.830624,0.4747309,-1.169896,0.02484755,0.01384952,0.013357,0.0004925111,0.9099458,18.88625,0.1279033,0.02381789,0.1440707,140.0086,3.619188
0,47.16782,0.7130865,-1.180427,0.01728428,0.02312188,0.02167801,0.001443872,0.9293738,28.10204,0.3118076,0.03919975,0.1440707,233.5174,3.674162
0,5.46184,0.302997,-0.502671,0.0184097,3.99389e-05,3.6003e-06,3.63386e-05,0.878321,12.223,2.2004e-05,6.09626e-06,0.144071,0.0178021,2.46387
0,4.61901,0.62214,-0.584716,0.0242572,4.00696e-05,7.8381e-06,3.22315e-05,0.936782,25.0972,9.83612e-05,1.32726e-05,0.144071,0.098315,2.63374
0,48.01225,0.2892293,-1.235808,0.01361262,0.05428002,0.05286334,0.001416685,0.8393893,11.03469,0.3084055,0.1013763,0.1440707,206.7816,3.718104
0,5.5211,0.332198,-0.598018,0.0116966,7.83664e-05,1.92839e-05,5.90825e-05,0.887792,13.4004,0.000129217,3.26544e-05,0.144071,0.0657121,2.62633
0,4.67348,0.653577,-0.50206,0.0230965,3.66976e-05,2.84721e-06,3.38504e-05,0.939641,26.3655,3.75354e-05,4.82119e-06,0.144071,0.0356134,2.49889
0,5.89724,0.699822,-0.851437,0.0229415,0.000298144,0.000254631,4.35136e-05,0.943233,28.2237,0.00359438,0.000431581,0.144071,3.37689,3.08281
0,6.04985,0.420099,-0.855839,0.01498,0.000470635,0.000412599,5.80355e-05,0.90888,16.9396,0.00349627,0.000699403,0.144071,2.22574,3.06557
0,25.9992,0.229232,-1.15258,0.0153158,0.017844,0.0175388,0.000305184,0.834412,9.08263,0.0810962,0.0309344,0.144071,58.7828,3.5415
0,6.30509,0.514019,-0.942428,0.0212979,0.000940838,0.000880823,6.00146e-05,0.923919,20.7169,0.00913257,0.00149601,0.144071,8.14331,3.21996
0,7.10761,0.272259,-1.04531,0.0241681,0.00296124,0.00288765,7.35984e-05,0.864626,10.9509,0.0158581,0.00494259,0.144071,17.2447,3.36316
0,32.261059,0.49463357,-1.3312338,0.012930244,0.16092942,0.12494854,0.035980885,0.8149323,16.743153,1.2466368,0.36357692,0.14407067,1100.9208,4.0730802
0,26.4678,0.775626,-1.08073,0.0113946,0.0100873,0.00957659,0.000510746,0.942124,30.9745,0.149826,0.0165218,0.144071,70.5489,3.48131
0,4.49545,0.749229,-0.574542,0.0195795,4.92197e-05,8.52106e-06,4.06987e-05,0.946927,30.2238,0.000128776,1.44291e-05,0.144071,0.10278,2.62585
0,34.90425,0.202028,-1.305301,0.01378823,0.1138524,0.1103242,0.003528236,0.7582155,7.222255,0.4495805,0.2443589,0.1440707,365.8089,3.847788
0,5.44318,0.314662,-0.574764,0.0243837,3.47068e-05,6.86189e-06,2.7845e-05,0.882304,12.6936,4.35525e-05,1.16192e-05,0.144071,0.04646,2.58526
0,46.13869,0.5413793,-1.274475,0.01125905,0.1068904,0.09286104,0.01402937,0.8576621,19.5057,1.014052,0.2014076,0.1440707,587.8416,3.88445
0,6.14908,0.478108,-0.755448,0.0100113,0.000249015,0.000170152,7.88632e-05,0.919149,19.2829,0.00164092,0.000288218,0.144071,0.689977,2.9047
0,5.4965,0.264088,-0.588081,0.0117786,7.10748e-05,1.68552e-05,5.42196e-05,0.862837,10.653,8.97858e-05,2.85411e-05,0.144071,0.0473094,2.59951
0,31.983674,0.93811928,-1.3152462,0.010122796,0.18725879,0.13324309,0.054015706,0.82901962,30.758525,2.5213197,0.37819565,0.14407067,1619.0305,4.1775183
0,5.81946,0.569539,-0.651497,0.00875263,0.000140359,5.12159e-05,8.91436e-05,0.931283,22.973,0.000588374,8.67336e-05,0.144071,0.213452,2.74037
0,42.02618,0.3546336,-1.177911,0.009852278,0.03774247,0.03675713,0.0009853435,0.8703686,13.76659,0.2629339,0.06658333,0.1440707,118.2667,3.61431
0,44.967822,0.76866453,-1.3600093,0.018968169,0.15370265,0.10467867,0.049023982,0.84592466,26.243091,1.6230063,0.35867425,0.14407067,2405.7264,4.3953937
0,5.10604,0.560853,-0.600143,0.0118091,8.49913e-05,1.96283e-05,6.5363e-05,0.930329,22.6239,0.000222053,3.32382e-05,0.144071,0.108798,2.65437
0,42.3936,0.6937911,-1.172812,0.01784671,0.02031135,0.01915155,0.001159798,0.9297716,27.42029,0.2680142,0.03442678,0.1440707,206.5322,3.654997
0,6.09067,0.520137,-0.861683,0.00895316,0.000849097,0.000743955,0.000105142,0.924799,20.9654,0.0078053,0.00126143,0.144071,2.91832,3.08547
0,5.7046,0.21521,-0.57296,0.011468,6.4727e-05,1.4256e-05,5.047e-05,0.83678,8.6813,6.1885e-05,2.4138e-05,0.14407,0.032735,2.5655
0,7.17558,0.625593,-0.992861,0.0116188,0.00324728,0.00307547,0.000171806,0.935046,25.1556,0.0388087,0.00524138,0.144071,18.6744,3.31508
0,27.143,0.371448,-1.11032,0.0111019,0.0146664,0.0142766,0.000389808,0.889254,14.7651,0.106967,0.0248005,0.144071,52.1079,3.49176
0,4.54075,0.855984,-0.518703,0.0113816,7.76206e-05,7.15477e-06,7.04658e-05,0.953214,34.5292,0.000123534,1.21155e-05,0.144071,0.0569351,2.53965
0,6.03217,0.873427,-0.860865,0.0186932,0.000411243,0.000352665,5.85777e-05,0.953888,35.2211,0.00621319,0.000597851,0.144071,4.70347,3.10952
0,5.50428,0.421795,-0.627659,0.0153256,6.97971e-05,2.15366e-05,4.82605e-05,0.909465,17.0148,0.000183233,3.64697e-05,0.144071,0.119187,2.68658
0,6.23133,0.856529,-0.901265,0.0153805,0.000803422,0.0007196,8.38213e-05,0.952771,34.5261,0.0124325,0.00122088,0.144071,7.75603,3.17621
0,11.8051,0.7045576,-1.115987,0.01813179,0.009851993,0.009384904,0.0004670898,0.9374076,28.14309,0.1333741,0.01633125,0.1440707,101.3306,3.541156
0,21.8253,0.893039,-1.01974,0.0200584,0.00267719,0.00251331,0.000163877,0.953375,35.9303,0.0452732,0.00428794,0.144071,36.947,3.38057
0,13.3129,0.623077,-1.02194,0.0148768,0.00365789,0.00348453,0.000173363,0.934544,25.0441,0.0437936,0.00594751,0.144071,27.0264,3.36478
0,9.2762,0.313957,-1.05955,0.0243509,0.00352797,0.00343599,9.1977e-05,0.8799,12.6209,0.0217594,0.00589009,0.144071,23.4493,3.3944
0,212.3505,0.8581725,-1.277122,0.02044067,0.0655764,0.05055333,0.01502307,0.90992,32.34995,0.8750835,0.114775,0.1440707,950.7147,3.982264
0,6.03266,0.656409,-0.726871,0.00950513,0.000210428,0.000124163,8.62645e-05,0.939774,26.4752,0.00164397,0.0002103,0.144071,0.641876,2.8724
0,5.78064,0.366106,-0.729195,0.0133785,0.000145401,9.0891e-05,5.45098e-05,0.897069,14.7672,0.000671202,0.000153941,0.144071,0.386433,2.8486
0,6.24001,0.286682,-0.947513,0.0164069,0.0012802,0.00122012,6.0079e-05,0.871517,11.5505,0.0070555,0.00207305,0.144071,5.13805,3.20079
0,5.0299,0.48155,-0.566407,0.00929686,9.69525e-05,1.61649e-05,8.07875e-05,0.919776,19.4247,0.000157015,2.73731e-05,0.144071,0.0612591,2.59111
0,5.13902,0.765491,-0.710706,0.0190148,9.40416e-05,5.04337e-05,4.36079e-05,0.947966,30.8784,0.000778729,8.54141e-05,0.144071,0.603004,2.85302
0,4.60051,0.760021,-0.560909,0.0120162,7.79307e-05,1.16538e-05,6.62768e-05,0.947622,30.6582,0.000178657,1.97342e-05,0.144071,0.0874452,2.60391
0,12.31,0.391585,-1.05853,0.0198521,0.0042907,0.00415929,0.000131411,0.900501,15.7295,0.0328527,0.00713081,0.144071,28.1846,3.40375
0,12.24158,0.8322318,-1.123042,0.02000536,0.009843909,0.009282824,0.0005610853,0.9455881,33.24322,0.1558295,0.0162057,0.1440707,129.913,3.566528
0,6.00817,0.509087,-0.869222,0.0176086,0.000470977,0.000416767,5.42095e-05,0.923544,20.5278,0.00427967,0.000706591,0.144071,3.15221,3.09701
0,5.82011,0.776445,-0.84112,0.0171537,0.000356459,0.000298299,5.81603e-05,0.948492,31.312,0.00467183,0.00050556,0.144071,3.26321,3.07071
0,28.9994,0.334847,-1.14216,0.0120616,0.020036,0.0195563,0.000479779,0.876078,13.2377,0.132086,0.0343626,0.144071,71.3833,3.54352
0,15.1182,0.940776,-1.0047,0.0177003,0.00251651,0.00235075,0.000165755,0.955658,37.8571,0.0446085,0.00400587,0.144071,32.0154,3.35721
0,84.20949,0.9619213,-1.2534,0.01432139,0.07259644,0.057527,0.01506944,0.909865,35.98848,1.116186,0.1207889,0.1440707,779.8949,3.915195
0,8.95466,0.895928,-0.672818,0.0175031,8.11766e-05,3.36801e-05,4.74965e-05,0.955202,36.1404,0.000608656,5.70361e-05,0.144071,0.430526,2.79779
0,46.08849,0.857641,-1.238575,0.01879308,0.04615185,0.03872008,0.007431769,0.9228419,33.00198,0.6698337,0.07608718,0.1440707,582.8535,3.847143
0,50.32385,0.8272821,-1.256921,0.0163056,0.06519675,0.05303978,0.01215697,0.9085238,31.19816,0.885076,0.1109977,0.1440707,708.4035,3.899893
2,13.692363,0.98514685,-1.3785296,0.024027,0.010884876,-0.00037036254,0.011255239,2.7468834,39.309994,-0.0073595828,0,0.14407067,1407.7988,4.1926008
0,42.43153,0.5182745,-1.267016,0.02207521,0.051225,0.04533388,0.005891122,0.8918656,19.8371,0.4739231,0.09333841,0.1440707,522.3738,3.858211
0,8.88992,0.309668,-0.924569,0.0165035,0.0894785,0.000824504,0.088654,0.869472,11.3747,0.00515008,0.00153486,0.144071,3.77718,3.16178
0,5.8179,0.83697,-0.780541,0.0155222,0.000209271,0.000151466,5.78046e-05,0.952118,33.7578,0.00255712,0.000256589,0.144071,1.60958,2.9735
0,58.094232,0.50244429,-1.3641701,0.013430054,0.21049611,0.15232118,0.058174924,0.78186257,16.002851,1.5437373,0.53439028,0.14407067,1674.3281,4.2389058
0,4.56985,0.83608,-0.55868,0.0151916,6.18113e-05,8.95785e-06,5.28535e-05,0.952165,33.7269,0.00015107,1.51688e-05,0.144071,0.0930368,2.60486
0,38.08869,0.9363716,-1.151879,0.01739119,0.01641366,0.01520579,0.001207868,0.9463555,37.15488,0.2871986,0.02699938,0.1440707,210.1271,3.635649
0,41.91361,0.5357867,-1.238352,0.01906571,0.04230654,0.03908538,0.003221167,0.8999065,20.70016,0.4224073,0.0747846,0.1440707,373.8339,3.783512
0,30.1093,0.672499,-1.07504,0.0155595,0.00684756,0.00653827,0.000309295,0.936841,26.944,0.088691,0.0112472,0.144071,57.3686,3.46244
0,6.49241,0.812314,-0.944556,0.0103,0.00202777,0.00187055,0.000157216,0.949561,32.7038,0.0306492,0.00317911,0.144071,12.8544,3.24645
0,5.04538,0.536261,-0.684148,0.0229677,6.3641e-05,2.96874e-05,3.39536e-05,0.927382,21.6323,0.000321124,5.02752e-05,0.144071,0.307011,2.79172
0,6.16651,0.961512,-0.813156,0.0220135,0.00020678,0.000162347,4.44333e-05,0.958045,38.7811,0.00314864,0.000275071,0.144071,2.79387,3.03468
0,5.79485,0.258814,-0.74623,0.0123376,0.000175495,0.000122666,5.2829e-05,0.860369,10.4392,0.000640378,0.000207761,0.144071,0.354498,2.8612
0,5.5814,0.2377,-0.57066,0.024455,3.1399e-05,6.4907e-06,2.4908e-05,0.84992,9.5888,3.112e-05,1.099e-05,0.14407,0.034563,2.566
0,6.53201,0.608835,-0.95212,0.0218869,0.00103743,0.000970332,6.70967e-05,0.93485,24.536,0.0119164,0.00164874,0.144071,10.7953,3.24465
0,15.4258,0.430856,-1.0261,0.00916067,0.00618622,0.00596,0.000226218,0.907325,17.274,0.0517969,0.0101886,0.144071,20.2539,3.3528
0,33.960433,0.29540604,-1.3671629,0.010790842,0.24873609,0.19897436,0.049761727,0.71179469,8.9529686,1.1856095,0.69115617,0.14407067,1069.2547,4.1013607
0,51.9046,0.486611,-1.09333,0.0156659,0.00847747,0.00818952,0.000287957,0.915199,19.4643,0.0803832,0.0141297,0.144071,53.6598,3.47658
0,5.62236,0.502816,-0.668775,0.0220266,6.02725e-05,2.54094e-05,3.4863e-05,0.922929,20.2833,0.000257709,4.30293e-05,0.144071,0.237421,2.76312
0,4.85979,0.533102,-0.557297,0.0148928,6.02419e-05,8.97676e-06,5.12652e-05,0.926986,21.505,9.65284e-05,1.52007e-05,0.144071,0.059861,2.58082
0,5.08586,0.522511,-0.586661,0.021213,4.51879e-05,9.18964e-06,3.59983e-05,0.925626,21.0781,9.68544e-05,1.55612e-05,0.144071,0.0856797,2.62861
0,6.16728,0.406734,-0.878027,0.0209916,0.0004346,0.000391429,4.31712e-05,0.906198,16.4013,0.00321136,0.000663697,0.144071,2.87414,3.10102
0,5.62779,0.281307,-0.724049,0.013681,0.000132355,8.31999e-05,4.91547e-05,0.870102,11.3469,0.000472095,0.000140908,0.144071,0.28655,2.82807
0,30.4755,0.477981,-1.06156,0.00861129,0.0103047,0.00994269,0.000362007,0.91272,19.0839,0.0958604,0.0170917,0.144071,35.0767,3.41936
0,6.133,0.412832,-0.866778,0.0172816,0.000462808,0.000411552,5.12562e-05,0.907434,16.6467,0.00342707,0.000697719,0.144071,2.52124,3.08297
0,5.28735,0.410502,-0.709064,0.0169051,9.96439e-05,5.55453e-05,4.40986e-05,0.907188,16.5587,0.000459925,9.40693e-05,0.144071,0.33085,2.82048
0,5.6334,0.20729,-0.50631,0.0090036,7.0513e-05,7.7008e-06,6.2813e-05,0.83159,8.3619,3.2199e-05,1.3062e-05,0.14407,0.013479,2.4532
0,44.38161,0.652106,-1.236917,0.02114889,0.03841029,0.03433362,0.004076678,0.9144186,25.29666,0.4516094,0.06618755,0.1440707,441.3868,3.80373
0,29.718034,0.7474099,-1.3447793,0.013018292,0.19840992,0.13840991,0.060000002,0.8115056,24.169427,2.0866577,0.42974594,0.14407067,1899.2316,4.2696637
0,5.94157,0.609351,-0.817121,0.0125256,0.000371518,0.000300202,7.13166e-05,0.935329,24.5732,0.00368983,0.000508693,0.144071,1.90804,3.01888
0,6.55741,0.86477,-0.960443,0.0164613,0.00154909,0.00143487,0.000114223,0.952711,34.8323,0.0250287,0.00243951,0.144071,16.735,3.27665
0,30.00294,0.2568085,-1.220886,0.02216421,0.02814271,0.02754554,0.0005971651,0.842223,10.06855,0.1426875,0.05140212,0.1440707,155.2425,3.678443
0,5.07337,0.63874,-0.70202,0.0150975,0.000110195,5.68144e-05,5.33809e-05,0.938278,25.7651,0.000731994,9.62193e-05,0.144071,0.454679,2.8298
0,21.0808,0.933469,-1.01272,0.0198246,0.00248473,0.0023252,0.00015953,0.955359,37.5642,0.043781,0.00396435,0.144071,35.2226,3.37075
0,6.05254,0.315066,-0.928107,0.012767,0.00129762,0.00122285,7.4774e-05,0.881653,12.6938,0.00777138,0.00207632,0.144071,4.35028,3.17268
0,4.72578,0.739592,-0.609746,0.0159733,6.64869e-05,1.64162e-05,5.00706e-05,0.946262,29.8345,0.000244901,2.7799e-05,0.144071,0.159576,2.68367
0,14.72342,0.5721096,-1.164345,0.01811211,0.01781827,0.01705153,0.0007667343,0.9201902,22.66868,0.1967741,0.03042652,0.1440707,154.7416,3.621639
0,4.85903,0.684145,-0.692324,0.014583,0.000107607,5.19318e-05,5.5675e-05,0.942135,27.5967,0.00071665,8.79489e-05,0.144071,0.428212,2.81702
0,6.25193,0.821321,-0.919047,0.0147652,0.00103573,0.000941473,9.42623e-05,0.950716,33.0992,0.0155972,0.00159809,0.144071,9.36362,3.20399
0,6.09467,0.401935,-0.837873,0.0113258,0.000506536,0.000433321,7.32147e-05,0.905141,16.2065,0.0035131,0.000734425,0.144071,1.69758,3.03358
0,5.12528,0.504366,-0.620162,0.0173525,6.12059e-05,1.72747e-05,4.39312e-05,0.923147,20.3458,0.000175744,2.92525e-05,0.144071,0.127517,2.68255
0,5.10731,0.745144,-0.645932,0.0119742,0.000102197,3.48552e-05,6.73418e-05,0.946617,30.0574,0.000523881,5.90258e-05,0.144071,0.2558,2.74412
0,0.43474,0.24443,-0.5,0.019536,0,0,0,-0.030582,9.8606,0,0,0.14407,-0.39856,1.059
0,5.96838,0.710023,-0.872069,0.0204247,0.000424992,0.000372674,5.2318e-05,0.943919,28.6314,0.00533736,0.000631859,0.144071,4.46192,3.11797
0,45.81214,0.8062642,-1.195166,0.02406299,0.02037152,0.018613,0.00175853,0.9371946,31.86353,0.3027045,0.03402577,0.1440707,317.292,3.720921
0,5.16458,0.422467,-0.576316,0.0228938,3.94964e-05,7.4555e-06,3.20409e-05,0.909615,17.0424,6.35324e-05,1.26245e-05,0.144071,0.0617224,2.60141
0,5.80783,0.469596,-0.745165,0.0209062,0.000108966,7.14064e-05,3.75596e-05,0.917896,18.9423,0.000676374,0.000120942,0.144071,0.594741,2.88677
0,5.98723,0.410928,-0.61638,0.0237676,4.27717e-05,1.20144e-05,3.07574e-05,0.907311,16.5769,9.95845e-05,2.03445e-05,0.144071,0.100697,2.66663
0,6.59944,0.634452,-0.964221,0.00910994,0.00289742,0.00271937,0.00017805,0.936094,25.5208,0.0348011,0.00462731,0.144071,13.0995,3.26714
0,8.93764,0.896711,-0.981914,0.0249753,0.00133728,0.00124526,9.20214e-05,0.954423,36.1266,0.0225237,0.0021185,0.144071,22.8277,3.31526
0,11.1656,0.6149088,-1.1387,0.01893067,0.01246343,0.01192653,0.0005368927,0.9280779,24.49735,0.1479279,0.02094113,0.1440707,119.2719,3.575729
0,20.401,0.871194,-1.01831,0.0225326,0.00239995,0.00219657,0.00020338,0.95252,35.0612,0.0385999,0.00374746,0.144071,35.4273,3.37668
0,6.21624,0.483891,-0.859348,0.0149614,0.000493391,0.000432132,6.12596e-05,0.919881,19.5114,0.00421783,0.000732558,0.144071,2.64978,3.07812
0,5.72269,0.481194,-0.754051,0.0243346,0.000101207,6.87614e-05,3.24461e-05,0.919719,19.4103,0.000667406,0.000116465,0.144071,0.681762,2.90269
0,5.16644,0.427447,-0.704053,0.0161597,0.000100942,5.44853e-05,4.64569e-05,0.910535,17.2422,0.000469772,9.22735e-05,0.144071,0.321843,2.81405
0,6.39844,0.436404,-0.956842,0.0110993,0.00214663,0.00203167,0.000114967,0.910913,17.5675,0.0178841,0.0034545,0.144071,8.4285,3.23619
0,5.77015,0.681717,-0.748195,0.0220931,0.000108174,7.02504e-05,3.7924e-05,0.941941,27.4987,0.000966003,0.000118987,0.144071,0.874743,2.90968
0,10.88288,0.5333841,-1.156928,0.01632919,0.01796737,0.01727217,0.000695201,0.9155288,21.13105,0.1858284,0.03068177,0.1440707,131.8049,3.601524
0,5.4873,0.24655,-0.73751,0.02396,8.3003e-05,5.6471e-05,2.6531e-05,0.85449,9.9453,0.00028084,9.564e-05,0.14407,0.304,2.8446
0,46.10047,0.3347308,-1.224747,0.008427625,0.07654966,0.07433793,0.002211731,0.8399952,12.46994,0.5019164,0.1420581,0.1440707,202.5798,3.705171
0,5.93249,0.966581,-0.871239,0.021506,0.000404849,0.000350186,5.46627e-05,0.958126,38.9778,0.00682751,0.000593729,0.144071,5.92079,3.13196
0,8.667114,0.5126211,-1.158554,0.02191302,0.0136821,0.01317115,0.0005109476,0.9155711,20.39711,0.13619,0.02334621,0.1440707,129.907,3.602037
0,16.67,0.590998,-1.03305,0.0189536,0.00329653,0.00315093,0.000145607,0.931583,23.7633,0.0375621,0.00538413,0.144071,29.6709,3.3812
0,30.806715,0.86032414,-1.3091935,0.018836448,0.098633376,0.071304994,0.027328382,0.88762999,31.283746,1.2373918,0.18804132,0.14407067,1422.9067,4.1267468
0,6.0636,0.72251,-0.797508,0.0151667,0.000251861,0.000192747,5.91144e-05,0.944942,29.14,0.00280903,0.000326552,0.144071,1.74086,2.99452
0,39.097972,0.23728815,-1.3777597,0.015479854,0.19118219,0.15527548,0.035906703,0.7292416,7.7425126,0.74319727,0.55204984,0.14407067,1034.1724,4.1034309
0,30.50541,0.9987795,-1.129865,0.009998965,0.02159495,0.0200688,0.001526142,0.9455055,39.42244,0.4043117,0.03539333,0.1440707,168.1873,3.594051
0,9.71937,0.957176,-0.973358,0.0221886,0.0013568,0.00125645,0.000100356,0.957114,38.5618,0.0242583,0.00213639,0.144071,21.7692,3.30406
0,6.16764,0.678891,-0.815957,0.00984536,0.000468988,0.000376242,9.27455e-05,0.941481,27.3748,0.0051522,0.000637571,0.144071,2.08035,3.02219
0,21.0409,0.359471,-1.10623,0.0119453,0.0129442,0.0126079,0.000336316,0.887329,14.314,0.0914179,0.0218704,0.144071,48.036,3.4827
0,11.0053,0.212903,-0.630631,0.0101594,9.07653e-05,3.37616e-05,5.70037e-05,0.835288,8.58809,0.000144987,5.71557e-05,0.144071,0.0680497,2.66074
0,49.85487,0.5630176,-1.217842,0.02139588,0.02934917,0.02750075,0.001848427,0.9116392,22.04653,0.3123141,0.05120595,0.1440707,301.9986,3.738088
0,6.36589,0.298894,-0.627006,0.0215449,4.64612e-05,1.51922e-05,3.1269e-05,0.876853,12.0574,9.15931e-05,2.57255e-05,0.144071,0.0868704,2.66967
0,41.12718,0.6262498,-1.246757,0.008537441,0.1028344,0.09186514,0.01096924,0.8691205,22.66603,1.160442,0.1860495,0.1440707,472.1598,3.823009
0,5.2594,0.801775,-0.720435,0.0210837,9.13374e-05,5.15382e-05,3.97992e-05,0.950203,32.3421,0.000833502,8.72863e-05,0.144071,0.713974,2.87145
0,83.40495,0.5558075,-1.292125,0.01185546,0.1224013,0.1015171,0.02088416,0.8489875,19.67776,1.138122,0.2399476,0.1440707,751.5299,3.946508
0,4.82627,0.451165,-0.556118,0.00925236,9.43999e-05,1.42319e-05,8.01681e-05,0.914839,18.1991,0.000129516,2.40996e-05,0.144071,0.0505598,2.57096
0,5.1909,0.540331,-0.598407,0.0107791,9.22605e-05,2.10295e-05,7.12311e-05,0.927871,21.7959,0.000229199,3.5611e-05,0.144071,0.102776,2.64971
0,39.42947,0.4634107,-1.198029,0.02264098,0.02134735,0.0205066,0.000840755,0.9033319,18.29573,0.1916835,0.03751728,0.1440707,196.0949,3.675522
0,6.59131,0.770063,-0.960056,0.0205184,0.00123126,0.00114568,8.55794e-05,0.947522,31.0275,0.0177957,0.00194743,0.144071,14.9142,3.26999
0,20.0601,0.312655,-1.1304,0.0177946,0.0117422,0.0114761,0.000266087,0.874351,12.4649,0.0723742,0.0200242,0.144071,57.9009,3.51838
0,85.44,0.484048,-0.662606,0.0102794,0.000124725,5.03006e-05,7.44242e-05,0.920139,19.5249,0.000491119,8.51785e-05,0.144071,0.211773,2.75108
0,5.96359,0.563482,-0.661463,0.0106849,0.000120815,4.7684e-05,7.31308e-05,0.930609,22.7291,0.000541974,8.07521e-05,0.144071,0.240201,2.75641
0,5.67908,0.739869,-0.77429,0.0231494,0.000131387,9.37323e-05,3.76545e-05,0.946239,29.8437,0.00139884,0.000158775,0.144071,1.32133,2.95705
0,44.28454,0.4432362,-1.273369,0.02096669,0.05681616,0.05133458,0.005481585,0.8769179,16.86501,0.4589553,0.1066297,0.1440707,490.0868,3.855017
0,45.56784,0.3038866,-1.310157,0.02343749,0.07414364,0.06703446,0.007109171,0.8319141,11.35038,0.4108988,0.1530095,0.1440707,557.6973,3.911574
0,51.1771,0.5052045,-1.310945,0.01773007,0.0997405,0.08046695,0.01927354,0.858121,18.34806,0.8199926,0.2043218,0.1440707,882.8848,3.999112
0,5.08519,0.280334,-0.693481,0.0219961,6.50519e-05,3.49476e-05,3.01043e-05,0.869752,11.3084,0.000197614,5.91822e-05,0.144071,0.192921,2.77716
0,29.2141,0.225371,-1.15417,0.0129979,0.0214175,0.0210579,0.000359606,0.830026,8.89715,0.095728,0.0372044,0.144071,59.083,3.54342
0,5.04645,0.955191,-0.691412,0.0243105,6.53389e-05,3.07899e-05,3.4549e-05,0.957872,38.5316,0.00059323,5.21433e-05,0.144071,0.581218,2.83183
0,12.0966,0.442176,-1.04929,0.0186308,0.0040803,0.00394025,0.000140058,0.910732,17.7654,0.0351434,0.00674749,0.144071,27.951,3.39403
0,15.7229,0.731972,-1.0214,0.0226187,0.00240452,0.00227706,0.000127458,0.944221,29.4581,0.0336197,0.00388434,0.144071,31.2431,3.3725
0,52.49764,0.6062404,-1.249511,0.01256853,0.07822524,0.06500532,0.01321993,0.886712,22.54368,0.7949118,0.1309287,0.1440707,476.869,3.827187
0,4.74086,0.692087,-0.549963,0.0154632,5.8923e-05,7.86831e-06,5.10547e-05,0.942792,27.9184,0.000109842,1.33237e-05,0.144071,0.0695405,2.58119
0,47.12392,0.7174071,-1.179557,0.008876153,0.04404872,0.04134528,0.002703434,0.9159136,27.66665,0.598297,0.07548423,0.1440707,230.6855,3.672115
0,6.57291,0.516711,-0.97979,0.0136269,0.00233795,0.00221952,0.000118429,0.923391,20.7963,0.023133,0.00377831,0.144071,13.217,3.28319
0,24.4552,0.262736,-1.18346,0.022051,0.0181725,0.0178138,0.000358742,0.851095,10.4066,0.0944062,0.0319456,0.144071,98.1766,3.60639
0,5.99056,0.404341,-0.759455,0.00995665,0.000256553,0.000180119,7.64332e-05,0.905809,16.3077,0.00146904,0.000305106,0.144071,0.623385,2.90348
0,31.526344,0.34040827,-1.365105,0.010412437,0.26081579,0.2041057,0.056710096,0.71667791,10.150979,1.401459,0.69758852,0.14407067,1172.6623,4.1241262
0,6.0249,0.899928,-0.788028,0.0175624,0.000199712,0.00014738,5.23316e-05,0.955315,36.2975,0.0026753,0.000249676,0.144071,1.89901,2.98954
0,5.8715,0.715969,-0.653263,0.0120176,0.000319265,3.81475e-05,0.000281118,0.944551,28.8742,0.000550916,6.46187e-05,0.144071,0.270583,2.75434
0,5.9532,0.410306,-0.752355,0.0144851,0.000165814,0.000113026,5.27878e-05,0.907106,16.5498,0.000935433,0.000191442,0.144071,0.576675,2.89237
0,14.46517,0.8504119,-1.140826,0.01921644,0.01282987,0.01203475,0.0007951177,0.9446084,33.86698,0.2064389,0.02120059,0.1440707,166.488,3.60416
0,6.28348,0.919813,-0.806577,0.00926894,0.000457355,0.000354298,0.000103058,0.956069,37.0899,0.00657344,0.000600351,0.144071,2.46059,3.02151
0,4.45026,0.85952,-0.566095,0.0175485,5.44153e-05,8.52969e-06,4.58856e-05,0.953413,34.6727,0.000147882,1.44438e-05,0.144071,0.105066,2.61853
0,32.1661,0.808085,-1.0373,0.00947842,0.00702824,0.00664281,0.000385428,0.946067,32.3705,0.108276,0.0113701,0.144071,42.0307,3.40574
0,5.69617,0.254247,-0.749475,0.0125217,0.000177742,0.000126004,5.17372e-05,0.858216,10.255,0.0006462,0.000213419,0.144071,0.363973,2.8658
0,33.044959,0.99016056,-1.3040395,0.0093466321,0.18159744,0.13051761,0.051079824,0.83516476,32.690967,2.6067532,0.35468783,0.14407067,1479.0892,4.1344924
0,6.60106,0.995489,-0.951701,0.0173374,0.00132807,0.00121813,0.000109939,0.958683,40.1065,0.0244598,0.00207022,0.144071,17.115,3.26914
0,46.35927,0.5683163,-1.221212,0.01269443,0.05090952,0.04760724,0.003302277,0.8981319,21.7597,0.5457431,0.09012329,0.1440707,315.9368,3.746483
0,22.5164,0.490071,-1.06307,0.024463,0.00371027,0.00357756,0.000132712,0.918758,19.697,0.0353647,0.00613442,0.144071,36.6707,3.42346
0,4.61278,0.800629,-0.578289,0.0247872,3.94006e-05,7.06272e-06,3.23379e-05,0.950169,32.2975,0.000114059,1.19596e-05,0.144071,0.114855,2.6353
0,4.46848,0.891363,-0.538757,0.0166215,5.47982e-05,6.33871e-06,4.84595e-05,0.955001,35.9572,0.000113967,1.07336e-05,0.144071,0.0765658,2.57493
0,5.28095,0.918826,-0.654255,0.0121261,0.000106231,3.83013e-05,6.79292e-05,0.956252,37.0631,0.000709859,6.48625e-05,0.144071,0.347473,2.7682
0,6.02937,0.735227,-0.877451,0.0204956,0.000451657,0.000397935,5.37218e-05,0.945711,29.647,0.00590145,0.00067475,0.144071,4.94154,3.12869
0,5.66238,0.306784,-0.74325,0.0199477,0.000107862,7.30212e-05,3.48408e-05,0.8796,12.3749,0.000451863,0.000123673,0.144071,0.395604,2.86387
0,38.72674,0.6930718,-1.161258,0.01310505,0.02387008,0.02260075,0.00126933,0.9274008,27.29235,0.3159558,0.04041709,0.1440707,177.6702,3.630104
0,5.5229,0.308671,-0.531065,0.0183013,4.2027e-05,5.22977e-06,3.67973e-05,0.880289,12.4518,3.25614e-05,8.83124e-06,0.144071,0.0260585,2.51184
0,5.6671,0.486094,-0.762843,0.0232312,0.000114922,8.06362e-05,3.42861e-05,0.920455,19.6077,0.000790634,0.000136583,0.144071,0.770421,2.91778
0,51.85092,0.8442996,-1.179467,0.02002043,0.02011913,0.0185329,0.001586233,0.9394788,33.37529,0.3156205,0.03342776,0.1440707,270.9917,3.688126
0,6.12885,0.765137,-0.740533,0.013279,0.000169806,0.000105923,6.38834e-05,0.947894,30.8618,0.00163476,0.000179408,0.144071,0.884112,2.90256
0,4.63922,0.99063,-0.613942,0.0191553,5.72247e-05,1.44472e-05,4.27775e-05,0.959321,39.9615,0.000288682,2.44647e-05,0.144071,0.222507,2.70496
0,47.75214,0.7205609,-1.24262,0.0135856,0.06398732,0.05559957,0.008387748,0.9027436,27.20869,0.8081041,0.1108651,0.1440707,517.433,3.832367
0,20.6534,0.829916,-1.01131,0.0115755,0.00415536,0.00390852,0.000246837,0.949169,33.3412,0.0654293,0.00666781,0.144071,30.9029,3.36178
0,16.0268,0.249278,-1.09026,0.016074,0.00783168,0.0076746,0.000157085,0.851124,9.97758,0.0385892,0.0132381,0.144071,28.4327,3.43597
0,4.49394,0.975206,-0.580155,0.0143571,6.91558e-05,1.24891e-05,5.66668e-05,0.958698,39.3388,0.000245669,2.11486e-05,0.144071,0.142013,2.64808
0,6.31272,0.285256,-0.953912,0.0152831,0.00148783,0.00142168,6.61521e-05,0.870833,11.4906,0.00818016,0.00241615,0.144071,5.55369,3.21127
0,6.21363,0.355019,-0.646268,0.016033,7.03334e-05,2.61446e-05,4.41888e-05,0.894244,14.3211,0.000187223,4.42731e-05,0.144071,0.129573,2.70948
0,5.62078,0.252397,-0.719397,0.00877564,0.000194925,0.000122181,7.27433e-05,0.857315,10.1802,0.000622035,0.00020693,0.144071,0.245784,2.81553
0,5.80436,0.369275,-0.802365,0.024696,0.000157172,0.000125998,3.11746e-05,0.897854,14.8949,0.000938507,0.000213457,0.144071,0.996792,2.97058
0,5.4228,0.21788,-0.51593,0.0086669,0.00031013,9.0653e-06,0.00030107,0.83841,8.7868,3.984e-05,1.5354e-05,0.14407,0.015897,2.4713
0,4.51361,0.928741,-0.526653,0.00932266,9.62042e-05,9.67396e-06,8.65302e-05,0.956705,37.4635,0.000181228,1.63816e-05,0.144071,0.0681651,2.55685
0,31.3489,0.274177,-1.14426,0.0114663,0.0215206,0.0210902,0.000430419,0.853964,10.8228,0.116637,0.0371308,0.144071,61.5025,3.53603
0,43.02573,0.2683251,-1.322551,0.00857422,0.2105219,0.1939984,0.01652354,0.7291367,8.545876,1.049989,0.490423,0.1440707,561.7595,3.925129
0,6.30657,0.419002,-0.873655,0.0232925,0.000374676,0.0003358,3.88764e-05,0.908725,16.897,0.00283806,0.000565465,0.144071,2.79148,3.09513
0,22.7958,0.314133,-1.09689,0.0125806,0.0109084,0.0106506,0.00025788,0.875361,12.5344,0.0674855,0.018417,0.144071,37.8159,3.45908
0,46.17574,0.9652741,-1.240987,0.01448304,0.0626727,0.05090606,0.01176664,0.9166031,36.50035,0.9911636,0.1018378,0.1440707,669.4559,3.873491
0,6.24455,0.944376,-0.775229,0.0105876,0.000293135,0.000207411,8.57233e-05,0.957262,38.0866,0.00395096,0.00035137,0.144071,1.6871,2.97062
0,6.10621,0.358193,-0.905802,0.0182944,0.00069244,0.000641291,5.11489e-05,0.894693,14.4401,0.00463337,0.00108802,0.144071,3.66175,3.14139
0,6.13512,0.977442,-0.821112,0.0122773,0.000403841,0.000322367,8.14747e-05,0.95857,39.4158,0.00635574,0.000546282,0.144071,3.14342,3.04876
0,5.36164,0.409927,-0.609804,0.0170756,5.81412e-05,1.53681e-05,4.27731e-05,0.907096,16.5362,0.000127073,2.60237e-05,0.144071,0.0923348,2.6556
0,6.24131,0.521578,-0.653493,0.014186,8.69283e-05,3.24215e-05,5.45067e-05,0.925476,21.0396,0.000341097,5.49039e-05,0.144071,0.201824,2.73949
0,5.46343,0.301041,-0.606478,0.00875858,0.000105295,2.87083e-05,7.65871e-05,0.877587,12.1433,0.000174324,4.86137e-05,0.144071,0.0671544,2.63591
0,33.539,0.346423,-1.12125,0.0241077,0.00775597,0.00756283,0.000193145,0.887093,13.8669,0.0528465,0.0131421,0.144071,56.4509,3.50764
0,19.1702,0.837445,-1.08678,0.0173305,0.0071947,0.0068039,0.000390794,0.947602,33.541,0.114932,0.0117408,0.144071,82.0908,3.49739
0,21.0889,0.24717,-1.09565,0.0124002,0.0108474,0.0106343,0.000213108,0.848231,9.86312,0.0530189,0.0183889,0.144071,30.2219,3.44484
0,4.48886,0.885717,-0.555371,0.0209829,4.4638e-05,6.21568e-06,3.84223e-05,0.954734,35.7298,0.000111047,1.05252e-05,0.144071,0.0942068,2.6022
0,41.28545,0.9296352,-1.223666,0.01689369,0.04277007,0.03638858,0.006381489,0.9284833,35.89914,0.6823432,0.06989064,0.1440707,520.3442,3.814268
0,6.0565,0.413868,-0.902486,0.0170489,0.000717008,0.000659483,5.75248e-05,0.907483,16.6842,0.00550542,0.00111882,0.144071,3.99726,3.14265
0,6.39629,0.590575,-0.735006,0.00860004,0.000246575,0.000152341,9.42333e-05,0.933497,23.819,0.00181475,0.000258035,0.144071,0.645397,2.88082
0,6.38604,0.264418,-0.917862,0.0112563,0.00129129,0.00121624,7.50566e-05,0.862237,10.6533,0.00648686,0.0020646,0.144071,3.27287,3.14761
0,48.77116,0.44666761,-1.3559773,0.022446876,0.12446514,0.09250356,0.031961583,0.83259711,15.776587,0.83342798,0.28779135,0.14407067,1395.2407,4.1671495
0,50.77889,0.5473887,-1.2827,0.02040537,0.06637664,0.05601329,0.01036335,0.8854882,20.61687,0.6184607,0.1235138,0.1440707,668.8628,3.915043
0,6.1299,0.315539,-0.834548,0.00861774,0.000633802,0.000545672,8.81304e-05,0.88222,12.7213,0.00347304,0.000924862,0.144071,1.30998,3.01686
0,5.9592,0.24385,-0.8635,0.014422,0.00052211,0.00047282,4.9292e-05,0.85285,9.8323,0.0023257,0.00080156,0.14407,1.5191,3.0535
0,6.49835,0.878871,-0.940595,0.0199703,0.000999797,0.000917483,8.23145e-05,0.953777,35.4198,0.0162648,0.00155835,0.144071,13.173,3.24381
0,5.99531,0.835061,-0.786532,0.0163596,0.000210522,0.000155206,5.53157e-05,0.952013,33.6808,0.00261428,0.000262932,0.144071,1.73457,2.98336
0,32.876593,0.50808944,-1.3348644,0.021651604,0.10381155,0.0788962,0.024915348,0.85560997,18.369387,0.80857707,0.22749202,0.14407067,1205.3479,4.1016452
0,27.0596,0.825648,-1.06749,0.0115839,0.00842458,0.00797191,0.000452668,0.946155,33.0275,0.132765,0.0137104,0.144071,63.1909,3.46098
0,5.71039,0.396033,-0.632335,0.00968541,0.000111224,3.61867e-05,7.50372e-05,0.904117,15.9749,0.000289072,6.12793e-05,0.144071,0.119532,2.6914
0,5.24949,0.428627,-0.605342,0.014741,6.68126e-05,1.68104e-05,5.00021e-05,0.910781,17.2904,0.000145339,2.84661e-05,0.144071,0.0907998,2.65028
0,49.51306,0.8795408,-1.171057,0.0109508,0.03282415,0.03031028,0.002513877,0.9329037,34.31758,0.5377384,0.0548556,0.1440707,251.8742,3.672245
0,72.42325,0.8635586,-1.252905,0.01320387,0.07661563,0.06238586,0.01422976,0.9026862,32.1684,1.086684,0.130182,0.1440707,698.2037,3.893152
0,5.95677,0.92702,-0.725663,0.0249267,8.11541e-05,4.66201e-05,3.4534e-05,0.956638,37.3946,0.00087174,7.89572e-05,0.144071,0.876911,2.88727
0,42.8073,0.8604139,-1.231318,0.02454362,0.03229562,0.0274727,0.004822918,0.932206,33.58963,0.4767975,0.05307473,0.1440707,535.0042,3.826193
0,5.47439,0.491503,-0.634746,0.0175725,6.37822e-05,2.05726e-05,4.32096e-05,0.921293,19.8268,0.000203958,3.48376e-05,0.144071,0.150167,2.70554
0,5.5448,0.858992,-0.707627,0.0122304,0.000143962,7.53686e-05,6.85934e-05,0.953327,34.6483,0.00130588,0.000127646,0.144071,0.646734,2.85355
0,32.26808,0.3069522,-1.177256,0.01354828,0.02729567,0.0266779,0.0006177647,0.8627139,12.045,0.1651762,0.04801319,0.1440707,103.5195,3.603948
2,5.466312,0.7674301,-1.39423,0.02236364,0.8589976,-0.002114622,0.8611122,-3.14875,4.365365,-0.03273383,0,0.1440707,-166.8562,1.61071
0,6.03019,0.295825,-0.88961,0.0102254,0.00101251,0.00093204,8.04716e-05,0.875137,11.922,0.00556153,0.00158105,0.144071,2.51038,3.10558
0,4.65749,0.738311,-0.562832,0.022731,4.12628e-05,6.31469e-06,3.49481e-05,0.94619,29.7835,9.40408e-05,1.06929e-05,0.144071,0.0872065,2.60569
0,5.31081,0.496317,-0.695266,0.0212174,7.36135e-05,3.7069e-05,3.65445e-05,0.92199,20.0208,0.000371103,6.27768e-05,0.144071,0.329675,2.8065
0,6.61122,0.948083,-0.925493,0.0131616,0.00126441,0.00114697,0.000117437,0.956789,38.199,0.0219344,0.00194757,0.144071,11.6647,3.22217
0,40.24568,0.95002634,-1.3417163,0.013285852,0.20082891,0.13582862,0.065000287,0.81886044,30.628842,2.6028678,0.40484585,0.14407067,2293.1746,4.352783
1,168.2735,0.847756,-1.274196,0.02131704,,,,,,,,,,
0,6.3193,0.22966,-0.91661,0.01032,0.0013809,0.0013053,7.5542e-05,0.84467,9.2522,0.0060469,0.0022159,0.14407,2.8552,3.1393
0,6.0475,0.633177,-0.831823,0.0127086,0.000430295,0.000357326,7.29689e-05,0.937565,25.5325,0.00456368,0.000605576,0.144071,2.38889,3.04522
0,43.87516,0.7120058,-1.171876,0.01488951,0.02408057,0.02267,0.001410574,0.9286717,28.03191,0.3255818,0.04077116,0.1440707,208.8629,3.65509
0,6.85554,0.435227,-0.994093,0.0133407,0.00284268,0.00272142,0.000121267,0.910256,17.5079,0.0238911,0.00463768,0.144071,13.564,3.29889
0,5.14741,0.336873,-0.514982,0.016198,4.74628e-05,4.79287e-06,4.267e-05,0.889195,13.5894,3.25677e-05,8.1157e-06,0.144071,0.0228997,2.48912
0,5.90428,0.654477,-0.736893,0.0214983,0.000100818,6.24412e-05,3.83765e-05,0.939677,26.4001,0.00082431,0.000105756,0.144071,0.728066,2.88892
0,51.32696,0.7930499,-1.186274,0.01467006,0.02967644,0.02741432,0.002262119,0.9303017,31.04361,0.438534,0.04978744,0.1440707,277.8033,3.697531
0,5.6029,0.24349,-0.59171,0.018326,4.4988e-05,1.135e-05,3.3637e-05,0.85296,9.8223,5.5745e-05,1.9219e-05,0.14407,0.04623,2.6019
0,5.04553,0.457973,-0.584349,0.0219032,4.26578e-05,8.63965e-06,3.40182e-05,0.91603,18.4746,7.98106e-05,1.46297e-05,0.144071,0.0736628,2.61853
0,5.95706,0.549504,-0.808196,0.0148499,0.000283733,0.000225811,5.79226e-05,0.928866,22.1617,0.00250288,0.000382596,0.144071,1.54508,2.99904
0,6.02965,0.845711,-0.873372,0.0204756,0.000433435,0.000378007,5.54272e-05,0.952443,34.1027,0.00644834,0.000640926,0.144071,5.35588,3.12883
0,11.5578,0.32578,-1.15993,0.0236056,0.0127743,0.0124731,0.000301192,0.877911,12.9747,0.0819643,0.0220573,0.144071,87.71,3.57503
0,35.50469,0.8037054,-1.214917,0.009985859,0.06247307,0.05586675,0.006606319,0.9089648,30.39735,0.9056814,0.1056698,0.1440707,402.2187,3.76935
0,27.0839,0.920799,-1.01927,0.0167284,0.0031953,0.00299511,0.000200196,0.954331,37.028,0.0556291,0.00511038,0.144071,37.8073,3.38144
0,5.04544,0.650257,-0.624335,0.0108633,0.00010201,2.91126e-05,7.28973e-05,0.939309,26.2298,0.000381848,4.92999e-05,0.144071,0.170464,2.70165
0,6.06816,0.323887,-0.884935,0.0243449,0.000403534,0.000368801,3.4733e-05,0.885042,13.0609,0.00240941,0.000625376,0.144071,2.56092,3.10194
0,4.58471,0.912671,-0.50872,0.0246589,3.55897e-05,2.90497e-06,3.26847e-05,0.956017,36.8175,5.34788e-05,4.91903e-06,0.144071,0.0532449,2.52622
0,6.13081,0.501952,-0.913496,0.0141261,0.000994572,0.000916486,7.80861e-05,0.922211,20.2295,0.00927926,0.00155545,0.144071,5.49376,3.17029
0,6.33253,0.278097,-0.963899,0.0133636,0.00192552,0.00184727,7.82458e-05,0.867697,11.1973,0.0103622,0.00314139,0.144071,6.17489,3.22683
0,5.20636,0.676266,-0.69827,0.0167034,9.74993e-05,4.8938e-05,4.85613e-05,0.941508,27.2791,0.000667558,8.28791e-05,0.144071,0.457188,2.82633
0,7.04544,0.911134,-0.971392,0.0127839,0.00229031,0.00212487,0.00016544,0.954479,36.6726,0.0390518,0.00361561,0.144071,20.2422,3.29806
0,39.559063,0.83943369,-1.3427687,0.023872944,0.11036515,0.075602307,0.03476284,0.87835319,30.126824,1.280108,0.22837272,0.14407067,2131.433,4.3186696
0,6.47322,0.769868,-0.929274,0.0102425,0.0016867,0.00154681,0.000139887,0.947215,31.0055,0.0240204,0.00262717,0.144071,10.0397,3.21793
0,35.79395,0.3507902,-1.209594,0.01312549,0.04155229,0.04034949,0.001202804,0.8669104,13.56348,0.285503,0.07508027,0.1440707,175.742,3.677505
0,6.09821,0.655993,-0.727324,0.0116008,0.000173379,0.000102328,7.10508e-05,0.939762,26.4593,0.001354,0.000173314,0.144071,0.64524,2.87312
0,5.6621,0.22685,-0.76544,0.015149,0.00016867,0.00012785,4.0818e-05,0.84379,9.1501,0.00058504,0.00021656,0.14407,0.4055,2.8873
0,5.8117,0.23971,-0.83936,0.019772,0.0002874,0.00025304,3.4359e-05,0.85084,9.6675,0.0012235,0.00042882,0.14407,1.0981,3.0126
0,5.93648,0.804281,-0.772539,0.0142761,0.000210378,0.000148606,6.17716e-05,0.950273,32.4393,0.00241085,0.000251736,0.144071,1.39835,2.95823
1,26.2373,0.412442,-1.3663,0.0205598,,,,,,,,,,
0,6.17181,0.590145,-0.932493,0.0241243,0.000738293,0.000684734,5.35587e-05,0.933136,23.7899,0.0081509,0.00116251,0.144071,8.14961,3.21006
0,6.45038,0.431247,-0.941597,0.00870769,0.00226467,0.00213017,0.000134503,0.909883,17.3579,0.0185296,0.00362021,0.144071,6.85464,3.21002
0,11.27801,0.7682718,-1.124574,0.01990455,0.01004082,0.009512413,0.0005284043,0.9416861,30.68226,0.1474113,0.01661151,0.1440707,122.7949,3.563782
0,4.56074,0.494092,-0.517241,0.00881275,9.44456e-05,9.06845e-06,8.53772e-05,0.921654,19.9307,9.03787e-05,1.5356e-05,0.144071,0.0333566,2.51071
0,20.35739,0.5170008,-1.15807,0.01051277,0.02811785,0.02706851,0.001049346,0.9068577,20.27029,0.2822804,0.0483614,0.1440707,129.5311,3.60133
0,45.914437,0.56169772,-1.3705309,0.022701815,0.14461056,0.10076023,0.043850331,0.83524518,19.383032,1.141608,0.34305167,0.14407067,2059.9903,4.330807
0,12.4099,0.542222,-1.03613,0.0230656,0.00280918,0.00269337,0.000115813,0.926366,21.8127,0.0294576,0.00460248,0.144071,28.4919,3.38196
0,5.68608,0.276858,-0.711214,0.0196094,8.31728e-05,4.92267e-05,3.39461e-05,0.868321,11.168,0.000274905,8.33665e-05,0.144071,0.239656,2.80605
0,6.0017,0.268762,-0.621688,0.0153841,6.17674e-05,1.98713e-05,4.18962e-05,0.864905,10.8417,0.000107725,3.36486e-05,0.144071,0.073961,2.65608
0,41.148863,0.61333586,-1.3869535,0.0085442561,0.34789589,0.34763931,0.00025657821,0.69146888,16.135055,4.3008313,1.1255327,0.14407067,2557.8055,4.4550189
0,5.19808,0.290401,-0.504844,0.0203217,3.59633e-05,3.35391e-06,3.26094e-05,0.873713,11.7149,1.9646e-05,5.67903e-06,0.144071,0.0176376,2.46557
0,96.85543,0.4289297,-1.304603,0.01294386,0.1239113,0.1059771,0.01793421,0.8301042,15.15966,0.9169028,0.2579777,0.1440707,695.0884,3.944015
0,38.93698,0.3005584,-1.233072,0.01461823,0.04903659,0.04770644,0.001330157,0.8467874,11.53049,0.2892217,0.09114251,0.1440707,206.7885,3.715371
0,6.00346,0.400768,-0.810204,0.0196319,0.0002158,0.000175276,4.05242e-05,0.905076,16.1642,0.0014169,0.000296963,0.144071,1.18678,2.98742
0,6.41763,0.366717,-0.969524,0.0198585,0.00139927,0.00133619,6.30782e-05,0.896436,14.7733,0.00988383,0.00227236,0.144071,8.47659,3.24918
0,47.69473,0.6081574,-1.269345,0.01035494,0.1110346,0.09505056,0.01598404,0.8618654,21.81002,1.165993,0.2050283,0.1440707,612.3723,3.886185
0,6.85449,0.411858,-0.994683,0.0121942,0.00312825,0.00299947,0.000128777,0.905552,16.5631,0.0249183,0.00511229,0.144071,12.9968,3.29717
0,4.5217,0.772879,-0.521293,0.0233826,3.76221e-05,3.6005e-06,3.40216e-05,0.948474,31.1781,5.61306e-05,6.09679e-06,0.144071,0.0534141,2.53896
0,45.32663,0.7463714,-1.232792,0.01156947,0.0668008,0.05877503,0.00802577,0.9025777,28.09859,0.8848569,0.1147464,0.1440707,471.0747,3.808715
0,6.2401,0.21693,-0.95491,0.023743,0.00096361,0.00092715,3.6466e-05,0.83732,8.7429,0.0040569,0.0015753,0.14407,4.4516,3.2007
0,5.77988,0.386246,-0.830818,0.0243596,0.00021733,0.000184055,3.32745e-05,0.90186,15.5785,0.00143396,0.000311881,0.144071,1.49583,3.01999
0,5.2975,0.22322,-0.67395,0.018187,0.024768,3.2165e-05,0.024736,0.83823,8.7822,0.00014483,5.5692e-05,0.14407,0.12096,2.7336
0,5.97743,0.533899,-0.746692,0.0212808,0.000109234,7.15382e-05,3.76962e-05,0.927055,21.5361,0.000770411,0.000121166,0.144071,0.682757,2.8954
0,33.51828,0.3319875,-1.236309,0.01386188,0.05375743,0.05204053,0.0017169,0.8538403,12.673,0.3484886,0.1001954,0.1440707,234.9687,3.730644
0,6.00671,0.717654,-0.801712,0.0219433,0.000181704,0.000140615,4.1089e-05,0.944637,28.9462,0.0020355,0.000238228,0.144071,1.82582,3.00119
0,32.372908,0.95887742,-1.3079163,0.015726288,0.11626467,0.082902297,0.033362376,0.87994128,34.185385,1.6034478,0.22156526,0.14407067,1542.9505,4.1529419
0,7.04363,0.565494,-0.971125,0.00965464,0.00296854,0.00280308,0.000165462,0.929013,22.7453,0.0319733,0.00477112,0.144071,12.8547,3.27303
0,20.2072,0.921034,-1.01091,0.0219648,0.0021908,0.00205082,0.000139976,0.954996,37.0748,0.0381004,0.00349609,0.144071,33.98,3.36686
0,5.31755,0.818543,-0.68097,0.0193968,7.61962e-05,3.37461e-05,4.24501e-05,0.951182,33.019,0.000557173,5.71492e-05,0.144071,0.43861,2.8069
0,5.24303,0.438425,-0.506177,0.013217,6.09168e-05,5.24568e-06,5.56711e-05,0.912603,17.6858,4.63898e-05,8.88255e-06,0.144071,0.0259328,2.48671
0,6.71908,0.666358,-0.929417,0.0186465,0.000923558,0.000851547,7.20113e-05,0.940158,26.8573,0.0114457,0.00144576,0.144071,8.77789,3.21092
0,46.63594,0.7133613,-1.230696,0.01256328,0.06012632,0.05352494,0.006601373,0.9047316,27.04794,0.7701777,0.1028618,0.1440707,440.3611,3.79719
0,6.71404,0.845164,-0.909196,0.0148273,0.000916401,0.000826324,9.00769e-05,0.9521,34.0642,0.0140869,0.00140225,0.144071,8.47891,3.18886
0,22.3975,0.385057,-0.656637,0.0127606,9.45684e-05,3.75298e-05,5.70386e-05,0.901665,15.5324,0.000291492,6.35526e-05,0.144071,0.159234,2.73045
0,57.843608,0.27463853,-1.3844829,0.01148356,0.27331242,0.21227229,0.061040134,0.68719009,8.0512696,1.1759258,0.81128626,0.14407067,1244.1579,4.1604284
0,34.611875,0.38099315,-1.3506704,0.022332073,0.11263067,0.087488907,0.025141766,0.82781343,13.638819,0.67234988,0.27020938,0.14407067,1133.2118,4.1002727
0,7.74834,0.516145,-0.946292,0.0129659,0.00162053,0.00151973,0.000100799,0.923773,20.7885,0.015822,0.00258241,0.144071,8.58859,3.22664
0,7.03534,0.763043,-0.892258,0.0222021,0.000497481,0.000444173,5.33072e-05,0.947547,30.7672,0.00683639,0.000753362,0.144071,6.19046,3.15532
0,7.43278,0.691932,-0.955359,0.0172577,0.00137536,0.00128253,9.2827e-05,0.94193,27.8754,0.0179002,0.00217984,0.144071,12.6896,3.25656
0,6.30999,0.335353,-0.745454,0.0240552,9.22429e-05,6.22908e-05,2.99521e-05,0.888721,13.5275,0.000421359,0.000105501,0.144071,0.440305,2.87158
0,25.1723,0.635929,-1.09964,0.0247751,0.00585675,0.00560729,0.000249455,0.934321,25.5043,0.0719262,0.00968811,0.144071,74.6809,3.50395
0,7.31645,0.724289,-0.856304,0.0118405,0.000611383,0.000525073,8.63103e-05,0.944837,29.2013,0.00767108,0.000890147,0.144071,3.71291,3.09262
0,5.99471,0.381609,-0.718779,0.0171042,0.000105146,6.21936e-05,4.29521e-05,0.900858,15.3932,0.000478729,0.000105331,0.144071,0.350887,2.83322
0,9.18783,0.906068,-0.729654,0.0109654,0.000190099,0.000111545,7.8554e-05,0.95561,36.5455,0.00203863,0.00018893,0.144071,0.903053,2.89278
0,18.4037,0.804689,-1.015,0.0176324,0.00285542,0.002691,0.000164418,0.948581,32.3699,0.0436785,0.00458988,0.144071,31.4788,3.36654
0,58.60471,0.9494228,-1.189888,0.02184839,0.02155635,0.0193069,0.002249449,0.9434688,37.47578,0.3697408,0.03501835,0.1440707,346.3981,3.725804
0,27.5565,0.551463,-1.05994,0.019791,0.00442247,0.0042484,0.000174073,0.92645,22.1486,0.0472571,0.00728385,0.144071,39.2817,3.42437
0,13.34397,0.9246006,-1.104809,0.02481302,0.006353562,0.005965895,0.0003876668,0.9524392,37.06306,0.1112641,0.01033771,0.1440707,113.7746,3.538346
0,14.1576,0.333277,-1.06927,0.017095,0.0056827,0.00553271,0.000149988,0.884616,13.3686,0.0371936,0.00950511,0.144071,27.9895,3.41409
0,7.0012,0.263911,-0.86284,0.0156273,0.000479895,0.000432693,4.7202e-05,0.862507,10.6415,0.00230336,0.000733511,0.144071,1.61202,3.05587
0,6.05533,0.439451,-0.67218,0.0189191,7.04986e-05,3.09055e-05,3.9593e-05,0.912783,17.727,0.00027395,5.23369e-05,0.144071,0.219187,2.76242
0,5.63507,0.63909,-0.606706,0.0203381,5.11856e-05,1.23994e-05,3.87862e-05,0.938348,25.7807,0.000159841,2.09967e-05,0.144071,0.133731,2.67154
0,36.9987,0.36836,-1.12805,0.0245183,0.00831708,0.0080996,0.000217476,0.892499,14.7367,0.0601813,0.0141011,0.144071,65.0689,3.52342
0,41.8537,0.7040569,-1.216922,0.01600026,0.03965666,0.03609934,0.003557324,0.9177454,27.27655,0.5126632,0.06766951,0.1440707,366.796,3.759739
0,7.57189,0.830493,-0.888151,0.0189431,0.000557171,0.000493872,6.32995e-05,0.951538,33.4849,0.00827324,0.000837608,0.144071,6.36433,3.15267
0,37.483718,0.46719448,-1.3406482,0.0091237829,0.23722842,0.18398379,0.053244628,0.75725799,14.376308,1.7338138,0.58149529,0.14407067,1148.0531,4.093801
0,80.978,0.3460367,-1.314733,0.012862,0.1364534,0.1199665,0.0164868,0.8040875,12.05489,0.8373509,0.2956966,0.1440707,649.908,3.941918
0,33.3967,0.937285,-1.02305,0.0179188,0.00313201,0.00293479,0.000197214,0.955105,37.6933,0.0554848,0.00500881,0.144071,40.3732,3.3891
0,7.88831,0.866089,-0.807188,0.0185667,0.000229197,0.000178287,5.09101e-05,0.953636,34.9316,0.00311464,0.00030207,0.144071,2.34162,3.01955
0,13.6839,0.642785,-1.00968,0.0168443,0.00277098,0.00263126,0.000139718,0.936929,25.8593,0.0341158,0.00448744,0.144071,23.7792,3.34531
0,7.38774,0.506291,-0.80578,0.0240089,0.000170438,0.000135411,3.5027e-05,0.923347,20.4212,0.00138286,0.000229411,0.144071,1.38848,2.9911
0,7.77399,0.351598,-0.867265,0.0166543,0.000480032,0.000429725,5.03072e-05,0.893069,14.1773,0.00304763,0.000728534,0.144071,2.19544,3.07628
0,60.40565,0.4565851,-1.296041,0.01655057,0.09179144,0.07855876,0.01323268,0.8561973,16.72871,0.723505,0.1807456,0.1440707,666.2033,3.927662
0,5.40566,0.905136,-0.563046,0.0153574,6.20178e-05,9.37219e-06,5.26456e-05,0.95565,36.5125,0.000171112,1.58705e-05,0.144071,0.106142,2.616
0,6.98692,0.723587,-0.733826,0.0154405,0.000137691,8.35789e-05,5.41118e-05,0.945093,29.1868,0.00121987,0.000141558,0.144071,0.769391,2.88869
0,6.6949,0.22427,-0.50785,0.010461,6.3221e-05,6.7715e-06,5.6449e-05,0.84234,9.0469,3.0633e-05,1.1466e-05,0.14407,0.014684,2.4591
0,7.66447,0.317621,-0.856418,0.0123738,0.000567016,0.00050321,6.3806e-05,0.882941,12.8061,0.00322392,0.00085304,0.144071,1.745,3.05355
0,6.61546,0.4335,-0.712301,0.0248616,6.97577e-05,3.93725e-05,3.03852e-05,0.911693,17.4869,0.000344276,6.66793e-05,0.144071,0.362429,2.82841
0,34.59429,0.9765763,-1.214318,0.01624295,0.03988413,0.03417518,0.005708952,0.9323216,37.82553,0.673197,0.06446609,0.1440707,484.2314,3.794211
0,5.51267,0.874518,-0.56005,0.0217107,4.34828e-05,6.37938e-06,3.71034e-05,0.954182,35.2781,0.000112531,1.08024e-05,0.144071,0.098834,2.60934
0,44.636406,0.52935284,-1.3956818,0.02439534,0.16632897,0.12520046,0.041128508,0.81535593,17.803079,1.3368305,0.44097698,0.14407067,2677.3677,4.4893116
0,40.4515,0.841912,-1.03807,0.00887005,0.00759443,0.0071656,0.00042883,0.947583,33.7063,0.121687,0.0122715,0.144071,44.1322,3.40943
0,13.5777,0.6251159,-1.152199,0.02144192,0.01303204,0.01243757,0.0005944666,0.9286811,24.88965,0.1568272,0.02198884,0.1440707,144.0308,3.603727
0,28.1981,0.968221,-1.0577,0.0170869,0.00509322,0.00477863,0.000314598,0.955135,38.8608,0.093326,0.00819679,0.144071,64.9518,3.45295
0,58.74809,0.9146047,-1.180964,0.01519326,0.02714144,0.02472584,0.002415601,0.9382813,35.89536,0.4561521,0.04490374,0.1440707,297.4926,3.699564
0,6.87945,0.541196,-0.762333,0.0228611,0.000117009,8.14057e-05,3.56029e-05,0.927962,21.8302,0.000888657,0.000137887,0.144071,0.845253,2.92205
0,16.3541,0.956584,-0.985824,0.0248332,0.00141671,0.0013167,0.000100012,0.95705,38.5356,0.0254059,0.00224037,0.144071,25.5339,3.32545
0,39.7565,0.932847,-1.03972,0.0198276,0.0034944,0.00328098,0.000213418,0.954673,37.5012,0.0617361,0.00560734,0.144071,49.78,3.41836
0,7.85096,0.56728,-0.964803,0.0156866,0.00168994,0.00159211,9.78262e-05,0.930035,22.8464,0.0182178,0.00270746,0.144071,11.8917,3.26251
0,38.3388,0.740361,-1.05618,0.0222239,0.00379797,0.00360858,0.000189387,0.943899,29.754,0.0538896,0.00617999,0.144071,49.3475,3.43428
