Error,time,CO2share,E_appl,v,X_tot,X_het,X_hom,FE,CO2_out,CO_out,H2_out,delP,CD,Vcell
0,6.43482,0.985746,-0.815152,0.0152421,0.000305333,0.000240543,6.47901e-05,0.958967,39.7546,0.0047828,0.000407588,0.144071,2.93554,3.03924
0,6.92254,0.986104,-0.912145,0.0184699,0.000767554,0.000688969,7.85848e-05,0.95868,39.7507,0.013704,0.00116917,0.144071,10.2059,3.20167
0,6.62735,0.745309,-0.929106,0.00980771,0.0017555,0.00161181,0.000143688,0.945559,30.0143,0.0242312,0.0027377,0.144071,9.71472,3.21601
0,6.9463,0.21512,-0.99781,0.014119,0.0027739,0.002698,7.5924e-05,0.8351,8.6544,0.011707,0.004596,0.14407,7.6653,3.2721
0,75.174629,0.9886239,-1.381403,0.0095201207,0.37442739,0.24917232,0.12525507,0.68920412,24.949624,4.9688521,0.94064789,0.14407067,3695.0728,4.6892084
0,56.36032,0.438609,-1.317582,0.0242334,0.07726389,0.06316206,0.01410184,0.8627864,16.32714,0.5588033,0.1627928,0.1440707,850.9297,3.99765
0,5.91188,0.868703,-0.70512,0.00863891,0.000200363,0.000103317,9.7046e-05,0.953787,35.038,0.00181037,0.000174985,0.144071,0.632972,2.84993
0,49.00972,0.9988718,-1.169842,0.02044565,0.01771648,0.01609618,0.0016203,0.9480365,39.58237,0.324308,0.02892583,0.1440707,281.4498,3.682477
0,5.74419,0.268772,-0.592021,0.0143886,5.91957e-05,1.4514e-05,4.46817e-05,0.864911,10.8421,7.8686e-05,2.45767e-05,0.144071,0.0505269,2.60683
0,6.04073,0.471124,-0.814159,0.0128611,0.000346436,0.000281467,6.49687e-05,0.917989,18.9994,0.00267478,0.000476926,0.144071,1.44699,3.00161
0,35.72709,0.2945494,-1.306421,0.02362059,0.07117775,0.0651813,0.005996447,0.8303776,11.03687,0.3872633,0.1447097,0.1440707,517.8403,3.896289
0,5.66722,0.348391,-0.744821,0.0218498,0.000101219,6.80226e-05,3.31964e-05,0.89243,14.0533,0.000478019,0.000115209,0.144071,0.451829,2.87228
0,33.9733,0.682293,-1.06605,0.0115291,0.00824838,0.00786836,0.00038002,0.936727,27.2979,0.108288,0.0135232,0.144071,51.7879,3.44711
0,5.5294,0.241,-0.55396,0.021122,3.5048e-05,6.0642e-06,2.8984e-05,0.85167,9.7221,2.9479e-05,1.0268e-05,0.14407,0.02822,2.5388
0,4.64671,0.666839,-0.50488,0.0175525,4.85454e-05,3.88468e-06,4.46607e-05,0.940762,26.9002,5.22518e-05,6.57799e-06,0.144071,0.037631,2.50454
0,5.93796,0.795765,-0.658459,0.0123904,0.000105286,3.95641e-05,6.5722e-05,0.949837,32.0992,0.000635055,6.70011e-05,0.144071,0.319778,2.76813
0,38.038023,0.81087717,-1.3634665,0.016221317,0.18517023,0.057186861,0.12798336,1.5564596,26.654904,0.93535507,0,0.14407067,1388.3152,4.1730381
0,5.4878,0.23485,-0.67893,0.014876,0.0003257,4.2848e-05,0.00028285,0.84832,9.4713,0.00020298,7.2585e-05,0.14407,0.13741,2.7452
0,11.51182,0.6566098,-1.146725,0.01929717,0.01354949,0.01290899,0.000640505,0.9311668,26.1299,0.1709719,0.02277403,0.1440707,140.5663,3.59633
0,6.33322,0.862673,-0.923429,0.021284,0.000759573,0.000690963,6.86105e-05,0.953117,34.7753,0.0120234,0.00117282,0.144071,10.3812,3.21387
0,46.26387,0.2051173,-1.377275,0.009418426,0.2925685,0.249427,0.04314146,0.642898,5.853854,1.031979,0.9017053,0.1440707,881.4143,4.065071
0,34.0199,0.651255,-1.05761,0.0126358,0.00675564,0.00645221,0.000303428,0.935106,26.0953,0.0847588,0.0110712,0.144071,44.4972,3.42945
0,13.28953,0.9711023,-1.112566,0.01278193,0.01359178,0.01270911,0.0008826705,0.949684,38.64353,0.2489461,0.02217085,0.1440707,131.4358,3.556947
0,42.21242,0.5053353,-1.254779,0.02026208,0.04811671,0.04382677,0.004289937,0.8921598,19.40522,0.4467291,0.08690019,0.1440707,436.5338,3.820082
0,28.94733,0.5874959,-1.228264,0.01017761,0.06935102,0.06419242,0.005158607,0.8878824,22.05697,0.7607006,0.1230686,0.1440707,354.6672,3.766998
2,11.4908178,0.850155089336,-1.39833278831,0.0203420624356,0.00556969792423,-0.0853881555225,0.0909578534468,-4.48721209736e-05,34.1057555309,-1.46426931652,0,0.144070666667,-96427224.9244,-18723.6368623
0,6.67783,0.921584,-0.934729,0.0178816,0.00104092,0.000950417,9.05026e-05,0.955769,37.1396,0.0176675,0.00161405,0.144071,12.7834,3.23633
0,22.1266,0.94115,-1.02057,0.0247744,0.00219619,0.00205682,0.000139367,0.955883,37.8843,0.0390464,0.00350877,0.144071,39.2689,3.38497
0,5.63568,0.342168,-0.662897,0.0211079,5.78883e-05,2.45875e-05,3.33008e-05,0.890715,13.8029,0.000169699,4.16365e-05,0.144071,0.155234,2.7354
0,6.99338,0.344368,-1.01601,0.0232191,0.00214073,0.00206979,7.09426e-05,0.890036,13.8627,0.0143772,0.0035309,0.144071,14.5548,3.32462
0,6.0758,0.346622,-0.86771,0.021924,0.000366378,0.000328327,3.80513e-05,0.891775,13.9782,0.00229556,0.0005566,0.144071,2.18021,3.07637
0,29.0546,0.668253,-1.04197,0.0154527,0.00454394,0.00432939,0.000214546,0.93798,26.836,0.058357,0.00740516,0.144071,37.3164,3.40338
0,21.3917,0.645008,-1.0359,0.0172216,0.00377218,0.00359618,0.000175991,0.936482,25.9226,0.0467877,0.0061463,0.144071,33.3967,3.39084
0,50.329438,0.74658834,-1.3596991,0.011558784,0.24402743,0.16813159,0.075895838,0.7823401,22.768919,2.5319534,0.5862507,0.14407067,2247.9139,4.3609527
0,5.95742,0.380052,-0.732116,0.0120987,0.00016532,0.000104347,6.09726e-05,0.900455,15.3295,0.000799924,0.000176732,0.144071,0.414913,2.85518
0,4.64436,0.964797,-0.565688,0.0113213,8.48348e-05,1.31522e-05,7.16827e-05,0.958261,38.9183,0.000255952,2.22716e-05,0.144071,0.116723,2.62353
0,6.08485,0.760365,-0.809604,0.0122751,0.000353471,0.000278146,7.53253e-05,0.947466,30.6636,0.00426599,0.000471294,0.144071,2.1341,3.01716
0,6.39652,0.410574,-0.6472,0.0097827,0.000118743,4.33638e-05,7.53796e-05,0.907191,16.5613,0.000359123,7.34343e-05,0.144071,0.149483,2.71776
0,38.33408,0.4174809,-1.207693,0.009978113,0.05343072,0.05153626,0.00189446,0.8744692,15.94205,0.433985,0.09638032,0.1440707,199.8361,3.686884
0,5.06947,0.477789,-0.569821,0.0200355,4.5278e-05,7.83723e-06,3.74407e-05,0.919229,19.274,7.55308e-05,1.3271e-05,0.144071,0.0635458,2.59641
0,11.72998,0.5730297,-1.165533,0.02159539,0.01518839,0.01452916,0.0006592308,0.9219895,22.76593,0.1679356,0.02591116,0.1440707,157.487,3.624263
0,50.193901,0.87244615,-1.2916269,0.0092458497,0.16037987,0.1209104,0.039469471,0.84526793,29.551303,2.1277837,0.30571132,0.14407067,1126.3618,4.0395875
0,5.92838,0.956316,-0.733227,0.0241354,8.89222e-05,5.30603e-05,3.58619e-05,0.957904,38.5761,0.00102352,8.98671e-05,0.144071,0.995611,2.90138
0,6.24248,0.26601,-0.92462,0.0168083,0.000939956,0.000888363,5.15926e-05,0.86316,10.7212,0.00476666,0.00150802,0.144071,3.58858,3.15916
0,5.85375,0.368819,-0.66348,0.0212657,5.83347e-05,2.45885e-05,3.37462e-05,0.897803,14.878,0.000182924,4.16385e-05,0.144071,0.167253,2.73982
0,5.63078,0.410371,-0.605362,0.0216341,4.52219e-05,1.14573e-05,3.37646e-05,0.907195,16.5543,9.48383e-05,1.94011e-05,0.144071,0.0872998,2.64827
0,6.31149,0.858437,-0.924192,0.0108644,0.00150101,0.00136643,0.000134585,0.952417,34.5789,0.0236604,0.00232025,0.144071,10.4319,3.21489
0,50.4653,0.445685,-1.08846,0.011607,0.0107203,0.0103802,0.000340039,0.907131,17.787,0.0933168,0.0179147,0.144071,46.4728,3.46293
0,44.06349,0.6122966,-1.271259,0.02153375,0.05635688,0.0475404,0.00881648,0.8989624,23.30906,0.587151,0.1010456,0.1440707,643.069,3.896572
0,5.0215,0.22748,-0.68029,0.020953,5.9718e-05,3.097e-05,2.8748e-05,0.84422,9.1766,0.00014211,5.2443e-05,0.14407,0.13615,2.746
0,38.752478,0.69388478,-1.3782545,0.016509357,0.18541053,0.18540816,2.3656554e-06,0.81793229,22.80244,2.595024,0.5209254,0.14407067,2732.7945,4.4837002
0,30.88092,0.2164303,-1.318061,0.01403393,0.1280298,0.1218756,0.00615415,0.7584033,7.613333,0.5320592,0.2828404,0.1440707,454.1849,3.888828
0,5.45335,0.565659,-0.710074,0.0178495,9.79966e-05,5.32924e-05,4.47042e-05,0.930872,22.8175,0.000608058,9.0255e-05,0.144071,0.450104,2.83733
0,32.744447,0.692585,-1.3226731,0.0084919561,0.22685204,0.16864914,0.058202901,0.78734673,21.601846,2.3560385,0.49595274,0.14407067,1317.0741,4.1157042
0,6.15082,0.723922,-0.842236,0.0133743,0.000461573,0.000388095,7.34777e-05,0.944908,29.1908,0.00566703,0.000657788,0.144071,3.09779,3.06912
0,47.95505,0.4091943,-1.228861,0.01519959,0.04568994,0.04379461,0.001895334,0.8777929,15.7534,0.3614726,0.08304064,0.1440707,258.1915,3.732548
0,34.8889,0.478598,-1.07042,0.0131501,0.00755661,0.00729535,0.000261262,0.91457,19.1616,0.0704275,0.0125411,0.144071,39.3837,3.435
0,6.89147,0.542042,-0.988286,0.00891869,0.00397492,0.00377733,0.000197587,0.925598,21.78,0.0412994,0.00643855,0.144071,15.4015,3.29997
0,9.90183,0.389209,-1.03734,0.0202849,0.00321491,0.00310962,0.000105295,0.900646,15.6509,0.0244127,0.00531594,0.144071,21.3588,3.36698
0,48.60965,0.9974139,-1.160808,0.01796576,0.01793671,0.0164164,0.001520311,0.9478449,39.51573,0.3302772,0.0293119,0.1440707,250.2416,3.661344
0,55.55286,0.2400818,-1.337204,0.01540085,0.135908,0.1225329,0.01337511,0.7664751,8.369017,0.5933857,0.3295812,0.1440707,631.7145,3.959397
0,6.2285,0.789671,-0.91733,0.0172471,0.000867051,0.000788502,7.85495e-05,0.948976,31.8291,0.0125596,0.00133828,0.144071,8.82408,3.19912
0,23.7983,0.382204,-1.1208,0.0162808,0.0114279,0.011119,0.000308882,0.893861,15.2426,0.0857205,0.0193472,0.144071,61.2239,3.51229
0,6.03059,0.787225,-0.818705,0.0164201,0.000291509,0.000233711,5.77981e-05,0.9492,31.7488,0.0037111,0.000396015,0.144071,2.4791,3.03402
0,6.40965,0.443128,-0.940543,0.0132101,0.00147521,0.00138584,8.93705e-05,0.912554,17.8502,0.0123871,0.00235424,0.144071,6.9339,3.20958
0,37.89371,0.7532624,-1.233677,0.0239948,0.033279,0.02903031,0.004248694,0.9253806,29.37667,0.4410858,0.05595878,0.1440707,485.853,3.814056
0,29.8864,0.457876,-1.0636,0.00989918,0.00919222,0.00888079,0.000311428,0.910196,18.3017,0.0820209,0.0152626,0.144071,34.6276,3.42065
0,6.08999,0.849051,-0.730733,0.0126465,0.000165714,9.80679e-05,6.76456e-05,0.952794,34.2466,0.00167952,0.0001661,0.144071,0.860592,2.89137
0,47.34284,0.2187218,-1.238724,0.01645735,0.04643425,0.04556156,0.0008726821,0.8107618,8.413909,0.2010091,0.08705253,0.1440707,169.4662,3.703548
2,9.0727258,0.97704475,-1.3876323,0.012325953,0.048662297,-0.0029891118,0.051651409,3.5911989,37.497674,-0.058909019,0,0.14407067,1154.5735,4.1423423
0,5.70012,0.760916,-0.778565,0.0240142,0.000132123,9.54558e-05,3.6667e-05,0.947645,30.6927,0.00146509,0.000161698,0.144071,1.4335,2.96554
0,5.76503,0.926539,-0.830636,0.015105,0.000363179,0.000296099,6.70805e-05,0.956433,37.3647,0.00553383,0.000501796,0.144071,3.37513,3.06198
0,6.3832,0.24429,-0.62585,0.020974,4.4949e-05,1.5376e-05,2.9573e-05,0.85337,9.8546,7.5763e-05,2.6036e-05,0.14407,0.071875,2.6588
0,15.4135,0.272739,-1.14609,0.0233057,0.0108724,0.0106549,0.000217462,0.859953,10.8831,0.0586168,0.0187044,0.144071,62.8815,3.53928
0,43.55054,0.6416204,-1.266423,0.02299264,0.05049082,0.04255115,0.007939673,0.9055392,24.5772,0.5506994,0.08893512,0.1440707,632.5935,3.888859
0,5.8518,0.271759,-0.899836,0.0228583,0.000511038,0.000475496,3.55423e-05,0.865919,10.9577,0.00260649,0.000806546,0.144071,2.6592,3.11879
0,6.55637,0.757005,-0.94848,0.0217942,0.00100365,0.000930053,7.35934e-05,0.946826,30.5083,0.0142014,0.00158012,0.144071,12.6478,3.24951
0,6.19426,0.538104,-0.884252,0.0208487,0.000475611,0.000426867,4.87445e-05,0.927349,21.6978,0.00463323,0.000723872,0.144071,4.02484,3.12477
0,5.33472,0.858903,-0.678557,0.0100594,0.000145368,6.30827e-05,8.22849e-05,0.953322,34.6446,0.0010929,0.000106834,0.144071,0.445158,2.80525
0,34.7508,0.2448885,-1.267314,0.01823108,0.05937139,0.05615885,0.003212546,0.8178954,9.292695,0.2774033,0.1134541,0.1440707,267.8636,3.774769
0,5.02434,0.442334,-0.570789,0.0216606,4.14733e-05,7.34002e-06,3.41333e-05,0.913321,17.8438,6.54897e-05,1.2429e-05,0.144071,0.0599524,2.59439
0,6.39728,0.861613,-0.951286,0.0166643,0.00136583,0.00126066,0.000105173,0.952669,34.7115,0.0219096,0.00214238,0.144071,14.827,3.2609
0,38.69915,0.4661777,-1.281295,0.02008476,0.0646701,0.05688724,0.007782855,0.8755689,17.59023,0.5349234,0.1232407,0.1440707,566.8125,3.885315
0,5.5496,0.399747,-0.618459,0.0104471,9.76196e-05,2.80722e-05,6.95474e-05,0.904931,16.1249,0.000226353,4.75372e-05,0.144071,0.100867,2.6688
0,5.96344,0.655797,-0.746644,0.0237079,9.92369e-05,6.41744e-05,3.50625e-05,0.939792,26.4534,0.000848901,0.000108694,0.144071,0.826774,2.90522
0,52.89456,0.322324,-1.252979,0.01953878,0.04647788,0.0447763,0.001701583,0.8555602,12.39877,0.291116,0.08805689,0.1440707,284.2013,3.766648
0,17.5089,0.284112,-1.08789,0.0139551,0.00877389,0.00857824,0.000195654,0.865882,11.361,0.04916,0.0147917,0.144071,30.8707,3.43831
0,5.63667,0.538992,-0.643519,0.00948424,0.00012411,4.26631e-05,8.14473e-05,0.927685,21.7412,0.000463832,7.22477e-05,0.144071,0.18304,2.72449
0,5.20195,0.293722,-0.508572,0.0214968,3.41183e-05,3.32605e-06,3.07922e-05,0.874964,11.8489,1.97056e-05,5.63187e-06,0.144071,0.0186875,2.47227
0,5.10951,0.321738,-0.500121,0.022683,3.30292e-05,2.82786e-06,3.02013e-05,0.884594,12.9791,1.83521e-05,4.78831e-06,0.144071,0.0181643,2.46236
0,4.82954,0.253712,-0.68796,0.0110811,0.00012191,6.46203e-05,5.729e-05,0.857994,10.2339,0.0003307,0.000109434,0.144071,0.164866,2.76356
0,6.15815,0.269132,-0.93997,0.0176594,0.0010816,0.0010293,5.23049e-05,0.864439,10.8455,0.00558767,0.00174818,0.144071,4.41482,3.18532
0,30.28409,0.2839332,-1.204937,0.02297,0.02252822,0.02202279,0.0005054344,0.8572837,11.19633,0.1261286,0.04041116,0.1440707,138.1817,3.653199
0,4.5471,0.792336,-0.573667,0.0205612,4.69638e-05,8.02346e-06,3.89404e-05,0.949669,31.9628,0.000128232,1.35865e-05,0.144071,0.107168,2.62712
0,45.24439,0.7942017,-1.246034,0.02082949,0.04527757,0.0380115,0.007266073,0.9199608,30.58885,0.6089351,0.07555151,0.1440707,596.4208,3.85842
0,6.08076,0.640467,-0.847369,0.0211973,0.000307045,0.000261561,4.54835e-05,0.938308,25.8297,0.00337906,0.00044331,0.144071,2.94849,3.07169
0,5.9678,0.819437,-0.868821,0.0183954,0.000456933,0.000396886,6.00473e-05,0.950986,33.0425,0.00656004,0.000672894,0.144071,4.90222,3.11964
0,15.94,0.785795,-1.01287,0.0134669,0.00363496,0.00342788,0.000207076,0.946946,31.5851,0.0543325,0.00584719,0.144071,29.9371,3.36152
0,5.94819,0.287005,-0.738613,0.0121443,0.000168833,0.000113004,5.58292e-05,0.872328,11.5763,0.000654194,0.000191394,0.144071,0.351583,2.85316
0,27.3456,0.408512,-1.12763,0.00936063,0.0215949,0.0209778,0.000617078,0.893145,16.1242,0.172858,0.0367385,0.144071,70.7653,3.52842
0,43.29666,0.5333633,-1.217352,0.01058809,0.057809,0.05460566,0.003203334,0.8894984,20.27297,0.5874705,0.1028262,0.1440707,282.8336,3.730509
0,4.58187,0.737366,-0.510313,0.0125447,6.89355e-05,5.82827e-06,6.31072e-05,0.946107,29.7446,8.66858e-05,9.86922e-06,0.144071,0.0443657,2.51844
0,5.8811,0.23937,-0.64953,0.019928,5.2805e-05,2.1936e-05,3.0869e-05,0.8508,9.6562,0.00010591,3.7145e-05,0.14407,0.095757,2.6972
0,32.19174,0.3149565,-1.220339,0.01609593,0.03836998,0.0373395,0.001030479,0.858391,12.21838,0.2372161,0.07028595,0.1440707,183.5484,3.691999
0,5.7969,0.23278,-0.80235,0.01818,0.00020648,0.00017113,3.5359e-05,0.84713,9.3887,0.00080349,0.00028991,0.14407,0.66581,2.9498
0,37.35994,0.3795291,-1.258617,0.01833165,0.05380539,0.0509122,0.002893195,0.8660806,14.48708,0.3897554,0.1009048,0.1440707,352.6739,3.796674
0,13.37004,0.8173084,-1.106795,0.009178761,0.01737785,0.01644256,0.0009352872,0.939841,32.39871,0.2710694,0.02866825,0.1440707,103.3941,3.533401
2,12.3148,0.204503,-1.01621,0.0146823,-0.00592816,-0.00600869,8.05269e-05,0.829066,8.29891,-0.0247858,0.00559808,0.144071,9.37785,3.30123
0,35.52426,0.4561741,-1.190984,0.01748546,0.02527783,0.02434483,0.0009330077,0.8996163,17.9377,0.2240075,0.04437627,0.1440707,176.3496,3.65919
0,41.0651,0.2895631,-1.19223,0.01483192,0.02983794,0.02918269,0.0006552541,0.8548933,11.33294,0.1704487,0.05315933,0.1440707,119.1365,3.629174
0,16.1439,0.342826,-1.08059,0.022116,0.0050745,0.00494142,0.000133077,0.887766,13.76,0.0341704,0.00849724,0.144071,33.2004,3.43519
0,30.093393,0.82515342,-1.3398411,0.019742878,0.13993584,0.096188035,0.043747806,0.8575171,28.629959,1.6009616,0.26595498,0.14407067,1998.1765,4.2865485
0,49.39824,0.5707115,-1.216113,0.02328439,0.02635565,0.024692,0.001663646,0.9144575,22.41672,0.2842485,0.04601978,0.1440707,299.4024,3.735412
0,5.97215,0.532742,-0.850657,0.0133336,0.000502969,0.000433705,6.92633e-05,0.926657,21.481,0.00466055,0.000735159,0.144071,2.59001,3.06825
0,37.80842,0.4044331,-1.209214,0.009169575,0.05911045,0.05709118,0.002019265,0.8681828,15.35113,0.4657371,0.1069488,0.1440707,197.6476,3.687415
0,5.31718,0.595827,-0.715139,0.0122529,0.000148678,8.28504e-05,6.58278e-05,0.934106,24.0331,0.000995726,0.000140319,0.144071,0.504204,2.84824
0,4.68536,0.488334,-0.509521,0.0105435,7.80742e-05,6.86426e-06,7.12099e-05,0.920814,19.6987,6.76139e-05,1.16235e-05,0.144071,0.029883,2.49734
0,36.146226,0.33258523,-1.3607233,0.012051565,0.21293473,0.1683682,0.044566534,0.74799918,10.56012,1.1295051,0.56972486,0.14407067,1104.8764,4.1035221
0,45.01921,0.7599837,-1.243106,0.01499671,0.05979147,0.05115105,0.008640425,0.9081382,28.82595,0.7841226,0.1010623,0.1440707,548.3455,3.841838
0,4.58277,0.97506,-0.605871,0.0182408,5.84581e-05,1.36775e-05,4.47806e-05,0.958699,39.3334,0.000269007,2.31613e-05,0.144071,0.197571,2.69077
0,6.21503,0.278331,-0.974396,0.0230458,0.00127354,0.00122562,4.79216e-05,0.868194,11.2141,0.00688083,0.00208456,0.144071,7.07276,3.24447
0,47.198822,0.6707893,-1.3679237,0.0089977062,0.31189072,0.21678219,0.095108533,0.72641787,18.620816,2.9331542,0.83703575,0.14407067,2200.5201,4.3588793
0,5.05466,0.846646,-0.702655,0.0231336,7.34787e-05,3.73828e-05,3.60959e-05,0.952726,34.1527,0.000638409,6.33097e-05,0.144071,0.598422,2.84458
0,6.47859,0.695899,-0.9769,0.0196452,0.00157987,0.00148422,9.56481e-05,0.942105,28.0295,0.0208338,0.00252532,0.144071,16.8238,3.2934
0,6.06006,0.391933,-0.941222,0.0171384,0.00114303,0.00107773,6.52973e-05,0.902562,15.7932,0.00852015,0.00183051,0.144071,6.25711,3.20485
0,5.80477,0.669132,-0.789061,0.0213086,0.000164055,0.000123095,4.09594e-05,0.940878,26.9896,0.00166141,0.00020853,0.144071,1.45286,2.97672
0,26.0437,0.9065,-1.06282,0.0104648,0.00882886,0.00831496,0.000513899,0.95,36.247,0.152038,0.0142938,0.144071,65.0524,3.45817
0,5.06586,0.341213,-0.511178,0.00922876,8.3152e-05,8.01096e-06,7.5141e-05,0.890427,13.764,5.5136e-05,1.35651e-05,0.144071,0.0220571,2.48339
0,4.50202,0.849287,-0.589876,0.0179137,5.63742e-05,1.13407e-05,4.50334e-05,0.952877,34.2598,0.000194277,1.9204e-05,0.144071,0.140982,2.65743
0,6.08362,0.618998,-0.836118,0.0103714,0.000552362,0.000462641,8.97209e-05,0.936153,24.9577,0.00577641,0.000784133,0.144071,2.47129,3.05127
0,11.17301,0.4680285,-1.174993,0.02279984,0.01603921,0.01546838,0.0005708342,0.9074848,18.57827,0.14603,0.02771356,0.1440707,147.4441,3.628388
0,4.7765,0.835598,-0.603322,0.00884779,0.000118518,2.7289e-05,9.12291e-05,0.952102,33.7055,0.00045995,4.62119e-05,0.144071,0.164985,2.67896
0,46.55947,0.7514571,-1.170388,0.01486874,0.0237492,0.02227119,0.001478008,0.9316277,29.59516,0.337577,0.04005524,0.1440707,215.6499,3.656563
0,5.28999,0.384725,-0.583594,0.0220006,4.11456e-05,8.51853e-06,3.2627e-05,0.901622,15.5198,6.61059e-05,1.44246e-05,0.144071,0.062264,2.60914
0,6.08388,0.789565,-0.80149,0.00898129,0.000444756,0.000342532,0.000102224,0.949244,31.8383,0.00545525,0.000580389,0.144071,1.99282,3.0055
0,23.22346,0.3156777,-1.21476,0.02242381,0.02593178,0.0252478,0.0006839804,0.8664678,12.40476,0.1607654,0.04696261,0.1440707,171.8443,3.680762
0,40.143096,0.6071175,-1.3917428,0.019364473,0.17831437,0.17831247,1.9075296e-06,0.8158795,20.124894,2.1836329,0.52813345,0.14407067,2875.3735,4.5274882
0,5.3811,0.21419,-0.66245,0.0090063,0.00012191,5.7296e-05,6.4609e-05,0.8361,8.6397,0.00024754,9.7022e-05,0.14407,0.10292,2.7138
0,22.2716,0.873275,-1.02491,0.018436,0.00310542,0.0029205,0.000184925,0.952129,35.1201,0.0514438,0.00498597,0.144071,38.6469,3.38838
2,16.82555,0.7906859,-1.36947,0.01373172,-0.6963904,-1.570443,0.8740521,5.792369,54.11093,-25.04674,0,0.1440707,818.0237,4.041121
0,78.35322,0.4379871,-1.320978,0.01366095,0.1376008,0.1124311,0.02516968,0.8223304,15.23789,0.9932833,0.3016537,0.1440707,870.3731,4.005982
0,72.871453,0.77636014,-1.2925145,0.010325427,0.14375308,0.11071133,0.033041741,0.85204355,26.817446,1.7337261,0.27688643,0.14407067,1025.6582,4.0161077
0,31.6672,0.965597,-1.01238,0.00865597,0.00566817,0.00529551,0.00037266,0.954652,38.7331,0.10314,0.00904012,0.144071,36.188,3.37199
0,103.251,0.6284524,-1.290227,0.01503798,0.09677436,0.07799959,0.01877476,0.8734824,22.89938,0.9887577,0.1846126,0.1440707,829.5792,3.964843
0,6.12973,0.891576,-0.786419,0.0246127,0.000140191,0.000103016,3.71756e-05,0.954955,35.9627,0.00185262,0.000174511,0.144071,1.8437,2.9864
0,43.19194,0.8089092,-1.166177,0.01971349,0.01715007,0.01600165,0.001148418,0.9394912,32.07319,0.2610897,0.02862047,0.1440707,219.5467,3.654029
0,6.58556,0.622279,-0.964562,0.0191092,0.00138744,0.00130312,8.4316e-05,0.935929,25.069,0.0163567,0.00221566,0.144071,12.9264,3.26676
0,40.30178,0.4026033,-1.277338,0.01449544,0.08461786,0.07753647,0.007081396,0.8509169,14.8674,0.6296635,0.1623004,0.1440707,468.5288,3.852488
0,12.45364,0.6692056,-1.125117,0.01650817,0.01209818,0.01154559,0.0005525856,0.9331687,26.67034,0.1558479,0.02016937,0.1440707,108.4668,3.555168
0,36.13729,0.2512237,-1.360017,0.01249199,0.1981961,0.1674077,0.03078842,0.7304214,8.126132,0.8483228,0.5446755,0.1440707,862.8142,4.043105
0,6.42325,0.586683,-0.8018,0.0234907,0.00016832,0.000131503,3.68173e-05,0.933136,23.6639,0.00155619,0.000222787,0.144071,1.51274,2.99155
0,6.32983,0.440548,-0.774581,0.00888614,0.000333558,0.000245077,8.84814e-05,0.912815,17.7666,0.00217782,0.000415177,0.144071,0.818474,2.93264
0,5.80114,0.50787,-0.732618,0.0142778,0.000144157,8.89941e-05,5.51631e-05,0.923583,20.4854,0.000911673,0.000150728,0.144071,0.544079,2.86964
0,5.09821,0.680533,-0.632547,0.0202986,5.65043e-05,1.73139e-05,3.91904e-05,0.941879,27.4524,0.000237667,2.93193e-05,0.144071,0.197715,2.71749
0,8.80447,0.9622,-0.966663,0.00895436,0.00309017,0.00285477,0.000235408,0.956195,38.6969,0.0554065,0.00485771,0.144071,20.0647,3.29284
0,13.20986,0.9955794,-1.097164,0.01118974,0.01279197,0.01196806,0.0008239124,0.9511834,39.64969,0.2403393,0.02077948,0.1440707,110.4759,3.528548
0,6.00492,0.718385,-0.803562,0.0141719,0.000286751,0.000222946,6.38057e-05,0.944622,28.9726,0.00323059,0.000377735,0.144071,1.87147,3.00432
0,6.01396,0.633179,-0.86738,0.0136673,0.000598685,0.000524374,7.43114e-05,0.937456,25.5283,0.00669719,0.000889073,0.144071,3.77163,3.10451
0,34.91205,0.3980009,-1.230861,0.01171169,0.06018636,0.05778864,0.002397725,0.8661008,15.08971,0.4639292,0.1105752,0.1440707,257.1742,3.734148
0,28.38338,0.4455024,-1.186848,0.01821952,0.02306448,0.02225381,0.0008106733,0.8992149,17.55784,0.1999768,0.04038494,0.1440707,163.7575,3.648803
0,15.5784,0.564489,-1.12703,0.0213389,0.00953339,0.00916393,0.000369463,0.924681,22.5554,0.104343,0.015992,0.144071,94.879,3.54757
0,57.333975,0.40122991,-1.3675478,0.018844129,0.16648916,0.12380578,0.042683379,0.79686083,13.491484,1.0019808,0.3977434,0.14407067,1446.4174,4.1905086
0,4.95013,0.669655,-0.618907,0.0200745,5.41506e-05,1.46935e-05,3.9457e-05,0.940993,27.0136,0.000198473,2.48817e-05,0.144071,0.163441,2.69406
0,44.53834,0.3940921,-1.326325,0.02274892,0.08793462,0.0722137,0.01572091,0.8472294,14.50036,0.5740405,0.1940247,0.1440707,861.0594,4.008967
0,15.6724,0.95995,-1.08561,0.0196669,0.0062956,0.00590835,0.000387255,0.954006,38.4823,0.114404,0.0101922,0.144071,92.1613,3.50412
0,5.37439,0.453306,-0.600168,0.020396,4.79029e-05,1.13685e-05,3.65344e-05,0.915236,18.2863,0.000103948,1.92507e-05,0.144071,0.0894174,2.64431
0,6.03046,0.422038,-0.910315,0.0153048,0.000878522,0.000812139,6.63833e-05,0.909001,17.0108,0.00691365,0.00137817,0.144071,4.49913,3.15665
0,4.91142,0.520809,-0.562935,0.0141567,6.3875e-05,1.01528e-05,5.37222e-05,0.925389,21.009,0.000106657,1.71921e-05,0.144071,0.062981,2.58907
0,27.59468,0.3622561,-1.193712,0.01563412,0.02893815,0.02812065,0.0008175044,0.8779304,14.19116,0.2054784,0.05140098,0.1440707,148.0607,3.647441
0,52.36298,0.8886053,-1.194151,0.01625096,0.03014242,0.02717971,0.00296271,0.9350516,34.76739,0.4871682,0.04972941,0.1440707,342.5045,3.72873
0,4.62687,0.709449,-0.582241,0.0117946,8.28495e-05,1.56154e-05,6.72342e-05,0.944097,28.6181,0.000223459,2.64427e-05,0.144071,0.107758,2.63598
0,6.10806,0.91767,-0.727836,0.024848,8.26863e-05,4.80913e-05,3.45951e-05,0.956215,37.0174,0.00089018,8.14499e-05,0.144071,0.893037,2.89038
0,55.51797,0.980018,-1.250076,0.009749706,0.101285,0.08084214,0.02044282,0.8910276,35.53131,1.598075,0.1700112,0.1440707,753.4016,3.90495
0,6.09281,0.678045,-0.803125,0.0167733,0.00024057,0.000187319,5.32505e-05,0.94156,27.347,0.00256193,0.000317365,0.144071,1.76228,3.00077
0,4.95057,0.476994,-0.522902,0.0195715,4.26113e-05,4.39144e-06,3.82198e-05,0.919107,19.242,4.22518e-05,7.43605e-06,0.144071,0.0347286,2.51844
0,6.342,0.23445,-0.89324,0.011068,0.00096903,0.00090215,6.6872e-05,0.84759,9.4489,0.0042663,0.0015304,0.14407,2.1524,3.1012
0,48.69195,0.5489098,-1.21062,0.02441807,0.02340858,0.02210093,0.001307646,0.9138856,21.62564,0.2447016,0.04089331,0.1440707,269.326,3.718638
0,48.25502,0.8447282,-1.181675,0.02426947,0.01711382,0.01573111,0.001382713,0.9414737,33.49465,0.2680411,0.02836865,0.1440707,279.1923,3.693459
1,78.9017,0.677588,-1.28347,0.0153469,,,,,,,,,,
0,47.56723,0.8347144,-1.208545,0.017145,0.03421705,0.030578,0.003639044,0.9295805,32.52165,0.5148399,0.05670908,0.1440707,387.7152,3.758274
1,62.3037,0.856955,-1.27155,0.0219797,,,,,,,,,,
0,4.65535,0.881032,-0.525727,0.0222749,4.00842e-05,4.00104e-06,3.60831e-05,0.954507,35.541,7.11034e-05,6.77505e-06,0.144071,0.0640495,2.55272
0,27.11,0.33468,-1.15783,0.0114186,0.0256484,0.0250311,0.000617299,0.872493,13.1553,0.16898,0.0443894,0.144071,87.1104,3.57247
0,5.97565,0.991093,-0.855673,0.02079,0.000350341,0.000296663,5.36782e-05,0.959149,39.9685,0.00593066,0.000502873,0.144071,4.96572,3.10717
0,35.43696,0.220644,-1.316865,0.009332878,0.1828765,0.1748978,0.007978758,0.7252397,7.273358,0.7783978,0.4188236,0.1440707,446.825,3.885363
0,13.80903,0.7710402,-1.109915,0.02442554,0.006815145,0.006464697,0.0003504476,0.9439607,30.89316,0.1005427,0.01121363,0.1440707,102.173,3.535673
0,34.26703,0.5563956,-1.18563,0.02417443,0.01737942,0.01657099,0.0008084287,0.9186832,22.05589,0.1859762,0.02996437,0.1440707,198.2246,3.664092
0,9.36959,0.351431,-1.04254,0.0110932,0.00625212,0.006065,0.000187123,0.889409,14.0887,0.0429929,0.0103916,0.144071,20.8135,3.37075
0,6.6514,0.20154,-0.61617,0.024666,3.421e-05,1.1544e-05,2.2667e-05,0.82764,8.13,4.6926e-05,1.955e-05,0.14407,0.053992,2.6344
0,38.494746,0.3734222,-1.3886488,0.023630677,0.15025933,0.1077693,0.042490026,0.80151099,12.800935,0.81174642,0.41592374,0.14407067,1789.2022,4.2891009
0,23.2827,0.953993,-1.05896,0.0180167,0.0049049,0.00460584,0.000299059,0.954666,38.297,0.0886297,0.00790083,0.144071,65.0876,3.45435
0,6.68319,0.58551,-0.967207,0.00889444,0.00307188,0.00289367,0.000178211,0.931148,23.548,0.034175,0.0049247,0.144071,12.6261,3.26814
0,45.05532,0.8070031,-1.237287,0.02385453,0.03536388,0.0301537,0.005210176,0.9272975,31.40465,0.4908412,0.05895973,0.1440707,542.9234,3.834455
0,41.08095,0.439836,-1.320306,0.009534973,0.1872747,0.154636,0.03263862,0.7887705,14.42081,1.371913,0.4284735,0.1440707,851.3729,4.000486
0,5.71849,0.800348,-0.653332,0.0209246,6.08117e-05,2.1935e-05,3.88767e-05,0.950138,32.2855,0.000354112,3.71454e-05,0.144071,0.301038,2.75989
0,6.16719,0.332995,-0.92008,0.0122967,0.0012228,0.00114546,7.73417e-05,0.887317,13.4172,0.00769384,0.00194454,0.144071,4.1212,3.16183
0,5.94377,0.957492,-0.890907,0.0197918,0.000554345,0.000489694,6.46503e-05,0.95765,38.6055,0.0094577,0.00083057,0.144071,7.55338,3.16446
0,26.870239,0.8216902,-1.330379,0.018061738,0.13770192,0.09610952,0.041592404,0.85846988,28.583848,1.592941,0.25743948,0.14407067,1764.6868,4.2253616
0,4.69378,0.636918,-0.526207,0.0227165,3.83278e-05,3.94754e-06,3.43802e-05,0.938159,25.6934,5.07148e-05,6.6844e-06,0.144071,0.047401,2.53773
0,6.2824,0.23765,-0.84838,0.017092,0.00045253,0.00032856,0.00012397,0.84968,9.5831,0.001575,0.00055696,0.14407,1.2237,3.0272
0,6.03547,0.87684,-0.762912,0.0126314,0.000218314,0.000148423,6.9891e-05,0.954184,35.3656,0.0026251,0.000251418,0.144071,1.34164,2.94646
0,6.00882,0.918961,-0.853822,0.0168124,0.000422771,0.000358232,6.45394e-05,0.956053,37.0568,0.00664027,0.000607239,0.144071,4.51038,3.10029
0,6.24833,0.714345,-0.816126,0.00908324,0.000510393,0.000408685,0.000101708,0.944183,28.8033,0.00588874,0.000692565,0.144071,2.18738,3.02496
0,6.00282,0.408095,-0.841135,0.0114814,0.00051867,0.000445726,7.2944e-05,0.906428,16.4548,0.00366906,0.000755473,0.144071,1.79477,3.03972
0,4.65707,0.585655,-0.538517,0.0216948,4.0453e-05,4.84153e-06,3.56115e-05,0.933109,23.6254,5.71939e-05,8.19823e-06,0.144071,0.0513286,2.55413
0,43.58361,0.5162391,-1.263087,0.0234996,0.04581957,0.04090802,0.004911552,0.8951432,19.87177,0.4259754,0.08336652,0.1440707,495.7166,3.846415
0,6.3872,0.902234,-0.920682,0.0179988,0.000870251,0.000788764,8.1487e-05,0.954988,36.3661,0.0143546,0.00133881,0.144071,10.4592,3.21152
0,51.43363,0.8826935,-1.182762,0.02292073,0.01845833,0.01685403,0.001604301,0.9425128,34.95215,0.3000812,0.03046011,0.1440707,295.1099,3.700485
0,5.36327,0.411057,-0.679266,0.0174607,7.92003e-05,3.66774e-05,4.25229e-05,0.907314,16.5815,0.000304107,6.21121e-05,0.144071,0.225913,2.77106
0,4.85115,0.85765,-0.596648,0.0245195,4.1993e-05,9.03849e-06,3.29545e-05,0.953324,34.5977,0.000156362,1.53054e-05,0.144071,0.155238,2.66915
0,15.21949,0.8951107,-1.135106,0.01703057,0.01350988,0.01264357,0.0008663151,0.9463948,35.62252,0.2282819,0.02222713,0.1440707,162.4061,3.596372
0,4.78468,0.674264,-0.555618,0.0207595,4.43152e-05,6.30249e-06,3.80127e-05,0.941378,27.1998,8.57171e-05,1.06722e-05,0.144071,0.0729643,2.58931
0,77.428619,0.82819543,-1.3816439,0.02379645,0.16993032,0.1123431,0.057587212,0.83629114,27.733364,1.8767413,0.37748604,0.14407067,3395.4351,4.6269191
0,5.99657,0.913184,-0.757084,0.0223624,0.00011724,7.77955e-05,3.94446e-05,0.955987,36.8352,0.00143297,0.000131771,0.144071,1.29415,2.93877
0,21.302488,0.79083888,-1.3903992,0.0096904062,0.12521647,0.0036527162,0.12156375,3.0167071,27.908968,0.058267866,0,0.14407067,1059.9906,4.1223509
0,33.775574,0.68493086,-1.3278571,0.010019234,0.2078264,0.15262996,0.055196437,0.80049098,21.888816,2.108685,0.44929539,0.14407067,1403.0387,4.1408299
0,6.78545,0.423428,-0.978703,0.0129842,0.00240753,0.00229725,0.00011028,0.908304,17.0407,0.0196206,0.00391034,0.144071,10.8574,3.27154
0,43.16685,0.2746923,-1.318867,0.02338976,0.08109825,0.07342127,0.007676978,0.8166324,10.18288,0.4068118,0.1714698,0.1440707,570.0263,3.923801
0,32.0913,0.821321,-1.03596,0.00951478,0.00688923,0.00650584,0.00038339,0.946913,32.9053,0.107781,0.0111336,0.144071,41.9593,3.4043
0,40.840413,0.67575155,-1.3560632,0.024823071,0.11258058,0.078245931,0.034334648,0.86739638,24.191965,1.0665322,0.26052948,0.14407067,2055.906,4.3154442
0,23.197,0.416911,-1.11828,0.0169946,0.0106317,0.0103214,0.000310279,0.901815,16.6401,0.0867976,0.017944,0.144071,64.1368,3.51272
0,37.35908,0.577919,-1.232504,0.01035915,0.07173964,0.06622917,0.005510473,0.8852615,21.64173,0.7720429,0.1276786,0.1440707,368.553,3.775907
0,6.55682,0.824413,-0.931065,0.0191608,0.000924485,0.000846348,7.8137e-05,0.950962,33.2275,0.014074,0.00143704,0.144071,10.9662,3.22443
0,10.89662,0.4798604,-1.149665,0.02333497,0.01149986,0.01110733,0.0003925386,0.9122439,19.13581,0.1075102,0.01955791,0.1440707,109.1196,3.580151
0,6.06269,0.894085,-0.896156,0.0120606,0.00096537,0.000859402,0.000105969,0.95454,36.0342,0.0154989,0.00145806,0.144071,7.56663,3.1698
0,16.1574,0.265268,-1.12135,0.0167145,0.0111346,0.0109133,0.00022127,0.856564,10.5822,0.0583938,0.0189798,0.144071,44.6725,3.49343
0,6.25979,0.37984,-0.931272,0.0154449,0.00112099,0.0010527,6.82896e-05,0.899804,15.3062,0.00806549,0.00178753,0.144071,5.35299,3.1867
0,4.74153,0.580709,-0.56006,0.0127166,7.16516e-05,1.08926e-05,6.0759e-05,0.932558,23.4252,0.00012759,1.84451e-05,0.144071,0.0671578,2.58949
0,36.10986,0.3863476,-1.257165,0.01776782,0.05476884,0.05179197,0.002976867,0.8669913,14.73233,0.4036136,0.1021838,0.1440707,351.6495,3.794874
0,39.29637,0.3877005,-1.216798,0.01752923,0.03418911,0.0329988,0.001190308,0.8806305,15.1058,0.2580594,0.0616688,0.1440707,211.3565,3.701106
0,17.1694,0.919955,-1.08691,0.0206393,0.00608563,0.00572511,0.000360529,0.952406,36.8868,0.106237,0.0098754,0.144071,89.9778,3.50377
0,4.96269,0.933214,-0.637043,0.0236681,5.03879e-05,1.57317e-05,3.46562e-05,0.956933,37.6456,0.000296129,2.66401e-05,0.144071,0.282728,2.74038
0,18.5438,0.371775,-1.1477,0.0147377,0.017581,0.0171168,0.000464215,0.887495,14.7344,0.128359,0.0301951,0.144071,84.2111,3.56003
0,18.9007,0.854266,-1.00227,0.00995135,0.00431907,0.00405038,0.000268685,0.950368,34.3138,0.0697934,0.00690609,0.144071,28.2831,3.34769
0,8.18361,0.454747,-1.02093,0.0223257,0.00238428,0.00229217,9.21025e-05,0.913999,18.3016,0.0210253,0.00391177,0.144071,19.9324,3.34674
0,23.3345,0.461112,-1.06999,0.0208614,0.00473763,0.00457821,0.000159414,0.913571,18.514,0.0425822,0.00786142,0.144071,37.8825,3.43228
0,47.67648,0.4058866,-1.305106,0.01196873,0.1351678,0.1171813,0.01798657,0.8183496,14.16093,0.9593742,0.2808025,0.1440707,662.8865,3.935827
0,19.13341,0.3193577,-1.188631,0.0205365,0.02076423,0.02026008,0.0005041485,0.8708929,12.61595,0.13051,0.03665859,0.1440707,124.3067,3.628762
0,6.07104,0.612765,-0.831803,0.0143323,0.000380948,0.000316773,6.41746e-05,0.935659,24.7106,0.00391533,0.000536835,0.144071,2.31612,3.0436
0,6.36041,0.331231,-0.873191,0.011787,0.000725467,0.000655075,7.03917e-05,0.887098,13.3528,0.00437671,0.0011108,0.144071,2.24634,3.0834
0,32.52263,0.2733468,-1.235295,0.0220941,0.03329139,0.03247311,0.0008182784,0.84631,10.66019,0.1790454,0.06204969,0.1440707,196.8288,3.713123
0,23.943,0.340228,-1.09009,0.023203,0.00545067,0.00531137,0.000139293,0.886791,13.6506,0.0364503,0.00915026,0.144071,37.2516,3.45139
0,12.8319,0.370758,-1.13208,0.0173789,0.0123106,0.0119879,0.000322732,0.890573,14.7729,0.0896514,0.0209513,0.144071,68.8442,3.53108
0,15.60811,0.3811513,-1.163544,0.01792309,0.01759052,0.01710524,0.0004852787,0.8897216,15.10585,0.1315079,0.0304328,0.1440707,105.556,3.591632
0,5.58489,0.385707,-0.724818,0.0249261,7.57362e-05,4.61193e-05,2.96169e-05,0.901826,15.5589,0.00035881,7.8107e-05,0.144071,0.382859,2.84375
0,29.801338,0.61813992,-1.3271956,0.016107953,0.13097466,0.097500369,0.033474286,0.84919357,21.670773,1.2156771,0.2770997,0.14407067,1298.3191,4.1158478
0,5.99251,0.705846,-0.874278,0.019544,0.000455644,0.000400661,5.4983e-05,0.943587,28.4621,0.00570443,0.000679342,0.144071,4.56483,3.12137
0,6.20945,0.936958,-0.727113,0.0136771,0.000149335,8.65601e-05,6.27747e-05,0.957033,37.7929,0.00163592,0.000146607,0.144071,0.902541,2.89021
1,68.4706,0.804171,-1.26973,0.0180874,,,,,,,,,,
1,94.1585,0.490675,-1.31261,0.0093103,,,,,,,,,,
0,5.18187,0.797221,-0.708508,0.0186712,9.45067e-05,4.99324e-05,4.45743e-05,0.949931,32.1583,0.000802946,8.45649e-05,0.144071,0.609256,2.85135
0,6.0323,0.24747,-0.80558,0.017929,0.00021791,0.00018086,3.7045e-05,0.85488,9.9813,0.00090282,0.00030641,0.14407,0.73111,2.9578
0,6.38175,0.844361,-0.927462,0.0091344,0.00185641,0.0016944,0.000162005,0.951447,33.9998,0.0288582,0.0028781,0.144071,10.7082,3.21956
0,34.25161,0.5066559,-1.236965,0.009266906,0.08281274,0.07755686,0.005255875,0.8694525,18.74676,0.792608,0.151145,0.1440707,344.228,3.772137
0,6.66533,0.384825,-0.981996,0.0211097,0.00154017,0.00147445,6.57293e-05,0.900702,15.5006,0.011445,0.00250908,0.144071,10.3897,3.27248
0,6.26458,0.30969,-0.87253,0.0170087,0.000497597,0.000450178,4.74195e-05,0.880353,12.4872,0.00281213,0.000763267,0.144071,2.09891,3.07922
2,32.642046,0.97600858,-1.3766784,0.019429867,0.81739841,-1.0224545,1.8398529,0.34773388,7.1897427,-20.129027,0,0.14407067,1986.1725,4.3207452
0,6.13863,0.517691,-0.828043,0.0163613,0.000317915,0.000264422,5.34925e-05,0.924812,20.8779,0.00276118,0.000448087,0.144071,1.88648,3.02921
0,5.7479,0.795242,-0.659313,0.01111,0.000118228,4.46099e-05,7.36176e-05,0.949797,32.0777,0.000715575,7.55466e-05,0.144071,0.3231,2.76951
0,5.94346,0.369925,-0.7832,0.0144455,0.000220779,0.000168412,5.23677e-05,0.897975,14.9201,0.00125664,0.000285294,0.144071,0.780496,2.93881
0,5.7694,0.314313,-0.725439,0.0199396,9.29955e-05,5.8115e-05,3.48804e-05,0.882152,12.6788,0.000368447,9.84227e-05,0.144071,0.321501,2.83538
0,4.87282,0.501868,-0.55262,0.0134105,6.5729e-05,9.38773e-06,5.63413e-05,0.922791,20.2449,9.50332e-05,1.58966e-05,0.144071,0.0533086,2.57018
0,5.17719,0.611233,-0.618075,0.0198034,5.42758e-05,1.47365e-05,3.95393e-05,0.935718,24.6569,0.000181688,2.49544e-05,0.144071,0.148429,2.68827
0,6.07674,0.956806,-0.893839,0.0136142,0.000834416,0.000739082,9.5334e-05,0.957439,38.5671,0.014264,0.0012538,0.144071,7.8372,3.16934
0,6.9048,0.27573,-1.0327,0.012176,0.00500889,0.00487636,0.000132526,0.864822,11.0677,0.0271209,0.00834362,0.144071,14.8193,3.34229
0,6.08355,0.873843,-0.794589,0.0179894,0.000207917,0.000156527,5.13904e-05,0.954041,35.245,0.00275897,0.00026518,0.144071,2.00875,2.99901
0,34.86853,0.9442054,-1.147296,0.01805228,0.01496213,0.01387747,0.001084655,0.9476526,37.52101,0.2643029,0.02452344,0.1440707,199.7911,3.626466
0,6.25478,0.50375,-0.928058,0.0105111,0.00159613,0.00148409,0.000112043,0.922082,20.2897,0.0150799,0.00252036,0.144071,6.6444,3.19484
0,46.535413,0.51931516,-1.3838409,0.021746544,0.15582074,0.10802965,0.047791091,0.82381444,17.685643,1.1316161,0.42489251,0.14407067,2260.9872,4.3879311
0,9.71395,0.289896,-0.650835,0.0093348,0.000119245,4.76178e-05,7.16269e-05,0.87347,11.6935,0.000278443,8.06361e-05,0.144071,0.11486,2.70785
0,6.63704,0.638789,-0.957763,0.0233755,0.00104343,0.000976639,6.6792e-05,0.937682,25.743,0.0125839,0.0016598,0.144071,12.1411,3.25659
0,28.928223,0.69907805,-1.3235518,0.0098822794,0.20285634,0.14960148,0.053254859,0.80509184,22.481093,2.1095349,0.43101497,0.14407067,1355.6851,4.1255651
0,4.832242,0.9918774,-1.39322,0.01875131,0.3433522,0.006110701,0.3372415,-7.218702,26.27518,0.1222571,0,0.1440707,-432.4287,1.5092
0,6.00288,0.471671,-0.873931,0.0221033,0.000395387,0.00035271,4.26763e-05,0.918045,19.0205,0.0033557,0.000598007,0.144071,3.12147,3.10121
0,4.75418,0.749297,-0.579503,0.0244771,3.98174e-05,7.26462e-06,3.25528e-05,0.946937,30.2268,0.000109797,1.23014e-05,0.144071,0.109553,2.63409
0,9.9161,0.21177,-0.62993,0.008454,0.00010499,3.6708e-05,6.8281e-05,0.83455,8.5425,0.0001568,6.8068e-05,0.14407,0.06714,2.6593
0,57.839814,0.79841065,-1.2999619,0.023590343,0.071384285,0.053285923,0.018098362,0.90283085,29.910076,0.85815153,0.13335831,0.14407067,1187.9626,4.0626203
0,5.99029,0.596561,-0.763523,0.0213054,0.000127663,8.86948e-05,3.89686e-05,0.934195,24.0632,0.00106728,0.000150235,0.144071,0.939753,2.9287
0,5.9929,0.867675,-0.792025,0.0221486,0.000164524,0.00012302,4.15037e-05,0.953758,34.9978,0.00215307,0.000208407,0.144071,1.93062,2.99439
0,12.96597,0.7819432,-1.117138,0.0165707,0.01098375,0.01040537,0.0005783741,0.9419288,31.19851,0.1641187,0.01813586,0.1440707,113.4572,3.550469
0,6.30282,0.602223,-0.814038,0.0151465,0.000297177,0.000238629,5.85478e-05,0.934664,24.2875,0.00289871,0.000404333,0.144071,1.81392,3.01318
0,35.7087,0.621116,-1.08222,0.019529,0.00596152,0.00571094,0.000250575,0.932873,24.9076,0.0715494,0.00982688,0.144071,58.4039,3.47074
0,6.75223,0.390969,-0.993327,0.0206797,0.00181241,0.00173942,7.29827e-05,0.901925,15.7438,0.0137174,0.00296254,0.144071,12.1895,3.29237
0,14.2325,0.452797,-1.03725,0.0182128,0.00358831,0.00345813,0.000130173,0.912902,18.2011,0.0315843,0.00591333,0.144071,24.4749,3.37449
0,14.923868,0.96105159,-1.3748881,0.020467042,0.60030165,0.23404743,0.36625421,1.0690377,15.496522,4.5370729,0,0.14407067,1360.8326,4.1780957
0,6.4762,0.629722,-0.944693,0.0108832,0.00190462,0.00177363,0.000130992,0.936296,25.3557,0.0225288,0.00301404,0.144071,10.1253,3.2338
0,4.87031,0.772246,-0.596757,0.0115754,8.83543e-05,1.91721e-05,6.91822e-05,0.948401,31.151,0.000298641,3.24658e-05,0.144071,0.140695,2.6642
0,6.01968,0.259216,-0.858903,0.0208814,0.000342679,0.000307894,3.47852e-05,0.860452,10.4537,0.00160986,0.000521884,0.144071,1.50908,3.04853
0,5.8502,0.324586,-0.787159,0.0186273,0.00017652,0.000137419,3.91013e-05,0.885401,13.0921,0.000899705,0.000232788,0.144071,0.730828,2.93938
0,4.77854,0.691268,-0.603578,0.0108193,9.56748e-05,2.239e-05,7.32848e-05,0.942704,27.8843,0.000312195,3.79153e-05,0.144071,0.138304,2.67014
0,5.8881,0.455461,-0.7618,0.0201816,0.000130461,9.15867e-05,3.88743e-05,0.915551,18.3717,0.000841412,0.000155129,0.144071,0.716064,2.91297
0,5.11963,0.569945,-0.596297,0.0177051,5.61339e-05,1.2461e-05,4.3673e-05,0.931382,22.9913,0.000143255,2.11009e-05,0.144071,0.105116,2.64876
0,5.41305,0.770401,-0.712178,0.0228311,7.92212e-05,4.28055e-05,3.64158e-05,0.94829,31.0769,0.000665183,7.24947e-05,0.144071,0.618254,2.85578
0,6.23886,0.75301,-0.815806,0.0091113,0.00050825,0.000405755,0.000102494,0.946882,30.3623,0.00616297,0.000687599,0.144071,2.28977,3.02701
0,79.747321,0.77640311,-1.2981746,0.024068647,0.068577273,0.051661261,0.016916012,0.90340849,29.173549,0.80905387,0.12774168,0.14407067,1131.688,4.0474118
0,6.39226,0.343858,-0.955863,0.00872096,0.00268182,0.00255287,0.000128943,0.889554,13.8346,0.0177065,0.00434162,0.144071,6.71195,3.22318
0,30.9637,0.696043,-1.08305,0.0217002,0.00544313,0.00519153,0.000251594,0.939619,27.9268,0.0728881,0.00893814,0.144071,65.7077,3.47904
0,5.81438,0.282517,-0.706916,0.0106536,0.000148265,8.57394e-05,6.25252e-05,0.870576,11.3955,0.000488596,0.000145205,0.144071,0.230805,2.79981
0,6.12738,0.570352,-0.850113,0.0222793,0.000300003,0.000257782,4.22211e-05,0.931271,23.0021,0.00296565,0.000436914,0.144071,2.74048,3.07063
0,5.8097,0.430216,-0.800809,0.017815,0.00021625,0.000171204,4.50454e-05,0.910986,17.3519,0.00148568,0.00029005,0.144071,1.12184,2.97512
0,6.95571,0.629261,-0.982577,0.012117,0.00273873,0.0025862,0.000152527,0.935717,25.316,0.0328261,0.00440398,0.144071,16.4562,3.29787
0,5.80859,0.64134,-0.756685,0.0242924,0.000105635,7.12498e-05,3.43856e-05,0.938516,25.8701,0.000921717,0.000120682,0.144071,0.921102,2.92083
0,30.786454,0.56085796,-1.3365112,0.020550441,0.11381329,0.084306951,0.029506336,0.85510204,20.050873,0.95376513,0.24480571,0.14407067,1344.607,4.1359517
0,5.65234,0.530004,-0.721122,0.0174391,0.000108352,6.2862e-05,4.54897e-05,0.92656,21.379,0.000672036,0.000106465,0.144071,0.488294,2.85257
0,5.95107,0.360189,-0.757754,0.00991055,0.000251384,0.000177049,7.43355e-05,0.89549,14.527,0.00128632,0.0002999,0.144071,0.549577,2.89529
0,55.50116,0.2075039,-1.289697,0.01159091,0.11457,0.1116951,0.002874895,0.7612829,7.412006,0.4675042,0.2378901,0.1440707,305.9996,3.811397
0,5.8205,0.910938,-0.780251,0.0210216,0.000154691,0.000111429,4.32614e-05,0.955859,36.7432,0.00204745,0.00018876,0.144071,1.73858,2.97719
0,5.16471,0.505179,-0.622972,0.0133576,8.02809e-05,2.32655e-05,5.70154e-05,0.923249,20.3782,0.000237074,3.93978e-05,0.144071,0.132399,2.68729
0,5.71676,0.705258,-0.660111,0.016308,8.00296e-05,3.07047e-05,4.93248e-05,0.943786,28.4491,0.000436796,5.19972e-05,0.144071,0.291349,2.76499
0,5.8741,0.335598,-0.755692,0.0239768,0.000101328,7.12753e-05,3.00525e-05,0.888787,13.5373,0.000482486,0.000120722,0.144071,0.502511,2.88862
0,44.65747,0.2587241,-1.326665,0.008340806,0.2223421,0.2050389,0.01730313,0.7175235,8.116721,1.070036,0.5315085,0.1440707,571.6103,3.93205
0,6.56446,0.248589,-0.995671,0.0219701,0.0017404,0.00168735,5.30544e-05,0.854504,10.0111,0.0084608,0.00287377,0.144071,8.43116,3.27504
0,31.671,0.431101,-1.09412,0.0132269,0.0100922,0.0097829,0.000309332,0.904889,17.2159,0.0850691,0.0169049,0.144071,48.489,3.47116
0,45.47266,0.5471354,-1.267072,0.02159064,0.05263676,0.04603444,0.006602316,0.894515,20.9106,0.5080458,0.09550214,0.1440707,549.4077,3.866109
0,6.21696,0.495757,-0.876566,0.0108351,0.000833208,0.000744111,8.90963e-05,0.921425,19.9831,0.00744102,0.00126192,0.144071,3.3799,3.10799
0,6.07464,0.254953,-0.862675,0.0218833,0.000341517,0.000308362,3.31555e-05,0.858453,10.2817,0.00158579,0.000522707,0.144071,1.56156,3.05407
0,39.559026,0.62775593,-1.3882394,0.013845184,0.23360428,0.23360158,2.6983775e-06,0.77829226,19.408817,2.9579564,0.70616696,0.14407067,2779.0719,4.5035343
0,38.407458,0.39737908,-1.3919209,0.014586769,0.24309889,0.1726234,0.070475489,0.74129898,12.133869,1.3836614,0.70272263,0.14407067,1912.4332,4.3197248
0,5.14501,0.69029,-0.625156,0.0165779,6.72689e-05,1.92797e-05,4.79892e-05,0.942646,27.8456,0.000268446,3.26482e-05,0.144071,0.182236,2.7059
0,34.02611,0.85810314,-1.3084202,0.021433063,0.086280475,0.062451601,0.023828874,0.89593777,31.63061,1.0809566,0.16362676,0.14407067,1411.2555,4.1232885
0,16.7902,0.375343,-1.06452,0.0213542,0.00429835,0.00417283,0.000125524,0.896735,15.0769,0.0315925,0.0071596,0.144071,29.2994,3.41195
0,15.6695,0.537318,-1.02932,0.0124034,0.00479098,0.00459039,0.000200588,0.92449,21.5725,0.0497515,0.00784291,0.144071,25.8734,3.36969
0,46.00696,0.4424363,-1.27562,0.02453414,0.04991329,0.04485752,0.005055768,0.8812388,16.95779,0.4003236,0.09379858,0.1440707,504.7544,3.861631
0,5.87418,0.541509,-0.865263,0.0246703,0.000321784,0.000282756,3.90286e-05,0.92787,21.8384,0.00308846,0.00047933,0.144071,3.17234,3.09339
0,40.8853,0.316406,-1.1622,0.00919482,0.0335017,0.0327378,0.000763927,0.861925,12.3367,0.208938,0.0583078,0.144071,87.4658,3.57712
0,15.5027,0.202474,-1.00459,0.0185066,0.930444,0.000173116,0.930271,0.245669,0.568145,0.000707021,0.00382554,0.144071,1.86623,3.2052
0,5.9345,0.23529,-0.83419,0.024198,0.00022109,0.00019348,2.7611e-05,0.84851,9.49,0.00091828,0.00032786,0.14407,1.0114,3.0032
0,46.15016,0.6445327,-1.189368,0.02167096,0.02051228,0.01931448,0.001197794,0.9255751,25.46825,0.2511038,0.0350698,0.1440707,238.3615,3.685098
0,26.46972,0.266432,-1.22523,0.02402321,0.02727415,0.02665818,0.0006159727,0.8471021,10.45519,0.1432656,0.05014582,0.1440707,169.4725,3.690057
0,5.24365,0.773549,-0.642386,0.0123229,9.79695e-05,3.23609e-05,6.56086e-05,0.948477,31.2033,0.000504933,5.48016e-05,0.144071,0.25323,2.74005
0,34.406438,0.46135407,-1.3648774,0.011754344,0.25810148,0.18874127,0.069360211,0.74098265,13.808103,1.756412,0.61614593,0.14407067,1538.3151,4.2088482
0,41.33984,0.586393,-1.252661,0.0132798,0.07225305,0.06434759,0.007905461,0.8858022,21.94691,0.7611078,0.1290328,0.1440707,483.9113,3.832458
0,9.35409,0.611082,-1.00118,0.0141913,0.00295095,0.00280194,0.000149005,0.933842,24.5794,0.0345369,0.0047755,0.144071,20.3319,3.32809
0,33.59672,0.8381995,-1.215356,0.02472343,0.02609435,0.02301488,0.003079472,0.9351459,32.9321,0.389118,0.0429215,0.1440707,425.9524,3.777343
0,91.026331,0.89224667,-1.3340818,0.011850209,0.19101203,0.13264849,0.058363541,0.82504755,29.119383,2.3873297,0.41149517,0.14407067,1961.6941,4.2727582
0,5.67091,0.277149,-0.594224,0.0155509,5.56561e-05,1.3815e-05,4.18411e-05,0.868458,11.18,7.72303e-05,2.33927e-05,0.144071,0.0533786,2.61185
0,42.668571,0.44465269,-1.3788379,0.013027093,0.24909368,0.17893441,0.070159266,0.74667412,13.469822,1.6048704,0.66513923,0.14407067,1781.6736,4.2776113
0,4.58287,0.978117,-0.537779,0.0205203,4.4531e-05,5.07028e-06,3.94607e-05,0.958831,39.4572,0.000100034,8.58564e-06,0.144071,0.0826376,2.57787
0,12.1462,0.8812141,-1.123099,0.02107817,0.009386568,0.008817807,0.0005687609,0.9484228,35.21606,0.1567354,0.01539227,0.1440707,137.313,3.570869
0,4.60882,0.797133,-0.536442,0.0143468,6.27635e-05,7.12857e-06,5.56349e-05,0.949946,32.1558,0.000114619,1.20711e-05,0.144071,0.066819,2.56561
0,47.9559,0.709122,-1.04679,0.0128353,0.0058234,0.00553871,0.000284693,0.940361,28.4406,0.0792236,0.00948465,0.144071,41.9673,3.41513
0,40.50004,0.2607841,-1.303054,0.02065673,0.07640344,0.07107407,0.005329375,0.8143109,9.716697,0.3738673,0.1584676,0.1440707,445.213,3.871053
0,51.75252,0.7702855,-1.177068,0.01088802,0.03519576,0.03283987,0.002355888,0.9252999,29.981,0.5102445,0.05960048,0.1440707,239.6621,3.673331
0,6.3837,0.526328,-0.942055,0.0103481,0.00192789,0.0018033,0.000124589,0.924923,21.1921,0.0191447,0.00306429,0.144071,8.28126,3.22047
0,9.98913,0.57667,-1.01144,0.0144616,0.00328764,0.00313398,0.000153658,0.930055,23.1874,0.0364543,0.00534614,0.144071,21.9704,3.34265
0,6.24304,0.563037,-0.829026,0.0152628,0.000345752,0.000287049,5.8703e-05,0.930414,22.7061,0.00326001,0.00048644,0.144071,2.06522,3.03488
0,6.48987,0.866837,-0.946015,0.0200199,0.00106555,0.000980963,8.45864e-05,0.953131,34.9325,0.017152,0.00166655,0.144071,13.9378,3.25228
0,4.90471,0.655457,-0.624771,0.0109854,0.000100943,2.89506e-05,7.19929e-05,0.939762,26.4397,0.00038276,4.90256e-05,0.144071,0.172709,2.70276
0,4.55025,0.864255,-0.567718,0.00905673,0.000105824,1.68748e-05,8.89495e-05,0.953623,34.8619,0.000294176,2.85758e-05,0.144071,0.10784,2.62149
0,15.5487,0.589717,-1.12598,0.0207673,0.00968459,0.00929342,0.00039117,0.927337,23.5598,0.110546,0.0162112,0.144071,97.4917,3.54842
0,11.829393,0.98104705,-1.3706808,0.022475141,0.014082743,0.0024806896,0.011602054,3.3350092,39.019839,0.049089367,0,0.14407067,1040.5955,4.0979175
0,38.70205,0.8234917,-1.247188,0.01809579,0.05290182,0.04394349,0.008958327,0.9165106,31.46367,0.7299261,0.08826359,0.1440707,624.9833,3.867524
0,42.39189,0.6987657,-1.239069,0.009995031,0.08295766,0.07322101,0.009736648,0.8883081,25.85093,1.03203,0.1439729,0.1440707,477.3257,3.816883
0,6.46845,0.60008,-0.965312,0.0223137,0.00119803,0.00112686,7.11755e-05,0.933868,24.1793,0.0136396,0.00191583,0.144071,12.6161,3.2662
0,13.8138,0.716823,-1.00539,0.0211564,0.00209923,0.00198391,0.000115321,0.943337,28.8572,0.0286852,0.00338114,0.144071,24.9419,3.3437
0,73.97364,0.4192145,-1.309072,0.01310145,0.1277528,0.1087471,0.01900574,0.8258871,14.75133,0.9195578,0.269931,0.1440707,719.979,3.955124
0,17.2848,0.655113,-1.02859,0.010225,0.00579093,0.00551274,0.000278191,0.936063,26.2754,0.0728465,0.00942433,0.144071,30.8314,3.37893
0,24.2077,0.886507,-1.07371,0.020722,0.00512021,0.00482819,0.000292025,0.951469,35.5802,0.0863359,0.00830179,0.144071,73.3252,3.47682
0,113.83468,0.8104072,-1.3375426,0.010866744,0.21775208,0.15284202,0.064910064,0.80239008,25.574248,2.4984532,0.46913439,0.14407067,1852.0442,4.2519713
0,12.55697,0.9134172,-1.106353,0.01890994,0.008485347,0.007973099,0.0005122477,0.9505398,36.53621,0.1468999,0.0138365,0.1440707,114.6323,3.540442
0,12.5839,0.346144,-1.06676,0.0233482,0.00403764,0.00392718,0.00011046,0.889346,13.9077,0.0274197,0.00673887,0.144071,28.0454,3.41169
1,937.5615,0.8011983,-1.266081,0.02347339,,,,,,,,,,
0,13.80084,0.884985,-1.103592,0.01191815,0.01294152,0.01219035,0.0007511716,0.9462857,35.23984,0.2176092,0.02118881,0.1440707,107.1925,3.532788
0,47.09953,0.3628308,-1.304604,0.01613622,0.10132,0.08963848,0.01168154,0.831214,13.1542,0.6560302,0.206942,0.1440707,602.337,3.918646
0,23.798,0.884433,-1.02664,0.0198556,0.00294881,0.00277219,0.000176617,0.952782,35.5744,0.0494553,0.00473326,0.144071,39.9968,3.39213
0,6.28938,0.486587,-0.881942,0.0113102,0.000849927,0.000763755,8.61721e-05,0.920061,19.6131,0.00749618,0.00129534,0.144071,3.55975,3.11606
0,6.52509,0.438917,-0.773937,0.020081,0.000146668,0.000107567,3.91011e-05,0.912638,17.7041,0.000952324,0.000182208,0.144071,0.80903,2.93139
0,53.91185,0.6538618,-1.194672,0.009642616,0.04880865,0.04583862,0.00297003,0.9078062,25.09048,0.6045645,0.08437332,0.1440707,256.3027,3.697615
0,26.6443,0.567269,-1.05517,0.0201245,0.00409914,0.00393268,0.000166457,0.928489,22.7909,0.044999,0.00673723,0.144071,37.934,3.41754
0,36.04025,0.43742,-1.213829,0.01020599,0.05631408,0.05409108,0.002223005,0.8762821,16.65257,0.4772538,0.1019555,0.1440707,225.3928,3.704166
0,5.24288,0.88737,-0.580384,0.0229916,4.30434e-05,7.82191e-06,3.52215e-05,0.954815,35.7965,0.000140005,1.32452e-05,0.144071,0.130133,2.64382
0,6.67279,0.435548,-0.7476,0.0145919,0.000158269,0.000105553,5.27155e-05,0.912015,17.568,0.000927326,0.000178782,0.144071,0.572787,2.88727
0,13.48814,0.855249,-1.107933,0.02258869,0.007224156,0.006814014,0.0004101419,0.9485249,34.25303,0.1175495,0.01182067,0.1440707,109.9058,3.538941
0,7.71455,0.574842,-0.751912,0.0128575,0.000190439,0.000126608,6.38311e-05,0.931841,23.1857,0.00146803,0.000214452,0.144071,0.781992,2.90762
0,9.45788,0.462474,-0.946639,0.011107,0.00191139,0.00178166,0.000129724,0.915603,18.6214,0.0166203,0.00302807,0.144071,7.79656,3.22186
0,58.0122,0.223366,-1.13444,0.00850004,0.0308105,0.0303847,0.000425842,0.825584,8.73334,0.136898,0.0441524,0.144071,45.2513,3.50729
0,5.65719,0.810186,-0.621024,0.0197187,5.63406e-05,1.5371e-05,4.09695e-05,0.950716,32.6825,0.000251196,2.60292e-05,0.144071,0.201113,2.70684
0,55.73907,0.5984959,-1.218389,0.014091,0.04485335,0.04175664,0.003096714,0.9052606,23.06144,0.5040944,0.07830001,0.1440707,320.3713,3.745238
0,20.2634,0.20916,-1.09895,0.0194612,0.00720484,0.00708141,0.000123424,0.828562,8.37711,0.0298761,0.0122247,0.144071,27.4167,3.44259
0,6.64554,0.896868,-0.765728,0.022156,0.000127866,8.77386e-05,4.01278e-05,0.955217,36.1766,0.00158725,0.000148617,0.144071,1.42143,2.95226
0,61.18355,0.9956906,-1.15542,0.01077013,0.02774301,0.02550453,0.002238481,0.9413035,39.05356,0.5122321,0.0456261,0.1440707,232.382,3.648684
0,7.21354,0.401035,-0.772139,0.0157507,0.000182653,0.000134008,4.86454e-05,0.905153,16.1755,0.00108402,0.000226999,0.144071,0.728277,2.92418
0,6.03854,0.383382,-0.539636,0.0168988,4.86343e-05,6.30563e-06,4.23287e-05,0.901307,15.4656,4.87624e-05,1.06773e-05,0.144071,0.0352898,2.536
0,43.65331,0.2959226,-1.225528,0.01656507,0.03970114,0.03868765,0.001013489,0.8510395,11.46409,0.2309275,0.07300223,0.1440707,185.6764,3.698193
0,6.80465,0.509375,-0.933381,0.0163436,0.00109643,0.0010221,7.43239e-05,0.923184,20.5266,0.0105017,0.00173562,0.144071,7.18898,3.20432
0,15.88652,0.6932172,-1.14248,0.01567449,0.01583485,0.01505258,0.0007822692,0.9326564,27.52279,0.2104773,0.02654945,0.1440707,139.9771,3.591754
0,8.00313,0.712585,-0.782129,0.0112685,0.000290551,0.000212933,7.76176e-05,0.944195,28.7386,0.00306059,0.000360732,0.144071,1.41024,2.96825
0,7.25764,0.560498,-0.861458,0.0227006,0.000335076,0.000292647,4.24287e-05,0.930128,22.6039,0.0033086,0.000496077,0.144071,3.11935,3.08871
0,5.60671,0.707257,-0.547429,0.0109556,8.28811e-05,1.07499e-05,7.21312e-05,0.943934,28.5296,0.000153359,1.82035e-05,0.144071,0.0687045,2.57803
0,6.06368,0.778114,-0.690553,0.0114402,0.000136589,6.47084e-05,7.18803e-05,0.948739,31.3862,0.00101561,0.000109588,0.144071,0.472748,2.82034
0,55.30733,0.3126527,-1.239357,0.02249957,0.03453453,0.03347754,0.001056988,0.8600506,12.17739,0.2111256,0.06419488,0.1440707,233.0998,3.732919
0,5.95298,0.513394,-0.521738,0.0100429,8.39041e-05,8.43092e-06,7.54731e-05,0.924381,20.7095,8.73075e-05,1.42764e-05,0.144071,0.0366128,2.51999
0,8.21902,0.845512,-0.955349,0.0195222,0.00122535,0.00113367,9.16754e-05,0.951918,34.0677,0.0193345,0.00192673,0.144071,15.3437,3.26683
0,16.21108,0.7404698,-1.123994,0.01208006,0.01633738,0.01551434,0.0008230358,0.9357559,29.38385,0.2317213,0.02716795,0.1440707,117.4653,3.559888
0,7.3679,0.676995,-0.879414,0.0158278,0.000596585,0.000528387,6.81984e-05,0.941245,27.2949,0.00721543,0.000896046,0.144071,4.68777,3.1279
0,28.8154,0.58438,-1.09968,0.0188782,0.00766119,0.00735862,0.000302575,0.928077,23.3943,0.0867394,0.0127214,0.144071,69.0014,3.49883
0,58.2339,0.203402,-1.17138,0.0111246,0.0308404,0.0303694,0.000471046,0.810394,7.95255,0.1246,0.0542239,0.144071,67.472,3.56908
0,5.90123,0.41973,-0.704535,0.0199675,8.18205e-05,4.43692e-05,3.74512e-05,0.909053,16.9313,0.000375645,7.51404e-05,0.144071,0.318519,2.814
0,55.7649,0.223082,-1.19161,0.0134647,0.0326913,0.0321389,0.000552431,0.821791,8.70532,0.144617,0.0580918,0.144071,94.4434,3.61182
0,7.09782,0.396972,-0.771494,0.0161856,0.000176564,0.000129332,4.72323e-05,0.90428,16.0117,0.0010356,0.000219077,0.144071,0.715643,2.92263
0,30.04597,0.3447972,-1.211306,0.02236804,0.02502544,0.02430113,0.0007243084,0.8757764,13.56164,0.1690112,0.04503651,0.1440707,177.807,3.680218
0,54.00683,0.9840982,-1.243452,0.02022134,0.04657317,0.03738779,0.009185378,0.9281932,37.85132,0.7421529,0.07528523,0.1440707,707.6194,3.886215
0,53.1501,0.555762,-1.07085,0.0121045,0.0082852,0.00796341,0.000321781,0.924478,22.2347,0.0892717,0.0136995,0.144071,45.4592,3.44398
0,5.94333,0.974671,-0.694838,0.0201339,8.07218e-05,3.8849e-05,4.18728e-05,0.958668,39.3168,0.000763771,6.57924e-05,0.144071,0.619228,2.83852
0,6.78771,0.51497,-0.722961,0.0129527,0.000147636,8.66562e-05,6.09798e-05,0.924554,20.7718,0.000900134,0.000146766,0.144071,0.486814,2.85425
0,12.39485,0.8055714,-1.118489,0.02177371,0.008533753,0.008068201,0.0004655512,0.944938,32.22086,0.131101,0.01404374,0.1440707,118.8465,3.555251
0,13.9063,0.72887,-0.991051,0.0239278,0.00155191,0.00146093,9.09843e-05,0.944555,29.3583,0.0214785,0.00248661,0.144071,21.0791,3.31996
0,7.27899,0.396371,-0.930467,0.0232255,0.000739127,0.000692976,4.61508e-05,0.903795,15.9785,0.00554045,0.00117647,0.144071,5.50617,3.18738
0,40.04743,0.636695,-1.233452,0.01648692,0.04698823,0.04249103,0.004497202,0.907386,24.4785,0.5456999,0.08120741,0.1440707,411.6853,3.790919
0,6.9867,0.493227,-0.793698,0.0164472,0.000219304,0.000169258,5.00456e-05,0.921447,19.8933,0.00168392,0.000286744,0.144071,1.16054,2.96976
0,10.4853,0.635099,-1.00005,0.0171845,0.0024056,0.00228074,0.000124862,0.93647,25.5594,0.0292175,0.00388653,0.144071,20.7775,3.32816
0,21.9755,0.52249,-1.12208,0.0247327,0.0077176,0.00744085,0.000276751,0.920717,20.9155,0.0784199,0.0129466,0.144071,82.9102,3.53336
0,41.00491,0.2022452,-1.364303,0.02093832,0.1275123,0.1106185,0.01689386,0.7502163,7.118568,0.4512644,0.3433509,0.1440707,777.5413,4.025486
0,52.2649,0.230324,-1.13451,0.00903101,0.0244247,0.0236718,0.000752922,0.831164,9.06474,0.109976,0.0415945,0.144071,46.6959,3.50926
0,6.27725,0.996772,-0.717318,0.0199176,9.55234e-05,5.24146e-05,4.31087e-05,0.959537,40.2077,0.00105384,8.87707e-05,0.144071,0.844485,2.87698
0,6.77268,0.545961,-0.860178,0.0184115,0.000406628,0.000354926,5.17021e-05,0.92836,22.0161,0.00390864,0.000601661,0.144071,2.99435,3.0853
0,7.54644,0.573738,-0.961632,0.0129213,0.00197264,0.00185563,0.000117009,0.930576,23.0999,0.0214748,0.0031557,0.144071,11.5371,3.25772
0,15.019442,0.71168863,-1.3872572,0.0096161739,0.0081791566,0.00042064757,0.007758509,2.4991369,28.475963,0.0060385628,0,0.14407067,1253.8703,4.1654882
0,7.19994,0.633444,-0.920785,0.0194442,0.000795682,0.000731127,6.45547e-05,0.937354,25.5339,0.0093417,0.00124093,0.144071,7.49184,3.1939
0,6.54847,0.257073,-0.737451,0.0111274,0.00017969,0.000121504,5.81853e-05,0.859554,10.3689,0.000630047,0.00020579,0.144071,0.314858,2.84632
0,55.99352,0.6540218,-1.208183,0.01274719,0.04394154,0.04084246,0.003099082,0.9109964,25.22504,0.5388021,0.07591962,0.1440707,305.4366,3.729678
0,18.6363,0.644091,-1.0282,0.0226209,0.00260662,0.00248262,0.000123992,0.937152,25.9161,0.032254,0.00423885,0.144071,30.2242,3.3774
0,5.77294,0.407456,-0.681063,0.00962132,0.000144793,6.8113e-05,7.66803e-05,0.906531,16.4351,0.000559804,0.000115352,0.144071,0.229343,2.77363
0,6.36714,0.366603,-0.62432,0.0135075,7.63708e-05,2.34097e-05,5.29611e-05,0.897237,14.7883,0.000173108,3.96414e-05,0.144071,0.100594,2.67452
0,6.94952,0.872129,-0.798105,0.0129351,0.000299685,0.000227732,7.19536e-05,0.953896,35.1727,0.00400617,0.000385836,0.144071,2.09757,3.00476
0,6.80477,0.650813,-0.879275,0.0218096,0.000431656,0.000382816,4.88403e-05,0.939146,26.2436,0.00502541,0.000649127,0.144071,4.50926,3.12573
0,6.25695,0.514602,-0.680726,0.0190171,7.51588e-05,3.43127e-05,4.08461e-05,0.924551,20.7584,0.000356165,5.81082e-05,0.144071,0.282801,2.78407
0,5.64607,0.729509,-0.615652,0.0161143,6.71463e-05,1.7555e-05,4.95913e-05,0.94556,29.4277,0.00025832,2.97275e-05,0.144071,0.169932,2.6928
0,12.5316,0.9791583,-1.105549,0.01831798,0.008704771,0.008142546,0.0005622246,0.9532136,39.15715,0.1608194,0.01413689,0.1440707,121.2522,3.543808
0,62.344844,0.85959493,-1.2993287,0.024963049,0.067565813,0.049788144,0.017777669,0.90871385,32.334578,0.86326664,0.1250042,0.14407067,1265.6092,4.080318
0,21.5783,0.533951,-1.11742,0.0236011,0.00763306,0.00735448,0.000278583,0.922246,21.3761,0.0792098,0.0127802,0.144071,79.687,3.52604
0,22.8328,0.971764,-1.00863,0.0179452,0.00261153,0.00243743,0.000174099,0.9569,39.1003,0.047777,0.00415555,0.144071,34.7318,3.36585
1,52.2867,0.872892,-1.29212,0.0121557,,,,,,,,,,
0,6.92544,0.993223,-0.777523,0.0102665,0.000309736,0.00022029,8.94454e-05,0.959259,40.056,0.00441334,0.000373195,0.144071,1.82359,2.97694
0,49.29802,0.6748996,-1.259797,0.01578733,0.06757469,0.05732186,0.01025283,0.8969278,25.38683,0.7803414,0.118956,0.1440707,605.8752,3.874826
0,19.1056,0.889153,-1.00061,0.011868,0.00355365,0.00332551,0.00022814,0.952618,35.7426,0.0596431,0.00566806,0.144071,28.7685,3.34699
0,6.39119,0.528592,-0.674601,0.0215032,6.41251e-05,2.80501e-05,3.6075e-05,0.926406,21.323,0.000299075,4.75017e-05,0.144071,0.267976,2.77518
0,7.1383,0.31904,-0.867154,0.0122724,0.000648018,0.000582284,6.57341e-05,0.88335,12.8623,0.00374719,0.000987252,0.144071,2.01086,3.07163
0,6.86764,0.288184,-0.912418,0.0173348,0.000786717,0.000736692,5.00251e-05,0.872402,11.6167,0.00428233,0.0012501,0.144071,3.289,3.14242
0,7.0342,0.947109,-0.890407,0.0126555,0.000861231,0.000760823,0.000100409,0.95701,38.1752,0.0145348,0.00129061,0.144071,7.42638,3.16306
0,6.8632,0.21453,-0.81488,0.013853,0.00030865,0.00026374,4.4913e-05,0.8362,8.6518,0.0011413,0.00044689,0.14407,0.7301,2.967
0,50.16037,0.3021835,-1.187319,0.008646084,0.04813911,0.0470583,0.001080803,0.8479206,11.60378,0.286835,0.08561711,0.1440707,115.468,3.621943
0,7.1926,0.24131,-0.95998,0.017425,0.0014019,0.0013476,5.4259e-05,0.851,9.7213,0.0065595,0.0022909,0.14407,5.1975,3.2139
0,5.47817,0.513957,-0.559622,0.0237602,3.7736e-05,5.79724e-06,3.19387e-05,0.924487,20.7332,6.00999e-05,9.81656e-06,0.144071,0.0596228,2.58294
0,6.6616,0.22668,-0.58246,0.020687,3.7714e-05,8.9285e-06,2.8786e-05,0.84376,9.1444,4.0824e-05,1.5118e-05,0.14407,0.038634,2.5835
0,51.93036,0.5464207,-1.262529,0.01938666,0.0553839,0.04896884,0.006415061,0.892629,20.82273,0.5397245,0.1003313,0.1440707,517.182,3.852203
0,38.5229,0.59305,-1.05838,0.013901,0.00618398,0.0059259,0.000258081,0.92994,23.7767,0.0708876,0.0101644,0.144071,41.1775,3.4256
0,7.27463,0.457078,-0.953196,0.0164107,0.00138995,0.00131193,7.8022e-05,0.915025,18.4137,0.0120955,0.00222951,0.144071,8.39235,3.23232
0,7.37148,0.413135,-0.969918,0.0197367,0.00141907,0.00135126,6.78065e-05,0.906891,16.643,0.0112604,0.00229799,0.144071,9.48713,3.25556
0,7.1911,0.21281,-0.84647,0.011522,0.00053166,0.00047589,5.577e-05,0.83496,8.5805,0.0020428,0.00080619,0.14407,1.0881,3.0192
0,5.37825,0.903738,-0.518914,0.0102144,8.6814e-05,7.99393e-06,7.88201e-05,0.955568,36.4552,0.000145723,1.35366e-05,0.144071,0.0601254,2.54266
0,7.46428,0.539211,-0.932001,0.0107492,0.00164147,0.00152638,0.000115089,0.926742,21.717,0.0166014,0.00259255,0.144071,7.4436,3.20478
0,5.39031,0.731822,-0.551055,0.0161699,5.66872e-05,7.63072e-06,4.90565e-05,0.945729,29.5213,0.000112641,1.29214e-05,0.144071,0.0743401,2.58571
0,125.3646,0.5547242,-1.300179,0.01548219,0.1022472,0.08292124,0.01932596,0.8624228,20.09042,0.9278292,0.2037678,0.1440707,837.672,3.976866
0,6.17984,0.502645,-0.681788,0.0227205,6.31731e-05,2.91146e-05,3.40585e-05,0.922903,20.2763,0.000295187,4.93047e-05,0.144071,0.280529,2.78472
0,54.41133,0.4411645,-1.226878,0.0228405,0.02992036,0.02852737,0.001392989,0.8940215,17.26486,0.253856,0.05387087,0.1440707,270.8396,3.735479
0,14.9081,0.9249768,-1.096711,0.02387526,0.005959124,0.005600376,0.0003587475,0.9527143,37.09285,0.1044896,0.009682429,0.1440707,102.5882,3.522758
0,24.9498,0.441477,-1.12807,0.0168311,0.0121433,0.0117707,0.000372677,0.905481,17.5937,0.104818,0.0205479,0.144071,76.594,3.53406
0,6.8038,0.905116,-0.873014,0.0129606,0.000683771,0.000594381,8.93899e-05,0.955245,36.489,0.0108516,0.00100792,0.144071,5.68767,3.13162
0,6.86006,0.840643,-0.868216,0.014805,0.00056435,0.000489303,7.50469e-05,0.952086,33.8939,0.00829688,0.000829617,0.144071,4.98389,3.1199
0,42.708688,0.95286042,-1.3429378,0.020276556,0.13426543,0.090344531,0.043920899,0.86620567,33.278919,1.7364262,0.26946302,0.14407067,2392.6484,4.3755027
0,5.46274,0.643021,-0.578868,0.0193439,4.96528e-05,9.11762e-06,4.05351e-05,0.938703,25.9393,0.000118258,1.54393e-05,0.144071,0.0940672,2.62562
0,10.9731,0.364632,-1.04001,0.0121095,0.00555429,0.00538222,0.00017207,0.893301,14.6282,0.039586,0.00921551,0.144071,20.8293,3.36826
0,7.46437,0.350335,-0.984233,0.020249,0.00164758,0.0015817,6.58721e-05,0.891995,14.1099,0.0111772,0.002692,0.144071,9.82824,3.27175
0,44.94409,0.6760845,-1.218887,0.01155358,0.05558627,0.05088768,0.004698598,0.905039,25.75837,0.693967,0.09610928,0.1440707,360.222,3.759498
0,5.7343,0.542555,-0.613017,0.0193506,5.38845e-05,1.41327e-05,3.97518e-05,0.92817,21.8865,0.000154666,2.39319e-05,0.144071,0.124468,2.67416
0,6.72664,0.864921,-0.824513,0.0195525,0.000261668,0.000211467,5.02011e-05,0.953555,34.8833,0.00368931,0.000358335,0.144071,2.92146,3.04835
0,6.7987,0.2287,-0.80708,0.0095308,0.00041391,0.0003468,6.7102e-05,0.8447,9.2225,0.0015999,0.0005876,0.14407,0.69694,2.9568
0,7.56705,0.605278,-0.983587,0.0160897,0.0020868,0.0019737,0.000113105,0.933821,24.367,0.0240969,0.00335992,0.144071,16.0788,3.29761
0,25.08225,0.2696933,-1.18977,0.02364849,0.01829249,0.01791783,0.0003746587,0.8540728,10.68089,0.0974722,0.03230384,0.1440707,108.8949,3.620107
0,6.68979,0.725312,-0.748011,0.0212208,0.000112803,7.29646e-05,3.98383e-05,0.945232,29.2571,0.00106749,0.000123584,0.144071,0.92524,2.91239
0,7.09069,0.661584,-0.929836,0.0236806,0.000730797,0.000674187,5.66094e-05,0.93988,26.67,0.00899686,0.00114455,0.144071,8.76625,3.21127
0,5.67098,0.692277,-0.616833,0.0117455,9.20928e-05,2.44525e-05,6.76403e-05,0.942785,27.9251,0.00034145,4.14081e-05,0.144071,0.164201,2.69222
0,44.98372,0.5119936,-1.227671,0.0233748,0.03001754,0.02819961,0.00181793,0.9049015,20.03473,0.2912278,0.05317868,0.1440707,313.6931,3.752141
0,51.629973,0.45222344,-1.3959879,0.016837712,0.22364809,0.15425274,0.069395359,0.7645205,14.163378,1.4070551,0.64142728,0.14407067,2280.5813,4.4043263
0,32.399538,0.91679536,-1.3281761,0.013001204,0.16521715,0.11524871,0.049968441,0.8439611,30.874582,2.1312464,0.34766629,0.14407067,1884.7864,4.2498633
0,39.77296,0.418639,-1.25181,0.0160499,0.05713522,0.05382303,0.003312186,0.8721608,15.92371,0.4544991,0.105602,0.1440707,352.7193,3.789883
0,6.66236,0.854697,-0.884371,0.0235326,0.000429378,0.000378756,5.06222e-05,0.952919,34.4652,0.00652975,0.000642295,0.144071,6.23111,3.14778
0,6.49386,0.44427,-0.74578,0.0236388,9.6298e-05,6.36529e-05,3.26451e-05,0.913631,17.9209,0.000570415,0.000107809,0.144071,0.56978,2.88518
0,6.69106,0.751188,-0.89812,0.0125686,0.00094173,0.000845726,9.60037e-05,0.946481,30.2757,0.0128145,0.00143487,0.144071,6.57536,3.16435
0,13.4114,0.808514,-0.991926,0.0133172,0.0028291,0.00265306,0.000176034,0.948821,32.5246,0.0432673,0.00451836,0.144071,23.5103,3.32692
0,6.68466,0.464085,-0.832884,0.0189386,0.000288338,0.000243088,4.52497e-05,0.916888,18.7166,0.00227555,0.000411942,0.144071,1.81523,3.03206
0,51.37865,0.6319991,-1.246995,0.0193955,0.04693735,0.04149464,0.00544271,0.9070569,24.29926,0.5289731,0.0821445,0.1440707,486.4917,3.827566
0,6.59124,0.321217,-0.741025,0.00904527,0.00023467,0.000156487,7.81827e-05,0.884303,12.9554,0.00101392,0.000265054,0.144071,0.400353,2.86225
0,6.55017,0.306253,-0.911327,0.018034,0.000747594,0.000698302,4.92924e-05,0.87902,12.3455,0.00431368,0.0011849,0.144071,3.42076,3.14337
0,5.02506,0.808395,-0.512199,0.0196826,4.43566e-05,3.80574e-06,4.05508e-05,0.95062,32.6107,6.20566e-05,6.44434e-06,0.144071,0.0495964,2.52605
0,6.84889,0.699643,-0.903434,0.0201852,0.000623468,0.000563847,5.96209e-05,0.94301,28.2073,0.00795725,0.000956558,0.144071,6.58304,3.16973
0,51.03276,0.5315467,-1.203473,0.02251612,0.02314916,0.02199961,0.001149548,0.9119343,20.94715,0.2358749,0.04045792,0.1440707,238.5041,3.699262
0,6.75957,0.489416,-0.899178,0.0207036,0.000570484,0.000520542,4.99419e-05,0.920661,19.7326,0.00513876,0.000882994,0.144071,4.46608,3.14513
0,6.58225,0.248989,-0.825365,0.0137957,0.000352269,0.000303005,4.92649e-05,0.85555,10.0411,0.00152179,0.000513446,0.144071,0.947575,2.99097
0,17.1705,0.846961,-1.09306,0.0247473,0.00546525,0.00516367,0.000301579,0.949237,33.9812,0.088216,0.00891367,0.144071,90.009,3.50995
0,32.734765,0.4950505,-1.3471414,0.0094704005,0.26927389,0.20213716,0.067136732,0.73729187,14.593494,2.0184632,0.60894018,0.14407067,1301.0685,4.1364362
0,5.07828,0.763872,-0.545307,0.0177276,5.13543e-05,6.46489e-06,4.48894e-05,0.947889,30.8144,9.96109e-05,1.09472e-05,0.144071,0.0719095,2.57825
0,5.33187,0.961322,-0.506025,0.0130538,6.71211e-05,5.30078e-06,6.18204e-05,0.958128,38.7789,0.000102786,8.97602e-06,0.144071,0.0540542,2.5243
0,6.79346,0.642627,-0.858221,0.01115,0.000660534,0.00057147,8.90633e-05,0.938274,25.9076,0.00740761,0.000968842,0.144071,3.39987,3.08995
0,6.4972,0.21885,-0.77547,0.01865,0.00015084,0.00011813,3.2715e-05,0.83901,8.8276,0.00052148,0.00020009,0.14407,0.44753,2.9024
0,44.8959,0.915923,-1.0519,0.0185823,0.00434238,0.00408451,0.000257871,0.953361,36.7895,0.0754613,0.0069964,0.144071,57.1846,3.4391
0,49.92105,0.7134464,-1.236103,0.01940558,0.04195057,0.0368923,0.005058273,0.9169168,27.5743,0.5309117,0.07138293,0.1440707,474.8241,3.813161
0,5.41912,0.385526,-0.590919,0.0240049,3.8528e-05,8.57739e-06,2.99506e-05,0.901808,15.5522,6.67012e-05,1.45243e-05,0.144071,0.0685347,2.62139
0,5.14135,0.742714,-0.601041,0.0124629,8.28891e-05,1.88143e-05,6.40748e-05,0.946465,29.9599,0.000281861,3.18599e-05,0.144071,0.143264,2.66942
