Error,time,CO2share,E_appl,v,X_tot,X_het,X_hom,FE,CO2_out,CO_out,H2_out,delP,CD,Vcell
0,14.49168,0.8670552,-1.101787,0.02261223,0.006684512,0.00630364,0.0003808718,0.9494827,34.74474,0.1102461,0.01091192,0.1440707,102.9162,3.528061
0,7.22737,0.854695,-0.962634,0.00978614,0.00267464,0.00248086,0.000193784,0.95146,34.3877,0.0427699,0.00422065,0.144071,17.0153,3.27975
0,36.892,0.839039,-1.04287,0.0083909,0.00852319,0.008047,0.000476194,0.946823,33.5598,0.136189,0.0137965,0.144071,46.77,3.41772
0,6.179,0.715099,-0.751136,0.0201441,0.00012201,8.0012e-05,4.19982e-05,0.944489,28.8448,0.00115411,0.000135522,0.144071,0.950314,2.91689
0,5.39432,0.338758,-0.680212,0.017476,7.73285e-05,3.70932e-05,4.02353e-05,0.889725,13.6651,0.00025346,6.28159e-05,0.144071,0.192179,2.76369
0,30.9236,0.93615,-1.03447,0.0197815,0.00327781,0.0030756,0.00020221,0.95496,37.6422,0.0580765,0.00525387,0.144071,46.6945,3.40922
0,28.9206,0.991111,-1.06059,0.00930027,0.00969645,0.00908815,0.000608303,0.953043,39.5955,0.181687,0.0156287,0.144071,68.8318,3.45957
0,6.15194,0.5603,-0.752418,0.0194298,0.000126161,8.43307e-05,4.18298e-05,0.930239,22.6007,0.000953085,0.000142837,0.144071,0.768553,2.90723
0,4.87537,0.876613,-0.569821,0.0189477,5.08638e-05,8.28703e-06,4.25767e-05,0.954281,35.3624,0.000146532,1.40328e-05,0.144071,0.112306,2.62568
0,6.2086,0.22376,-0.83783,0.015397,0.00036104,0.00031859,4.2452e-05,0.84185,9.0238,0.001438,0.0005399,0.14407,1.0157,3.007
0,44.24067,0.2552561,-1.275185,0.02010745,0.07407135,0.05518499,0.01888636,0.8206836,9.534739,0.2841334,0.1138101,0.1440707,303.0459,3.795813
0,6.36188,0.448646,-0.951829,0.00957775,0.0023391,0.00220781,0.000131297,0.912978,18.0569,0.0199798,0.00375363,0.144071,8.10464,3.22911
0,6.13863,0.904816,-0.757636,0.00865424,0.000304261,0.000202434,0.000101826,0.955478,36.4908,0.00369462,0.000342919,0.144071,1.29187,2.93923
0,6.23334,0.548976,-0.827306,0.0195946,0.000264003,0.000218719,4.52846e-05,0.928816,22.1408,0.00242195,0.000370625,0.144071,1.97321,3.0308
0,6.81718,0.254121,-0.999591,0.0146541,0.00278202,0.00269947,8.25589e-05,0.856584,10.2232,0.013837,0.00453101,0.144071,9.03247,3.28262
0,8.85594,0.242154,-1.06777,0.0130361,0.00726375,0.00711137,0.000152377,0.84787,9.69798,0.0347353,0.0122281,0.144071,20.7824,3.3959
0,5.44458,0.289802,-0.660063,0.0121002,9.64172e-05,4.13578e-05,5.50594e-05,0.873448,11.69,0.000241759,7.0036e-05,0.144071,0.129279,2.72316
0,5.93157,0.358918,-0.819544,0.0139577,0.000333695,0.00027792,5.57746e-05,0.895107,14.4746,0.00201206,0.000470926,0.144071,1.21153,2.99783
0,5.9338612,0.8810665067,-1.374863834,0.019510945,0.03701999181,0.006719043261,0.03030094855,-0.005172461191,34.22796895,0.1194101654,0,0.1440706667,-621029.4423,-119.3925619
0,5.08404,0.455923,-0.687246,0.0137011,0.00010704,5.1785e-05,5.52552e-05,0.915644,18.3908,0.000476234,8.76989e-05,0.144071,0.275081,2.78917
0,11.45047,0.7352374,-1.126308,0.01581134,0.01286898,0.0122205,0.0006484858,0.937655,29.27909,0.1812348,0.02138302,0.1440707,120.3344,3.563999
0,43.40506,0.5471294,-1.269299,0.02217653,0.05257799,0.0457518,0.006826182,0.8945529,20.91167,0.504921,0.0956773,0.1440707,565.3567,3.872904
0,5.19414,0.926977,-0.701053,0.0244683,6.90369e-05,3.46237e-05,3.44132e-05,0.956644,37.3933,0.000647392,5.86369e-05,0.144071,0.639228,2.84637
0,5.96547,0.959065,-0.853477,0.0121586,0.000583328,0.000493115,9.02133e-05,0.957698,38.6678,0.0095394,0.000835948,0.144071,4.67757,3.10184
0,5.55198,0.624903,-0.718662,0.00932963,0.000200733,0.000113842,8.68908e-05,0.936941,25.2047,0.00143497,0.000192815,0.144071,0.551583,2.85639
0,37.25727,0.6713997,-1.237528,0.0151164,0.05384225,0.0479025,0.005939748,0.9057963,25.62712,0.6487309,0.09333025,0.1440707,454.9644,3.808534
0,19.9978,0.3671434,-1.195359,0.02099253,0.02208293,0.02144307,0.0006398597,0.8835087,14.48415,0.158799,0.03909913,0.1440707,153.3739,3.651931
0,6.1728,0.940141,-0.915704,0.019976,0.000739375,0.00066677,7.2605e-05,0.956788,37.8989,0.0126443,0.00113157,0.144071,10.2056,3.20523
0,46.82327,0.508131,-1.292119,0.02240132,0.066297,0.05566231,0.01063469,0.8806489,19.1399,0.5705084,0.1269779,0.1440707,704.6542,3.93409
0,41.00584,0.3610644,-1.337541,0.02095368,0.1045328,0.08518485,0.01934795,0.8287275,13.04336,0.6204005,0.2432904,0.1440707,914.5349,4.033663
0,37.63349,0.4697541,-1.210876,0.009319209,0.0603551,0.05733218,0.003022925,0.8792838,17.80695,0.5432431,0.1075017,0.1440707,231.2555,3.703672
0,6.05479,0.537097,-0.888761,0.0214765,0.000487061,0.00043906,4.80006e-05,0.927216,21.6569,0.00475666,0.000744614,0.144071,4.25742,3.13221
0,5.86276,0.626861,-0.773071,0.0141414,0.000210833,0.00015105,5.97827e-05,0.937119,25.2833,0.00190993,0.000255875,0.144071,1.11275,2.94696
0,11.2074,0.51555,-0.71747,0.00909122,0.000201375,0.000115053,8.63214e-05,0.924598,20.794,0.00119645,0.000194864,0.144071,0.454127,2.84519
0,51.50627,0.754273,-1.18176,0.0141908,0.02870922,0.0267587,0.001950522,0.9285439,29.55514,0.4071165,0.04856986,0.1440707,250.0586,3.682224
0,12.1781,0.479511,-1.13779,0.0181987,0.012705,0.0122803,0.000424744,0.91142,19.0986,0.118777,0.021531,0.144071,93.5888,3.55737
0,5.34997,0.97415,-0.656302,0.0169043,7.71996e-05,2.82073e-05,4.89922e-05,0.958649,39.2959,0.000554259,4.7768e-05,0.144071,0.377277,2.77448
0,5.10372,0.483146,-0.58066,0.0155075,6.01651e-05,1.16381e-05,4.8527e-05,0.920043,19.4898,0.000113419,1.97073e-05,0.144071,0.0737911,2.61493
0,4.96882,0.847102,-0.61622,0.00933571,0.000117275,3.05224e-05,8.67528e-05,0.952722,34.1696,0.000521531,5.16877e-05,0.144071,0.197263,2.70104
0,4.75191,0.776287,-0.581013,0.0127117,7.71648e-05,1.4262e-05,6.29028e-05,0.948663,31.3144,0.00022332,2.41509e-05,0.144071,0.115507,2.63832
0,6.2242,0.22984,-0.91097,0.015314,0.00086865,0.00081855,5.0108e-05,0.84508,9.2641,0.0037948,0.001389,0.14407,2.6579,3.1299
0,33.59789,0.7093808,-1.169088,0.02180972,0.015925,0.01500782,0.0009171788,0.9338058,28.16195,0.2147446,0.02685537,0.1440707,201.3376,3.648955
0,37.4722,0.249083,-1.18501,0.014378,0.0283416,0.0278121,0.000529479,0.838418,9.76365,0.139734,0.0499834,0.144071,95.3924,3.60593
0,6.24097,0.733148,-0.914573,0.0104593,0.00137833,0.00125473,0.000123596,0.944967,29.5357,0.0185553,0.00213,0.144071,7.93689,3.19074
0,37.72887,0.9110087,-1.208097,0.01234777,0.04748788,0.04183439,0.005653482,0.9244685,35.00646,0.7687431,0.07828971,0.1440707,417.2405,3.767331
0,4.61498,0.919648,-0.552187,0.0169598,5.50121e-05,7.38184e-06,4.76302e-05,0.956323,37.0982,0.000136934,1.25e-05,0.144071,0.0937382,2.59876
0,6.2013,0.866243,-0.790871,0.0181822,0.000198089,0.00014765,5.04389e-05,0.953664,34.9389,0.00257987,0.000250135,0.144071,1.8992,2.99239
0,12.72,0.6320508,-1.132423,0.02284327,0.00957041,0.009151393,0.0004190164,0.9315657,25.25403,0.1166714,0.01601,0.1440707,113.0067,3.565463
0,51.515216,0.76640104,-1.3032648,0.016700001,0.10166615,0.076266928,0.025399222,0.8804184,27.774677,1.1790101,0.19654547,0.14407067,1180.2575,4.0640926
0,28.6707,0.294491,-1.16025,0.0156979,0.0192331,0.0188204,0.000412732,0.863332,11.6518,0.111795,0.0333089,0.144071,80.4365,3.5695
0,6.0654,0.20096,-0.76146,0.013995,0.00031927,0.00013147,0.0001878,0.82712,8.1044,0.00053289,0.00022273,0.14407,0.34813,2.8755
0,6.81598,0.462987,-0.96996,0.0151815,0.00185087,0.00175715,9.37152e-05,0.915716,18.6431,0.0164098,0.0029891,0.144071,10.5306,3.26116
0,6.25367,0.364074,-0.951182,0.0218481,0.00101234,0.000960507,5.18347e-05,0.896011,14.6725,0.00705368,0.00163188,0.144071,6.65475,3.21805
0,45.3517,0.2350855,-1.36979,0.01191326,0.225476,0.1881397,0.03733635,0.7042933,7.345409,0.8921368,0.647523,0.1440707,917.0342,4.066538
0,23.2973,0.815848,-1.03805,0.0231265,0.00291399,0.00275308,0.000160911,0.949187,32.8169,0.0453057,0.0047055,0.144071,42.8843,3.40769
0,5.78619,0.615879,-0.782532,0.0204061,0.000159936,0.000118202,4.17338e-05,0.936104,24.8417,0.0014684,0.000200234,0.144071,1.23592,2.96184
0,19.25144,0.360214,-1.179068,0.01692646,0.02244312,0.02183997,0.0006031462,0.881528,14.20554,0.1586857,0.03933584,0.1440707,122.2963,3.617971
0,4.82757,0.761778,-0.576367,0.0197863,4.89425e-05,8.63199e-06,4.03105e-05,0.947755,30.73,0.000132637,1.46169e-05,0.144071,0.106887,2.62969
0,6.14494,0.665729,-0.820198,0.0179168,0.000269518,0.000218336,5.11818e-05,0.940527,26.8495,0.00293189,0.000369962,0.144071,2.15685,3.0283
0,52.719376,0.31796776,-1.3788785,0.012569109,0.24296094,0.18564931,0.057311629,0.72287676,9.7108344,1.190698,0.68973471,0.14407067,1327.444,4.1743262
0,5.96307,0.919546,-0.868752,0.00873907,0.000965494,0.000834469,0.000131025,0.955726,37.0603,0.0154778,0.00141517,0.144071,5.4662,3.12528
0,6.46725,0.335089,-0.976655,0.0167231,0.00181246,0.00173813,7.43344e-05,0.88757,13.4936,0.0117481,0.00295727,0.144071,8.56978,3.25689
0,4.89853,0.570357,-0.589012,0.0166094,5.86561e-05,1.20964e-05,4.65597e-05,0.931427,23.0079,0.000139164,2.04835e-05,0.144071,0.0957907,2.6367
0,6.61912,0.369914,-0.986864,0.0231376,0.00149214,0.00143164,6.04999e-05,0.897175,14.9007,0.0106822,0.00243689,0.144071,10.6739,3.27879
0,4.59159,0.684869,-0.519613,0.0222511,3.90475e-05,3.70283e-06,3.53446e-05,0.942237,27.6278,5.11525e-05,6.27006e-06,0.144071,0.0466279,2.53029
0,6.47234,0.954204,-0.915299,0.0125541,0.00117133,0.00105525,0.000116087,0.95711,38.4492,0.0203105,0.00179123,0.144071,10.2967,3.2053
0,7.9734,0.660853,-0.994142,0.011086,0.00346484,0.00327636,0.000188483,0.938056,26.5676,0.0436739,0.00558446,0.144071,19.9856,3.3201
0,34.45956,0.60507297,-1.3476324,0.019203134,0.12981069,0.093321443,0.036489249,0.84850817,21.241083,1.1389755,0.30221083,0.14407067,1655.9229,4.2182262
0,35.11093,0.7000001,-1.3140831,0.0094229438,0.1874413,0.14161041,0.045830889,0.81646098,22.946054,1.9994863,0.40026023,0.14407067,1208.2003,4.0815393
0,58.51931,0.2179623,-1.257939,0.01375618,0.06871592,0.06729959,0.001416329,0.7965197,8.18877,0.2958823,0.1333005,0.1440707,214.8765,3.743779
1,182.5689,0.9963744,-1.275572,0.01291358,,,,,,,,,,
0,53.07714,0.2154029,-1.295078,0.00981155,0.1693296,0.1328259,0.03650367,0.7446579,7.21831,0.5771113,0.3011419,0.1440707,326.4561,3.824075
0,31.0172,0.938329,-1.0507,0.0162895,0.00488484,0.00458865,0.000296197,0.954007,37.6689,0.086849,0.00785843,0.144071,57.6121,3.43836
0,4.92056,0.50309,-0.588618,0.022056,4.34288e-05,9.06342e-06,3.43654e-05,0.922978,20.2947,9.19735e-05,1.53474e-05,0.144071,0.084838,2.63006
0,4.61403,0.656126,-0.516843,0.0139763,6.16741e-05,5.68899e-06,5.59851e-05,0.939845,26.4676,7.52918e-05,9.63334e-06,0.144071,0.0432182,2.52362
0,5.72364,0.260592,-0.583763,0.0174054,4.74417e-05,1.0791e-05,3.66508e-05,0.861267,10.5122,5.67213e-05,1.82723e-05,0.144071,0.0442458,2.59175
1,143.3147,0.6802652,-1.28227,0.01388154,,,,,,,,,,
0,15.4144,0.343008,-1.01477,0.0106352,0.462893,0.00239305,0.4605,0.808712,7.43224,0.016557,0.00758764,0.144071,8.45306,3.29428
0,6.10217,0.75521,-0.808598,0.0237159,0.000181004,0.00014213,3.88744e-05,0.94724,30.461,0.0021651,0.000240805,0.144071,2.09328,3.01515
0,5.40713,0.269455,-0.662709,0.0216586,5.3837e-05,2.39049e-05,2.99321e-05,0.86521,10.8697,0.000129927,4.04804e-05,0.144071,0.125548,2.7243
0,6.61985,0.768734,-0.942059,0.00893412,0.00226177,0.00208841,0.000173358,0.94677,30.942,0.032383,0.00354947,0.144071,11.8129,3.23941
0,44.63049,0.2331157,-1.197039,0.01068234,0.0439299,0.04295845,0.000971455,0.8206451,8.991174,0.2019972,0.07851256,0.1440707,104.7379,3.624569
0,5.68938,0.466275,-0.741026,0.0201609,0.000108788,7.02126e-05,3.85756e-05,0.91736,18.8083,0.000660363,0.000118919,0.144071,0.560284,2.87956
0,11.1622,0.432566,-1.14495,0.014938,0.0168274,0.0163155,0.000511865,0.900875,17.1568,0.142357,0.0287572,0.144071,93.2499,3.56428
0,55.397036,0.68141094,-1.3005596,0.022518968,0.073958022,0.05699746,0.016960563,0.89329243,25.45628,0.78341119,0.14077972,0.14407067,1029.7391,4.0251492
0,44.94456,0.5067913,-1.312796,0.01486972,0.1194991,0.09618964,0.02330947,0.8450279,18.00173,0.9832924,0.2494868,0.1440707,900.8052,4.005476
0,16.1215,0.715866,-1.10956,0.0207285,0.00795907,0.00757859,0.000380484,0.939472,28.6494,0.109432,0.0131527,0.144071,94.7662,3.53001
0,32.02867,0.5222069,-1.247774,0.009913086,0.08884348,0.08176074,0.007082747,0.8673632,19.19512,0.861217,0.1623363,0.1440707,405.9305,3.803399
0,4.79034,0.568607,-0.548856,0.019497,4.56689e-05,6.15241e-06,3.95165e-05,0.931239,22.9376,7.05639e-05,1.0418e-05,0.144071,0.0570265,2.56988
0,5.7971,0.23254,-0.78878,0.0085848,0.00037846,0.00030443,7.4023e-05,0.84689,9.3774,0.0014279,0.00051576,0.14407,0.55881,2.9272
0,6.26466,0.25072,-0.95371,0.0231227,0.000978107,0.000937433,4.06741e-05,0.85602,10.1046,0.00474082,0.00159284,0.144071,4.95542,3.2051
0,5.15868,0.818506,-0.696838,0.0205959,7.92402e-05,3.89658e-05,4.02744e-05,0.951178,33.0174,0.000643325,6.59901e-05,0.144071,0.537747,2.83325
0,37.37882,0.531206,-1.19892,0.008947174,0.05424298,0.05172551,0.002517473,0.8916271,20.26739,0.5542337,0.09603164,0.1440707,222.6138,3.688081
0,4.77844,0.579783,-0.539274,0.0198271,4.42656e-05,5.34932e-06,3.89163e-05,0.932475,23.3884,6.25588e-05,9.05809e-06,0.144071,0.051345,2.55491
0,31.945497,0.82039742,-1.3191357,0.015261034,0.13521184,0.096940277,0.038271567,0.86030999,28.621289,1.6041823,0.26371239,0.14407067,1526.1107,4.1603274
0,4.64772,0.671025,-0.566322,0.0157001,5.97026e-05,9.56176e-06,5.01408e-05,0.941102,27.0687,0.00012942,1.61914e-05,0.144071,0.0833399,2.60685
0,5.88617,0.341686,-0.832855,0.0208156,0.000258558,0.000221093,3.74641e-05,0.890453,13.7806,0.0015238,0.000374658,0.144071,1.37569,3.0177
0,32.8822,0.351915,-1.10664,0.0188698,0.0082573,0.00804604,0.000211262,0.88828,14.0797,0.0571144,0.0139178,0.144071,47.448,3.48236
0,4.64783,0.941745,-0.606204,0.0130802,8.14619e-05,1.91552e-05,6.23068e-05,0.957286,37.9886,0.000363868,3.24374e-05,0.144071,0.191915,2.68961
0,29.3093,0.29493,-1.14188,0.0132083,0.0181988,0.0178095,0.000389293,0.864137,11.6815,0.105949,0.0312666,0.144071,63.6328,3.53583
0,95.09755,0.993358,-1.25988,0.0236629,0.04818071,0.03724757,0.01093315,0.9275161,38.14306,0.7463265,0.07944919,0.1440707,881.2291,3.947629
0,39.23478,0.7584457,-1.224611,0.01361745,0.05195251,0.04614055,0.005811957,0.9132649,29.00746,0.7058826,0.08776413,0.1440707,432.6762,3.788708
0,6.03414,0.974449,-0.825377,0.0219194,0.000236859,0.000190737,4.61223e-05,0.958558,39.3017,0.00374904,0.000323207,0.144071,3.31085,3.05572
0,37.40638,0.2032842,-1.304576,0.02300872,0.06930485,0.06697407,0.002330784,0.7867305,7.63249,0.2746221,0.1450778,0.1440707,369.1228,3.84817
0,27.345296,0.81988453,-1.3160883,0.019131847,0.10402275,0.07480203,0.029220716,0.88176103,29.634994,1.2370614,0.2022822,0.14407067,1482.538,4.1473304
0,51.49787,0.7939563,-1.233979,0.01680064,0.0476496,0.04115346,0.006496139,0.9183781,30.50342,0.6590647,0.08023136,0.1440707,510.3102,3.821631
0,10.3407,0.231397,-1.07482,0.0157232,0.0065831,0.00645249,0.000130604,0.842489,9.27353,0.0301169,0.0110984,0.144071,21.8938,3.40583
0,4.51832,0.919162,-0.578701,0.0230026,4.28649e-05,7.65091e-06,3.5214e-05,0.956309,37.079,0.00014185,1.29557e-05,0.144071,0.131706,2.64275
0,5.90838,0.563785,-0.787181,0.00928859,0.00036617,0.000275624,9.05456e-05,0.930486,22.7358,0.00313441,0.000466962,0.144071,1.208,2.96531
0,63.906976,0.97673075,-1.3468296,0.013971541,0.20720041,0.14499782,0.062202599,0.81615075,31.238735,2.8566793,0.41111117,0.14407067,2505.9013,4.4037627
0,34.03326,0.5958283,-1.253081,0.008628557,0.109751,0.09783202,0.01191896,0.8614092,21.39872,1.175783,0.1996607,0.1440707,487.8052,3.834046
0,4.95975,0.479946,-0.675441,0.0151681,9.04596e-05,4.01967e-05,5.02629e-05,0.919534,19.3601,0.000389142,6.80721e-05,0.144071,0.247787,2.77199
0,37.273275,0.57057425,-1.3188396,0.01485774,0.12682777,0.098156403,0.028671372,0.84754472,20.098667,1.1296814,0.26984225,0.14407067,1083.689,4.0565293
0,33.509894,0.74667581,-1.3428926,0.011715866,0.21944522,0.15427179,0.065173429,0.79806811,23.512057,2.3235058,0.46608652,0.14407067,1833.7027,4.2532482
0,25.4836,0.336955,-1.10717,0.0229158,0.00683641,0.00666777,0.000168637,0.884977,13.5005,0.0453188,0.0115384,0.144071,45.9764,3.48099
0,6.05115,0.693665,-0.88662,0.0114395,0.000899509,0.000801781,9.77271e-05,0.942372,27.9585,0.0112184,0.00136002,0.144071,5.26113,3.14114
0,33.87867,0.2551828,-1.26802,0.01791654,0.05955165,0.05781995,0.001731696,0.821888,9.681474,0.2976146,0.1164965,0.1440707,280.242,3.7802
0,5.68138,0.429897,-0.763508,0.0188393,0.000141417,0.000100286,4.11313e-05,0.910974,17.3404,0.000869621,0.000169868,0.144071,0.69433,2.91309
0,4.73353,0.737285,-0.557148,0.024221,3.83109e-05,5.50901e-06,3.28019e-05,0.946121,29.7422,8.19283e-05,9.32855e-06,0.144071,0.08096,2.59619
0,32.53089,0.59723404,-1.350226,0.016383947,0.1563177,0.11223509,0.044082607,0.82952494,20.327251,1.3520676,0.36621124,0.14407067,1675.8561,4.2253053
0,39.169228,0.53420959,-1.3549696,0.012074984,0.23548376,0.17080639,0.06467737,0.76591898,16.476067,1.8405218,0.52811127,0.14407067,1563.5798,4.2046835
0,38.8756,0.728661,-1.06346,0.0249543,0.00370644,0.00352545,0.00018099,0.943145,29.2865,0.0518162,0.00604374,0.144071,53.38,3.44639
0,6.05361,0.558372,-0.737886,0.0152008,0.000142622,8.94414e-05,5.31809e-05,0.930005,22.5225,0.00100737,0.000151489,0.144071,0.635647,2.88292
0,6.28136,0.450243,-0.897748,0.0116849,0.000990658,0.000905355,8.53034e-05,0.914111,18.1456,0.00822226,0.00153603,0.144071,4.06101,3.13873
0,60.186352,0.63147356,-1.3446602,0.0089541116,0.26318884,0.1911965,0.071992335,0.75744153,18.770098,2.4353438,0.62384871,0.14407067,1577.8167,4.1976044
0,4.64363,0.609683,-0.571745,0.0241766,3.88573e-05,6.65731e-06,3.21999e-05,0.935575,24.5947,8.18706e-05,1.1273e-05,0.144071,0.0816652,2.61123
0,4.80279,0.827967,-0.612839,0.0109044,9.92324e-05,2.50215e-05,7.42108e-05,0.951695,33.3984,0.000417881,4.23719e-05,0.144071,0.184817,2.69431
0,6.0383,0.686214,-0.892288,0.0204805,0.000537303,0.000481701,5.56026e-05,0.942022,27.6682,0.00666749,0.000817014,0.144071,5.60179,3.1501
0,23.6103,0.701563,-1.04863,0.0227538,0.0033639,0.00320132,0.000162579,0.941385,28.2071,0.0453023,0.00547874,0.144071,42.5759,3.41784
0,14.6049,0.903779,-0.996715,0.0153901,0.00261195,0.00244049,0.000171465,0.953927,36.3648,0.0444902,0.00415783,0.144071,27.8043,3.34116
0,26.1261,0.787639,-1.07981,0.0119895,0.00948512,0.00899822,0.000486909,0.943256,31.4734,0.142958,0.0155181,0.144071,70.7604,3.48059
0,4.96151,0.362484,-0.694271,0.0185123,8.07729e-05,4.19462e-05,3.88267e-05,0.896188,14.6221,0.000306695,7.10359e-05,0.144071,0.24456,2.79014
0,6.14053,0.794303,-0.800448,0.0133145,0.000296907,0.000228,6.89065e-05,0.949625,32.0341,0.00365297,0.000386294,0.144071,1.97761,3.00406
0,32.569442,0.98134236,-1.30618,0.0089321279,0.19228889,0.13806749,0.054221399,0.82707632,31.976562,2.7329844,0.38149343,0.14407067,1501.6389,4.1417891
0,39.959011,0.46935138,-1.399991,0.0084987564,0.43274226,0.28958705,0.14315521,0.6084643,10.740727,2.7415893,1.3378455,0.14407067,2287.6906,4.4098698
0,6.3727,0.21908,-0.8859,0.01756,0.00055778,0.00051789,3.9891e-05,0.8389,8.8332,0.0022886,0.00087785,0.14407,1.8501,3.0861
0,19.83,0.812329,-1.09138,0.0143001,0.00921952,0.00873165,0.00048787,0.944885,32.4687,0.143072,0.0150952,0.144071,84.5476,3.50398
0,38.2466,0.3858622,-1.282891,0.01759959,0.0743177,0.06785241,0.006465292,0.8541942,14.40951,0.5281079,0.1435572,0.1440707,485.7999,3.863255
0,0.895293,0.961398,-1.3896,0.0166682,0.00103283,0.000216255,0.000816578,-64.9877,38.7445,0.00419368,0,0.144071,-67.6072,1.67177
0,111.2298,0.8337602,-1.274787,0.02203391,0.05960831,0.04642614,0.01318217,0.9126899,31.63043,0.7807804,0.1033296,0.1440707,899.3637,3.967104
0,6.99639,0.387885,-1.01008,0.00870368,0.00530485,0.00511047,0.000194376,0.89903,15.565,0.0399842,0.00872923,0.144071,14.9931,3.3203
0,43.30279,0.445605,-1.260838,0.02141493,0.04839508,0.04462191,0.003773165,0.8827979,17.10653,0.401073,0.08887707,0.1440707,420.3823,3.821067
0,6.43256,0.777566,-0.940732,0.020461,0.000972621,0.000897069,7.55525e-05,0.948163,31.3379,0.0140698,0.00152364,0.144071,11.7445,3.23777
0,240.6736,0.8873395,-1.271585,0.01269905,0.09759805,0.07592054,0.02167751,0.8895934,32.30316,1.358859,0.1720609,0.1440707,904.366,3.965158
0,48.49658,0.2048166,-1.213044,0.009594305,0.05860226,0.05767337,0.0009288978,0.7944367,7.778457,0.238268,0.1073684,0.1440707,114.964,3.647346
0,4.97516,0.45389,-0.530598,0.021897,3.81979e-05,4.33292e-06,3.38649e-05,0.915342,18.31,3.96695e-05,7.33693e-06,0.144071,0.0366304,2.52888
0,4.62137,0.662347,-0.566842,0.0206816,4.53149e-05,7.30729e-06,3.80077e-05,0.940386,26.719,9.76263e-05,1.23737e-05,0.144071,0.082877,2.60708
0,4.96124,0.737038,-0.684003,0.00927548,0.000161266,7.33702e-05,8.7896e-05,0.946025,29.7287,0.00109077,0.000124258,0.144071,0.41283,2.80681
0,4.91343,0.934464,-0.643868,0.011591,0.000106056,3.5065e-05,7.09911e-05,0.956952,37.694,0.000660941,5.93814e-05,0.144071,0.309023,2.75178
0,5.46173,0.297205,-0.5284,0.0224421,3.37367e-05,4.11009e-06,2.96266e-05,0.876248,11.9894,2.46396e-05,6.95948e-06,0.144071,0.0243583,2.50571
0,5.59618,0.959707,-0.713038,0.0167836,0.000109618,5.88753e-05,5.07427e-05,0.958033,38.7121,0.00113972,9.97122e-05,0.144071,0.77079,2.868
0,35.31967,0.4638739,-1.326656,0.009135857,0.2081328,0.1673391,0.04079361,0.7778763,14.81861,1.565751,0.4851968,0.1440707,962.5016,4.03472
0,6.11753,0.403727,-0.896658,0.0169891,0.000670259,0.000614144,5.61159e-05,0.905418,16.2762,0.0050013,0.00104178,0.144071,3.62648,3.13174
0,50.65407,0.7742893,-1.203091,0.02245421,0.02412123,0.02197667,0.00214456,0.9327937,30.48276,0.3432341,0.04037063,0.1440707,337.652,3.735994
0,6.173,0.918107,-0.731439,0.00945518,0.000223473,0.000132359,9.11141e-05,0.956144,37.0298,0.00245116,0.000224187,0.144071,0.935721,2.89639
0,6.14732,0.978704,-0.793504,0.0182384,0.000203951,0.000152254,5.16968e-05,0.958751,39.4746,0.0030057,0.00025794,0.144071,2.20778,3.00281
0,9.0761,0.334597,-1.04202,0.0194724,0.00354038,0.00343754,0.000102836,0.886346,13.4504,0.0232003,0.00588093,0.144071,19.8078,3.36749
0,4.54154,0.783545,-0.530788,0.00856268,0.000104157,1.1107e-05,9.305e-05,0.949096,31.6063,0.000175544,1.88084e-05,0.144071,0.061131,2.55539
0,5.8249,0.2471,-0.77181,0.017174,0.00016008,0.0001224,3.7682e-05,0.85472,9.9668,0.00061006,0.00020733,0.14407,0.47324,2.9017
0,5.18009,0.696269,-0.701526,0.00843757,0.000198097,0.000101011,9.70854e-05,0.943026,28.0832,0.00141864,0.000171078,0.144071,0.489971,2.83315
0,4.8695,0.374247,-0.515899,0.0110995,7.12419e-05,7.07727e-06,6.41646e-05,0.899127,15.0967,5.34256e-05,1.1984e-05,0.144071,0.0254568,2.49548
0,6.1255,0.700519,-0.809016,0.0225366,0.000190677,0.000150373,4.03041e-05,0.943356,28.2548,0.00212478,0.000254771,0.144071,1.96017,3.01217
0,5.73941,0.262496,-0.702151,0.0157327,9.56874e-05,5.46146e-05,4.10728e-05,0.862104,10.5885,0.000289172,9.24896e-05,0.144071,0.203709,2.78863
0,8.65269,0.650565,-0.992393,0.022662,0.00165929,0.00156898,9.03036e-05,0.938333,26.2014,0.0205889,0.00267116,0.144071,19.2665,3.31633
0,5.06192,0.288261,-0.675836,0.0135162,9.46362e-05,4.53397e-05,4.92965e-05,0.872859,11.6279,0.000263627,7.67802e-05,0.144071,0.157578,2.74911
0,33.20101,0.59367062,-1.3371894,0.022125373,0.10594347,0.07769159,0.028251878,0.86393096,21.412418,0.93034653,0.22936938,0.14407067,1433.6728,4.1572206
0,4.89347,0.806448,-0.597221,0.0239422,4.28977e-05,9.32484e-06,3.35729e-05,0.950508,32.5322,0.000151685,1.57903e-05,0.144071,0.147485,2.66709
0,6.16288,0.707301,-0.803008,0.0106111,0.000380524,0.000295636,8.48886e-05,0.943745,28.5229,0.0042178,0.000500914,0.144071,1.83104,3.00263
0,67.230432,0.52820055,-1.360567,0.023052636,0.12287721,0.087952815,0.034924394,0.84490117,18.69022,0.93707374,0.29724626,0.14407067,1727.7576,4.2472919
0,42.89259,0.5484751,-1.186666,0.01063139,0.03954206,0.03775787,0.001784191,0.9033589,21.25154,0.4177241,0.06904764,0.1440707,196.8368,3.664498
0,5.36081,0.349879,-0.574637,0.0133385,6.50158e-05,1.25233e-05,5.24925e-05,0.892861,14.1138,8.83814e-05,2.1206e-05,0.144071,0.0509641,2.58989
0,25.2488,0.689789,-1.05406,0.0232359,0.00352604,0.00335932,0.000166713,0.940373,27.7292,0.0467405,0.00575255,0.144071,44.9255,3.42648
0,66.33666,0.2514315,-1.283091,0.0231749,0.8272031,0.009345172,0.8178579,0.4912958,1.752714,0.04739496,0.1093012,0.1440707,103.0025,3.709425
0,6.05427,0.698401,-0.91277,0.0178086,0.000790882,0.000720313,7.05692e-05,0.942807,28.1525,0.0101473,0.00122234,0.144071,7.40892,3.1853
0,4.71848,0.518328,-0.535585,0.017098,5.0326e-05,5.91609e-06,4.44099e-05,0.925068,20.9092,6.18535e-05,1.00178e-05,0.144071,0.0441287,2.54343
0,42.789848,0.53925848,-1.3841911,0.017352952,0.20003672,0.13784107,0.062195657,0.79446931,17.402923,1.4993422,0.53487128,0.14407067,2317.4216,4.4005067
0,18.532,0.628109,-1.10914,0.0171797,0.00949437,0.00909394,0.00040043,0.931252,25.0985,0.115216,0.0157851,0.144071,83.3063,3.52074
0,48.617352,0.54070201,-1.3730015,0.019122559,0.16967436,0.11853893,0.051135422,0.81554681,18.1118,1.2928382,0.42039337,0.14407067,2034.9414,4.3277849
0,6.2841,0.265304,-0.980535,0.0152855,0.00207063,0.00199802,7.26166e-05,0.862153,10.6807,0.0106922,0.00340069,0.144071,7.34005,3.25257
0,12.7822,0.825063,-0.984865,0.0223036,0.00154815,0.00144794,0.000100206,0.950594,33.233,0.024097,0.00246394,0.144071,21.8986,3.31589
0,4.82976,0.491366,-0.508496,0.0159827,5.15251e-05,4.46907e-06,4.7056e-05,0.921281,19.8216,4.42943e-05,7.5675e-06,0.144071,0.0296611,2.49593
0,4.69116,0.717989,-0.573128,0.0115389,8.29546e-05,1.41983e-05,6.87563e-05,0.944725,28.9626,0.000205626,2.40429e-05,0.144071,0.0969437,2.62143
0,4.77805,0.801108,-0.604901,0.0120595,8.71355e-05,2.04316e-05,6.67038e-05,0.950166,32.3153,0.000330156,3.45989e-05,0.144071,0.161748,2.67952
0,5.61024,0.994748,-0.716377,0.0193387,9.7648e-05,5.33353e-05,4.43126e-05,0.959457,40.126,0.00107017,9.03299e-05,0.144071,0.832714,2.87532
0,6.01982,0.744385,-0.724827,0.0135897,0.000145936,8.45968e-05,6.13397e-05,0.946538,30.0254,0.00127021,0.00014328,0.144071,0.704017,2.87512
0,50.99646,0.6823874,-1.250349,0.02298297,0.04195393,0.03615357,0.005800363,0.9145728,26.37379,0.4976309,0.07237476,0.1440707,546.7451,3.84862
0,25.6792,0.690465,-1.08481,0.018641,0.00647422,0.00617733,0.000296883,0.93852,27.6743,0.0860336,0.0106433,0.144071,66.6834,3.48175
0,4.44069,0.973216,-0.600747,0.0115627,9.07645e-05,2.02023e-05,7.05622e-05,0.958603,39.2577,0.000396584,3.42107e-05,0.144071,0.184649,2.68217
0,4.96568,0.249413,-0.688399,0.0127829,0.00026314,5.63152e-05,0.000206825,0.85589,10.0591,0.000283316,9.54006e-05,0.144071,0.163366,2.76353
0,4.57376,0.82119,-0.505144,0.0118036,7.34705e-05,5.79625e-06,6.76743e-05,0.951333,33.1259,9.601e-05,9.81505e-06,0.144071,0.0459811,2.51511
0,32.923029,0.40988031,-1.3518377,0.021401992,0.12202272,0.093096416,0.028926309,0.82754668,14.517622,0.76968883,0.28621129,0.14407067,1224.8455,4.1232292
0,6.18313,0.447,-0.87642,0.0112626,0.000797283,0.00071453,8.27528e-05,0.913669,18.0184,0.00644249,0.00121174,0.144071,3.06769,3.1028
0,5.68059,0.691337,-0.728168,0.0204901,9.91281e-05,5.85691e-05,4.0559e-05,0.942707,27.887,0.00081674,9.91956e-05,0.144071,0.685328,2.87707
0,36.6924,0.857521,-1.03672,0.0144042,0.00460741,0.00434268,0.000264727,0.950349,34.4345,0.0751152,0.00742671,0.144071,44.1807,3.40814
0,49.7169,0.313046,-0.650503,0.0245513,4.59556e-05,1.80292e-05,2.79264e-05,0.881761,12.6282,0.000113844,3.05289e-05,0.144071,0.122353,2.71077
0,5.82302,0.45686,-0.77718,0.018497,0.000164722,0.000121743,4.29781e-05,0.915766,18.4275,0.0011219,0.000206227,0.144071,0.874915,2.93867
0,6.34129,0.817857,-0.926604,0.0116316,0.0014411,0.00131636,0.000124736,0.950258,32.9462,0.0217158,0.00223543,0.144071,10.2755,3.2165
0,42.849427,0.29588526,-1.3855315,0.015028983,0.21635807,0.1640942,0.052263868,0.73428773,9.3539742,0.97935859,0.62830465,0.14407067,1371.0936,4.1911176
0,31.99397,0.2042574,-1.37257,0.02042789,0.1404535,0.1186941,0.02175942,0.7431794,7.082757,0.489026,0.3913566,0.1440707,868.4448,4.057086
1,33.0151,0.581203,-1.35708,0.0184246,,,,,,,,,,
0,5.89297,0.314837,-0.800625,0.012625,0.000298815,0.000241007,5.78073e-05,0.882198,12.6973,0.00153053,0.000408319,0.144071,0.845696,2.96037
0,55.1704,0.202165,-1.16336,0.00874426,0.0354096,0.0348739,0.000535669,0.806774,7.8669,0.14221,0.0622282,0.144071,60.4783,3.55407
0,6.29229,0.392747,-0.812739,0.0109587,0.000396749,0.000324357,7.2392e-05,0.903213,15.8378,0.00256957,0.000549605,0.144071,1.20379,2.99069
0,6.43068,0.921037,-0.946112,0.020832,0.001028,0.000943927,8.40709e-05,0.955753,37.1181,0.0175364,0.00160358,0.144071,14.7876,3.25558
0,6.67747,0.658435,-0.979856,0.0208576,0.00154111,0.00145193,8.91761e-05,0.93909,26.5215,0.0192834,0.00247056,0.144071,16.5878,3.29558
0,74.535095,0.96958587,-1.3592528,0.015633645,0.21020668,0.14053729,0.069669388,0.81385765,30.892631,2.7485462,0.43096819,0.14407067,2915.0717,4.5034114
0,6.09656,0.930463,-0.753895,0.0197149,0.00012938,8.47011e-05,4.4679e-05,0.95676,37.5317,0.00158969,0.000143467,0.144071,1.26468,2.93439
0,6.57982,0.817385,-0.725984,0.00993328,0.000202869,0.000117466,8.54032e-05,0.951034,32.9681,0.0019367,0.000198956,0.144071,0.780882,2.88161
0,6.43146,0.668761,-0.938085,0.0175457,0.00109173,0.00101123,8.04998e-05,0.94025,26.9496,0.0136409,0.0017174,0.144071,9.84439,3.22569
1,138.0987,0.9206816,-1.280492,0.01453075,,,,,,,,,,
0,48.27166,0.8942099,-1.249708,0.01631446,0.06050085,0.04910545,0.0113954,0.9149979,33.89152,0.8857157,0.1011211,0.1440707,696.5029,3.889498
0,6.72029,0.476797,-0.989021,0.0192998,0.00184927,0.00176402,8.52529e-05,0.917927,19.1993,0.0169653,0.00300353,0.144071,13.8197,3.29483
0,43.25688,0.9462179,-1.193709,0.02255162,0.0218994,0.01953,0.002369401,0.9431034,37.33618,0.3727508,0.03563306,0.1440707,362.6091,3.735124
0,25.2755,0.415874,-1.08552,0.0234728,0.00510895,0.00495477,0.000154185,0.905109,16.6914,0.0415633,0.00852989,0.144071,42.0859,3.45404
0,49.46263,0.9221932,-1.180612,0.01788202,0.02306585,0.02098529,0.002080558,0.9413165,36.34481,0.3903571,0.03797977,0.1440707,298.891,3.699724
0,6.12003,0.705704,-0.913592,0.0146197,0.000973259,0.000886626,8.66331e-05,0.943243,28.4417,0.0126208,0.00150477,0.144071,7.56097,3.18719
0,6.69036,0.736206,-0.973546,0.018967,0.00157262,0.00147273,9.98826e-05,0.945054,29.6532,0.02187,0.00250533,0.144071,16.9947,3.2906
0,34.53758,0.3750297,-1.232447,0.0147347,0.04902654,0.04719208,0.001834461,0.8681616,14.38763,0.3569932,0.08969865,0.1440707,249.6624,3.732752
0,49.0358,0.8762714,-1.243045,0.01533767,0.05951255,0.04925812,0.01025443,0.9148138,33.24657,0.8706461,0.09873869,0.1440707,627.3331,3.86403
0,8.40595,0.600495,-1.00205,0.0123853,0.00341472,0.00324493,0.000169788,0.932486,24.1423,0.0393043,0.00553269,0.144071,20.2217,3.32865
0,7.04508,0.553089,-0.990122,0.00999336,0.00363312,0.00345201,0.000181108,0.927149,22.2315,0.0385116,0.00588327,0.144071,16.0689,3.30411
0,4.55138,0.821661,-0.552699,0.0191548,4.84113e-05,6.57909e-06,4.18322e-05,0.951376,33.1457,0.000109039,1.11406e-05,0.144071,0.0847422,2.59408
0,6.0295,0.23536,-0.62299,0.016621,5.5311e-05,1.8704e-05,3.6607e-05,0.84864,9.4944,8.8797e-05,3.1672e-05,0.14407,0.067128,2.6524
0,6.10758,0.998332,-0.813799,0.0155239,0.00029572,0.000232113,6.36079e-05,0.959467,40.2626,0.00467411,0.000393298,0.144071,2.92033,3.03762
0,6.59727,0.85811,-0.955864,0.0137739,0.00174829,0.00161696,0.000131329,0.95224,34.5572,0.0279878,0.00274895,0.144071,15.6622,3.26846
0,4.9881,0.667347,-0.585078,0.0236924,0.000203746,8.05896e-06,0.000195687,0.940799,26.9165,0.000108481,1.36523e-05,0.144071,0.10548,2.63772
0,17.3744,0.900884,-1.08995,0.0108602,0.0119665,0.011272,0.000694485,0.947685,35.9084,0.20483,0.019516,0.144071,91.5374,3.508
0,5.10264,0.940801,-0.645878,0.0185641,6.68151e-05,2.24669e-05,4.43482e-05,0.957255,37.9511,0.00042635,3.80463e-05,0.144071,0.319168,2.75545
0,6.4433,0.563293,-0.955343,0.0177362,0.00132889,0.00124771,8.11724e-05,0.929813,22.6941,0.0141767,0.00212059,0.144071,10.4633,3.2462
0,44.20291,0.5147535,-1.253646,0.02403238,0.04020338,0.03653374,0.00366964,0.8986137,19.93121,0.3793312,0.07220839,0.1440707,438.7148,3.819628
0,6.75781,0.666696,-0.981762,0.0214178,0.00153755,0.00144876,8.8793e-05,0.93979,26.8544,0.0194827,0.00246558,0.144071,17.1995,3.29947
0,16.66543,0.6453251,-1.16863,0.02486104,0.01381439,0.0131104,0.0007039922,0.9300097,25.67393,0.1706552,0.02342097,0.1440707,183.2173,3.640132
0,6.08317,0.515758,-0.81678,0.0126608,0.000363531,0.000295702,6.78286e-05,0.924523,20.799,0.00307628,0.000501061,0.144071,1.62673,3.01029
0,5.58406,0.785785,-0.652621,0.0236343,5.35912e-05,1.92438e-05,3.43474e-05,0.949266,31.6983,0.000305014,3.2588e-05,0.144071,0.293147,2.75782
0,21.1588,0.91757,-0.985973,0.00901981,0.00389647,0.00362853,0.000267938,0.953728,36.8722,0.0671576,0.00617999,0.144071,24.5639,3.32342
0,6.69949,0.81104,-0.941698,0.011516,0.00175101,0.0016131,0.000137908,0.949667,32.6615,0.0263894,0.00274093,0.144071,12.3738,3.24155
0,38.871635,0.78256141,-1.3049996,0.018142109,0.096967949,0.071983959,0.02498399,0.88447651,28.508657,1.1362642,0.18499902,0.14407067,1233.0622,4.0783302
0,5.78962,0.505184,-0.674031,0.0227765,6.02203e-05,2.62891e-05,3.39312e-05,0.923262,20.3788,0.000267886,4.45193e-05,0.144071,0.255109,2.77208
0,6.25246,0.943045,-0.730907,0.0101586,0.000207633,0.000122355,8.52771e-05,0.95726,38.0362,0.00232745,0.000207242,0.144071,0.953491,2.89683
0,6.20057,0.725835,-0.871693,0.00857141,0.00100883,0.00088351,0.000125321,0.944691,29.252,0.0129353,0.00149841,0.144071,4.53298,3.11842
0,6.03532,0.464469,-0.818298,0.0180381,0.00025808,0.000211649,4.64318e-05,0.916971,18.7327,0.00198289,0.000358617,0.144071,1.50627,3.00783
0,14.3107,0.647297,-1.0138,0.0212949,0.00231002,0.00219465,0.000115369,0.937627,26.0528,0.0286546,0.00374224,0.144071,25.2388,3.35277
0,45.04693,0.7098901,-1.173045,0.008381957,0.04296628,0.04048003,0.002486252,0.916097,27.40776,0.5796384,0.07352072,0.1440707,210.1477,3.656824
0,6.17171,0.610448,-0.761304,0.0248921,0.000107195,7.37827e-05,3.3412e-05,0.935607,24.6239,0.000908506,0.000124974,0.144071,0.933215,2.92612
0,7.84768,0.76228,-0.983258,0.0174085,0.00193716,0.00181687,0.000120284,0.946565,30.6922,0.027936,0.00309226,0.144071,19.8953,3.30897
0,12.74612,0.7065869,-1.150649,0.02196408,0.01256044,0.01190527,0.0006551699,0.9357971,28.14694,0.1696797,0.02104294,0.1440707,158.4552,3.609882
0,6.0274,0.20023,-0.6892,0.024656,5.2205e-05,2.9278e-05,2.2927e-05,0.8267,8.0773,0.00011825,4.997e-05,0.14407,0.13721,2.7554
0,42.78295,0.311609,-1.314662,0.01656569,0.1069877,0.09578798,0.01119972,0.8133756,11.22594,0.6020689,0.2293775,0.1440707,597.7633,3.927424
0,27.215,0.388671,-1.0777,0.0154096,0.00703575,0.00683145,0.000204301,0.898115,15.5693,0.0535575,0.0117506,0.144071,35.7791,3.43664
0,4.84023,0.969928,-0.6195,0.0212212,5.26e-05,1.40058e-05,3.85941e-05,0.958493,39.1266,0.000274015,2.37173e-05,0.144071,0.234183,2.71314
0,25.4025,0.797352,-1.04731,0.022235,0.00340334,0.00322139,0.000181952,0.947793,32.0571,0.0518106,0.00551218,0.144071,47.2507,3.42278
0,5.53938,0.416623,-0.618902,0.017212,5.9755e-05,1.71362e-05,4.26188e-05,0.908451,16.8063,0.000144007,2.90178e-05,0.144071,0.105319,2.67146
0,5.3768,0.421981,-0.719299,0.0221509,8.23921e-05,4.8346e-05,3.40461e-05,0.909494,17.0221,0.000411509,8.18779e-05,0.144071,0.386908,2.83877
0,5.43509,0.257662,-0.685987,0.015603,8.59288e-05,4.47453e-05,4.11835e-05,0.859887,10.3937,0.000232554,7.5774e-05,0.144071,0.16289,2.76096
0,6.01754,0.591624,-0.838078,0.0215729,0.000270933,0.000228121,4.28122e-05,0.933591,23.8607,0.0027223,0.000386594,0.144071,2.42956,3.05235
0,33.9447,0.219867,-1.19479,0.0229946,0.0202381,0.0196243,0.000613803,0.827597,8.69033,0.0870322,0.0354354,0.144071,97.5255,3.61725
0,5.39974,0.346646,-0.555037,0.0217858,3.79964e-05,5.96114e-06,3.20353e-05,0.891987,13.9838,4.16813e-05,1.0094e-05,0.144071,0.0392951,2.55693
0,5.15208,0.597978,-0.625146,0.0217269,5.06748e-05,1.47088e-05,3.5966e-05,0.93439,24.1223,0.000177414,2.49076e-05,0.144071,0.159242,2.69896
0,53.37401,0.9064981,-1.177035,0.01066048,0.03655425,0.03348584,0.003068409,0.9316793,35.23298,0.6122845,0.06084701,0.1440707,279.5995,3.688973
0,6.54297,0.788823,-0.855542,0.00876067,0.000821853,0.000702679,0.000119174,0.948954,31.7964,0.0111805,0.00119136,0.144071,3.98613,3.09556
0,6.248,0.21151,-0.72635,0.013461,8.3375e-05,3.9872e-05,4.3503e-05,0.83436,8.5318,0.00017011,0.00014752,0.14407,0.23143,2.8194
0,54.047143,0.32211886,-1.3756405,0.019531345,0.15671504,0.11892025,0.037794783,0.78271638,10.958363,0.7726755,0.42578594,0.14407067,1327.0951,4.1710069
0,6.24386,0.567369,-0.91888,0.0200689,0.00075046,0.000691304,5.91559e-05,0.930647,22.8715,0.00791152,0.00117325,0.144071,6.59567,3.18528
0,48.56663,0.8221966,-1.240066,0.01749487,0.04980189,0.04209309,0.007708803,0.9185257,31.51701,0.6980903,0.08331382,0.1440707,570.0576,3.845009
0,52.237,0.4955,-1.08951,0.0149219,0.00848537,0.00819176,0.000293609,0.916503,19.8197,0.0818739,0.014124,0.144071,51.9497,3.47076
0,28.696687,0.62637518,-1.3397121,0.01859511,0.13042895,0.094241958,0.036186993,0.85021404,21.973275,1.1907046,0.28190333,0.14407067,1544.1973,4.1850213
0,48.649504,0.30099021,-1.369967,0.023396306,0.12512285,0.097338549,0.027784297,0.79743751,10.623182,0.59096588,0.33046594,0.14407067,1174.0032,4.1293073
0,5.7844,0.22404,-0.78767,0.015892,0.00020133,0.00016213,3.9197e-05,0.84212,9.0364,0.00073269,0.00027464,0.14407,0.53385,2.9237
0,5.80714,0.293691,-0.615488,0.0198712,4.76956e-05,1.42065e-05,3.34891e-05,0.874944,11.8475,8.41597e-05,2.40563e-05,0.144071,0.0737792,2.64975
0,4.65464,0.799355,-0.573384,0.0176355,5.4734e-05,9.32056e-06,4.54134e-05,0.950083,32.2456,0.000150282,1.5783e-05,0.144071,0.107677,2.62708
0,17.9823,0.855849,-1.0907,0.0164397,0.00797827,0.00753519,0.000443074,0.948066,34.251,0.130082,0.0130166,0.144071,88.1177,3.50612
0,5.56242,0.3502,-0.620256,0.0164963,6.08163e-05,1.81934e-05,4.26229e-05,0.892951,14.1268,0.000128515,3.08079e-05,0.144071,0.091644,2.66566
0,6.03993,0.985085,-0.889637,0.0202642,0.000534004,0.000470556,6.34477e-05,0.958791,39.7189,0.00934997,0.000798084,0.144071,7.63641,3.16376
0,6.0889,0.991482,-0.850211,0.0108785,0.000629112,0.000528502,0.00010061,0.958982,39.973,0.0105696,0.000895926,0.144071,4.63058,3.09805
0,5.78236,0.415181,-0.827066,0.0217539,0.000234219,0.000196408,3.78112e-05,0.908052,16.7452,0.00164483,0.000332808,0.144071,1.52177,3.01712
0,20.12487,0.4400899,-1.176585,0.01323935,0.02792465,0.02699926,0.0009253913,0.8951394,17.25824,0.2396726,0.04871231,0.1440707,141.7257,3.626837
0,6.35965,0.914197,-0.877257,0.0134007,0.000695315,0.000607026,8.82894e-05,0.955658,36.8547,0.0111937,0.00102942,0.144071,6.06385,3.13923
0,48.22309,0.5733702,-1.273456,0.009169541,0.1294394,0.111661,0.01777838,0.8460079,20.13675,1.291403,0.2440876,0.1440707,607.2194,3.888861
0,46.17356,0.2444613,-1.222893,0.01013126,0.06256941,0.06133674,0.001232663,0.8148534,9.244946,0.3024517,0.11539,0.1440707,151.1799,3.678299
0,5.13575,0.325667,-0.53502,0.00995704,7.88567e-05,1.00856e-05,6.87711e-05,0.885799,13.1369,6.62523e-05,1.70781e-05,0.144071,0.0287453,2.52084
0,4.66461,0.694512,-0.525942,0.0185825,4.722e-05,4.8093e-06,4.24107e-05,0.942988,28.0165,6.73732e-05,8.14369e-06,0.144071,0.0512474,2.54148
0,4.66089,0.922808,-0.50913,0.0205005,4.27971e-05,3.51268e-06,3.92844e-05,0.956474,37.2261,6.53846e-05,5.94809e-06,0.144071,0.0540946,2.52744
0,22.3255,0.735706,-1.03549,0.0187833,0.00345773,0.00328008,0.000177647,0.943799,29.5771,0.048676,0.00560576,0.144071,37.6115,3.39736
0,17.0115,0.306251,-1.14745,0.0189415,0.0136163,0.0133147,0.000301515,0.871018,12.1865,0.08225,0.0234175,0.144071,70.7365,3.54821
0,5.47282,0.399451,-0.722806,0.0199258,9.35594e-05,5.62205e-05,3.7339e-05,0.90487,16.1131,0.000452984,9.52149e-05,0.144071,0.38508,2.84203
0,32.0973,0.212245,-1.11199,0.00967074,0.0150938,0.0148077,0.000286183,0.82494,8.4331,0.0633941,0.0290864,0.144071,32.7757,3.46585
0,5.15511,0.427007,-0.697183,0.0142675,0.000108974,5.6499e-05,5.24746e-05,0.910446,17.2243,0.000486632,9.56834e-05,0.144071,0.294381,2.80259
0,31.360691,0.46865594,-1.3530662,0.020221038,0.13791833,0.10201684,0.035901488,0.82675059,16.298878,0.96438658,0.30774467,0.14407067,1398.3456,4.1649555
0,5.95548,0.570872,-0.90722,0.0156761,0.000834185,0.000762072,7.21138e-05,0.930987,23.0108,0.00877525,0.00129309,0.144071,5.71071,3.16604
0,30.88569,0.4069765,-1.258564,0.009267549,0.1041231,0.09816687,0.005956222,0.8389886,14.70865,0.8058597,0.1994596,0.1440707,369.3806,3.802244
0,6.0057,0.23435,-0.86582,0.017009,0.00045414,0.00041303,4.1102e-05,0.84785,9.4497,0.0019524,0.0007002,0.14407,1.513,3.0556
0,5.76915,0.415507,-0.639767,0.0107308,0.000104428,3.59331e-05,6.8495e-05,0.9082,16.7605,0.00030116,6.08499e-05,0.144071,0.137352,2.70598
1,63.6875,0.477928,-1.31199,0.017366,,,,,,,,,,
0,4.50659,0.92381,-0.583232,0.0173801,5.73989e-05,1.07328e-05,4.6666e-05,0.95651,37.266,0.000199997,1.81746e-05,0.144071,0.140274,2.65052
0,10.6137,0.5841524,-1.155442,0.01801343,0.01606867,0.01538324,0.0006854341,0.9226264,23.18708,0.1812588,0.02728744,0.1440707,140.8046,3.60518
0,6.09464,0.484419,-0.842456,0.0166402,0.000365881,0.000312823,5.30582e-05,0.920042,19.5352,0.00305665,0.00053018,0.144071,2.13515,3.05003
0,16.8114,0.688726,-1.11332,0.0182544,0.00945625,0.00901912,0.000437138,0.936452,27.5217,0.125296,0.0156758,0.144071,95.8573,3.53458
0,4.77943,0.577417,-0.590353,0.0159273,6.14517e-05,1.28336e-05,4.86181e-05,0.932206,23.2926,0.000149473,2.17318e-05,0.144071,0.0985785,2.63951
0,4.48605,0.736723,-0.533077,0.0109871,8.12711e-05,8.91452e-06,7.23566e-05,0.946054,29.7183,0.000132473,1.50955e-05,0.144071,0.0593847,2.55619
1,39.5124,0.943906,-1.27773,0.0103142,,,,,,,,,,
0,43.37726,0.5620692,-1.182422,0.01479649,0.02713623,0.02589267,0.001243556,0.9130215,22.05957,0.2935566,0.04697942,0.1440707,191.4343,3.657775
0,4.83807,0.487947,-0.526359,0.0109955,7.64957e-05,8.17144e-06,6.83243e-05,0.920757,19.6832,8.0426e-05,1.38369e-05,0.144071,0.0370714,2.52525
0,4.6211,0.862438,-0.557397,0.0103979,9.04255e-05,1.28736e-05,7.75519e-05,0.95354,34.7891,0.000223951,2.17999e-05,0.144071,0.0942628,2.60425
0,4.65257,0.622727,-0.575358,0.0100043,9.49088e-05,1.6852e-05,7.80568e-05,0.936803,25.1195,0.000211677,2.85368e-05,0.144071,0.0872552,2.61824
0,36.44886,0.3809829,-1.204391,0.01161203,0.04411093,0.04273707,0.001373859,0.8727663,14.69157,0.3284244,0.07937929,0.1440707,176.8572,3.672843
0,10.3589,0.661779,-1.00111,0.0137318,0.00305449,0.00289247,0.000162018,0.938399,26.6158,0.0386106,0.00493053,0.144071,21.8882,3.33211
0,6.02792,0.298587,-0.875964,0.0199171,0.000441937,0.000401774,4.01633e-05,0.876497,12.0402,0.00241979,0.000681208,0.144071,2.12436,3.08328
0,5.63978,0.607192,-0.65348,0.0119315,0.000104558,3.85404e-05,6.60176e-05,0.935286,24.4927,0.000472028,6.52668e-05,0.144071,0.232444,2.74674
1,138.8848,0.6773152,-1.281283,0.01872641,,,,,,,,,,
0,5.4326,0.307849,-0.564901,0.0242532,3.38586e-05,6.07795e-06,2.77806e-05,0.880012,12.4187,3.77415e-05,1.02917e-05,0.144071,0.0401496,2.56789
0,4.6184,0.884636,-0.596483,0.0101979,0.000101128,2.16852e-05,7.94428e-05,0.954644,35.6842,0.000386949,3.67219e-05,0.144071,0.159554,2.6704
0,5.17405,0.745712,-0.640447,0.0124685,9.60381e-05,3.12071e-05,6.48311e-05,0.94666,30.0805,0.000469407,5.28287e-05,0.144071,0.238569,2.73504
0,15.15494,0.9771302,-1.114985,0.009806328,0.01822259,0.01702747,0.001195121,0.9468853,38.70086,0.3356044,0.02981029,0.1440707,136.1862,3.562113
0,30.49375,0.8359419,-1.221306,0.01432023,0.04822003,0.04219737,0.006022654,0.9202615,32.09725,0.7115193,0.07998833,0.1440707,455.3764,3.792439
0,31.194095,0.72362788,-1.3199424,0.018342718,0.10967642,0.080273242,0.029403179,0.87214327,25.990721,1.1716861,0.22169258,0.14407067,1381.283,4.1278876
0,6.50521,0.486585,-0.81782,0.0153795,0.000332471,0.000246694,8.57776e-05,0.920407,19.6232,0.00242126,0.000418033,0.144071,1.56235,3.00924
0,5.80733,0.60619,-0.744814,0.0188063,0.000122601,7.90207e-05,4.35798e-05,0.935174,24.4518,0.000966217,0.00013384,0.144071,0.750146,2.89838
0,5.50164,0.401432,-0.621698,0.0145999,7.07885e-05,2.09408e-05,4.98478e-05,0.905309,16.1934,0.000169563,3.54606e-05,0.144071,0.105554,2.67437
0,5.60991,0.307273,-0.604632,0.0198183,4.64534e-05,1.23906e-05,3.40628e-05,0.879807,12.3954,7.67967e-05,2.09812e-05,0.144071,0.0667738,2.63377
0,16.381,0.456492,-1.1273,0.0114104,0.0176959,0.0171375,0.000558442,0.904537,18.0898,0.1578,0.0300081,0.144071,78.0526,3.53453
0,5.16712,0.724554,-0.691386,0.0181613,8.63221e-05,4.12011e-05,4.5121e-05,0.945195,29.2273,0.00060215,6.97752e-05,0.144071,0.446634,2.81825
0,12.8188,0.359873,-1.15377,0.0191369,0.0146078,0.0142316,0.000376122,0.886388,14.3058,0.103307,0.0251392,0.144071,88.501,3.56949
0,5.98925,0.582008,-0.861224,0.0223792,0.000339434,0.000295957,4.34773e-05,0.932526,23.4713,0.00347442,0.000501689,0.144071,3.22102,3.09014
0,6.50107,0.992342,-0.914116,0.0131406,0.001105,0.000992983,0.000112015,0.958706,39.9886,0.019876,0.00168547,0.144071,10.5299,3.20531
0,5.06576,0.679968,-0.608597,0.0203544,5.17794e-05,1.26942e-05,3.90852e-05,0.941837,27.4297,0.000174108,2.14959e-05,0.144071,0.145243,2.67768
0,5.03386,0.475485,-0.584704,0.0200917,4.68221e-05,9.46166e-06,3.73605e-05,0.918869,19.181,9.07463e-05,1.60217e-05,0.144071,0.0765917,2.62089
0,36.70766,0.2798547,-1.316309,0.008457568,0.2025376,0.1870063,0.01553128,0.7388902,9.003224,1.055636,0.4588813,0.1440707,539.0155,3.912347
0,6.14605,0.490332,-0.848873,0.0129802,0.000504627,0.00043543,6.91969e-05,0.920839,19.7709,0.00430659,0.000738071,0.144071,2.34454,3.0613
0,52.715717,0.5224214,-1.3954581,0.016220474,0.21969144,0.21968945,1.9904484e-06,0.77773381,16.445326,2.3150231,0.66132006,0.14407067,2585.3782,4.4694286
0,6.2951,0.2318,-0.94123,0.01417,0.0013637,0.0013035,6.0179e-05,0.84588,9.3383,0.0060945,0.0022143,0.14407,3.9482,3.1807
0,44.7695,0.521091,-1.09474,0.0178972,0.0075724,0.00730046,0.000271937,0.920625,20.8626,0.0767342,0.0125936,0.144071,58.2182,3.48306
0,35.09602,0.3953839,-1.3635648,0.010782098,0.26561416,0.20116298,0.064451184,0.7243369,11.713817,1.6043245,0.66047528,0.14407067,1312.6683,4.1555681
0,49.86784,0.2381882,-1.272198,0.01359275,0.08173888,0.07952103,0.002217849,0.7996356,8.823515,0.3820564,0.1620205,0.1440707,276.9899,3.783147
0,6.4124768,0.643184817,-1.39357152,0.00985705579,0.248433705,0.0306997296,0.217733975,-0.128441562,19.5010612,0.398286426,0,0.144070667,-18119.2729,-2.11687631
0,41.27644,0.6572259,-1.265128,0.02469349,0.04647994,0.03906969,0.007410256,0.9095658,25.28132,0.5179404,0.081443,0.1440707,637.1463,3.888816
0,6.53133,0.731391,-0.954774,0.0167447,0.00141,0.00131188,9.8118e-05,0.944824,29.464,0.0193539,0.00222979,0.144071,13.2715,3.25839
0,6.38377,0.27073,-0.949351,0.00834892,0.00256856,0.0024533,0.000115259,0.864215,10.8937,0.0133971,0.00417117,0.144071,5.00355,3.20124
0,41.59277,0.4520502,-1.197075,0.01972498,0.02415379,0.02324076,0.0009130289,0.8996425,17.79603,0.2119152,0.04253941,0.1440707,189.1902,3.671386
0,5.37982,0.290797,-0.551581,0.0234759,3.34242e-05,5.29179e-06,2.81324e-05,0.873865,11.7309,3.10398e-05,8.96044e-06,0.144071,0.0321866,2.54321
0,18.088,0.938835,-1.08294,0.0138499,0.00862101,0.0081032,0.000517808,0.951588,37.5478,0.153451,0.0139849,0.144071,87.1124,3.49758
0,6.05457,0.897933,-0.854784,0.0146917,0.000488581,0.000415018,7.35627e-05,0.955033,36.2065,0.00751686,0.000703525,0.144071,4.4664,3.10074
0,32.8159,0.805519,-1.06397,0.021586,0.00432917,0.00410005,0.000229118,0.947672,32.3554,0.0666179,0.00703235,0.144071,59.0743,3.45321
0,43.3479,0.77504,-1.233891,0.02149006,0.0373414,0.03237635,0.004965055,0.9240805,30.09897,0.5061476,0.06265318,0.1440707,499.8732,3.818455
0,16.2935,0.333802,-1.06889,0.0125466,0.00770615,0.00750217,0.000203975,0.883507,13.3624,0.0505128,0.0128884,0.144071,27.8765,3.41348
0,11.8438,0.702358,-1.01657,0.0196795,0.0025953,0.00245974,0.000135564,0.941942,28.2608,0.0348475,0.00419604,0.144071,28.2392,3.36189
0,4.49489,0.950561,-0.563067,0.0171212,5.57459e-05,8.40905e-06,4.73369e-05,0.957682,38.3452,0.000161232,1.42395e-05,0.144071,0.111264,2.61845
0,53.40715,0.5336281,-1.28698,0.01278455,0.1084677,0.09176081,0.01670693,0.8558535,19.19247,0.987691,0.2082825,0.1440707,680.6239,3.922503
0,10.2017,0.446043,-1.02351,0.0247902,0.00221771,0.00213383,8.38863e-05,0.912599,17.9543,0.0191982,0.00364152,0.144071,20.2436,3.35018
0,5.58869,0.397867,-0.721006,0.0194647,9.44005e-05,5.62371e-05,3.81634e-05,0.904527,16.0492,0.000451322,9.52429e-05,0.144071,0.374928,2.83886
0,13.89867,0.771816,-1.128355,0.01123989,0.01856205,0.0175767,0.0009853513,0.9363538,30.55848,0.2736379,0.03088112,0.1440707,129.1172,3.571371
0,5.4381,0.22868,-0.6605,0.021857,5.0581e-05,2.3026e-05,2.7554e-05,0.84491,9.2251,0.00010621,3.8992e-05,0.14407,0.10606,2.7134
0,6.00421,0.882756,-0.825236,0.0246261,0.000209583,0.000169469,4.01139e-05,0.954482,35.6045,0.00301756,0.000287162,0.144071,3.00675,3.05057
0,11.8222,0.215077,-0.631879,0.0104784,0.000465326,3.324e-05,0.000432086,0.836629,8.67256,0.000144205,5.63112e-05,0.144071,0.0697175,2.66323
0,41.8532,0.9987359,-1.154272,0.02399709,0.01237985,0.01137301,0.001006842,0.9515605,39.792,0.2291137,0.02017766,0.1440707,230.7948,3.646875
0,50.952,0.960684,-1.048,0.0140559,0.00547616,0.00513696,0.000339196,0.954573,38.5435,0.0995433,0.00879731,0.144071,56.91,3.4349
0,6.48973,0.480783,-0.971364,0.0227123,0.00126064,0.00119614,6.45007e-05,0.918918,19.3712,0.0115999,0.00203435,0.144071,11.1021,3.26539
0,6.08848,0.376383,-0.899626,0.0130901,0.000899479,0.000827907,7.15718e-05,0.899122,15.1703,0.00628545,0.00140462,0.144071,3.53601,3.1334
0,20.4348,0.283709,-1.12437,0.0228658,0.00845882,0.00828157,0.000177251,0.865918,11.3485,0.0473927,0.0144215,0.144071,49.2605,3.50236
0,13.38454,0.559311,-1.16451,0.0178557,0.01808883,0.01733044,0.0007583848,0.9185712,22.15546,0.1955187,0.03092892,0.1440707,151.8262,3.62026
0,16.1487,0.314065,-1.07107,0.020518,0.00490075,0.00477895,0.000121795,0.879112,12.6078,0.0302745,0.00810522,0.144071,27.1853,3.41424
0,7.93437,0.349154,-0.656924,0.00935577,0.000126949,5.13755e-05,7.55733e-05,0.892623,14.0837,0.000361825,8.70012e-05,0.144071,0.146383,2.72641
0,6.64831,0.714729,-0.974854,0.0151933,0.00199288,0.00186925,0.000123625,0.943253,28.776,0.0269485,0.00318058,0.144071,16.8035,3.29129
0,6.91794,0.867527,-0.960814,0.0176057,0.00145551,0.00134797,0.000107535,0.952912,34.9467,0.0235879,0.00229183,0.144071,16.8665,3.27745
0,6.09035,0.398178,-0.827793,0.00905727,0.00056584,0.000476076,8.97644e-05,0.904297,16.0541,0.00382365,0.000806839,0.144071,1.47876,3.01637
0,5.52195,0.290094,-0.658895,0.0116649,9.93789e-05,4.22621e-05,5.71169e-05,0.873558,11.7018,0.000247295,7.15674e-05,0.144071,0.127465,2.72126
0,10.2071,0.205837,-0.993802,0.0192369,0.403471,0.00112719,0.402344,0.742089,4.95348,0.00468001,0.00320423,0.144071,4.68976,3.24231
0,6.39709,0.491702,-0.960349,0.0127366,0.00196058,0.00185195,0.000108636,0.920114,19.7972,0.0183677,0.00314913,0.144071,9.83658,3.24791
0,31.685212,0.39219986,-1.3653346,0.011542297,0.25542609,0.1925076,0.062918496,0.7305813,11.780681,1.5229319,0.63116107,0.14407067,1338.9725,4.1634652
0,10.1578,0.776486,-0.989964,0.0227716,0.00161219,0.00151361,9.85873e-05,0.947681,31.2743,0.0237068,0.00257664,0.144071,22.0705,3.32143
0,5.90083,0.805604,-0.864617,0.0125401,0.000637895,0.000551583,8.63126e-05,0.950073,32.4788,0.00896308,0.000935206,0.144071,4.5697,3.11177
0,37.60767,0.6407285,-1.169738,0.01565744,0.02212909,0.02101058,0.001118513,0.924198,25.27614,0.2715421,0.03772137,0.1440707,184.1159,3.641667
0,50.50994,0.9372283,-1.187362,0.017933,0.02520707,0.02271284,0.002494223,0.9405441,36.8564,0.4293803,0.0413019,0.1440707,330.8219,3.71789
0,5.85732,0.904119,-0.778937,0.0212372,0.000151143,0.000108452,4.26904e-05,0.955544,36.4683,0.00197783,0.000183716,0.144071,1.69725,2.97464
0,6.33156,0.361841,-0.942402,0.010343,0.00191694,0.00181229,0.000104657,0.894873,14.5693,0.0132273,0.00307948,0.144071,5.91073,3.20303
0,6.42695,0.580691,-0.947859,0.019769,0.00108793,0.00101724,7.06953e-05,0.931904,23.4006,0.011915,0.00172815,0.144071,9.77821,3.23511
0,34.174,0.305375,-1.14066,0.00940511,0.0251056,0.0245539,0.000551707,0.863532,12.0101,0.151244,0.043223,0.144071,64.4441,3.53541
0,5.93435,0.330329,-0.764078,0.0166889,0.000157201,0.00011404,4.3161e-05,0.887179,13.324,0.000759851,0.000193165,0.144071,0.551841,2.90183
0,12.34951,0.6291778,-1.133329,0.02318672,0.009537992,0.009121406,0.000416586,0.931321,25.14006,0.1157605,0.01595739,0.1440707,113.8428,3.56691
0,15.15841,0.8782928,-1.124986,0.009263066,0.02170197,0.02039494,0.00130703,0.9402123,34.66296,0.3613158,0.03588426,0.1440707,139.6805,3.574093
0,5.99088,0.911462,-0.83332,0.0234055,0.000241235,0.000197799,4.34361e-05,0.955827,36.7612,0.00363654,0.000335196,0.144071,3.43925,3.06565
0,4.64832,0.670103,-0.572422,0.0206221,4.61217e-05,7.87289e-06,3.82488e-05,0.941035,27.0319,0.000106415,1.33315e-05,0.144071,0.090016,2.61691
0,44.2802,0.6408007,-1.241821,0.02144377,0.04018976,0.0357442,0.004445563,0.9122893,24.8121,0.4620124,0.06952151,0.1440707,462.1559,3.81503
0,40.60068,0.8570402,-1.231929,0.01292369,0.06153006,0.05245081,0.009079247,0.9123783,32.44716,0.9067312,0.1015902,0.1440707,532.2033,3.825991
1,80.7136,0.697947,-1.28109,0.014066,,,,,,,,,,
0,117.80658,0.73853431,-1.2982319,0.022897238,0.07152805,0.054451034,0.017077016,0.89900982,27.662704,0.81115151,0.1343757,0.14407067,1079.1241,4.0348183
0,4.60368,0.740933,-0.559977,0.0235679,3.95951e-05,5.87118e-06,3.37239e-05,0.946371,29.8894,8.77465e-05,9.94183e-06,0.144071,0.0843489,2.60112
0,15.9315,0.378578,-1.05804,0.0214274,0.0039494,0.00383113,0.000118268,0.897727,15.2122,0.0292555,0.00656529,0.144071,27.1712,3.40118
0,25.382,0.673425,-1.08715,0.0184602,0.00672641,0.00642477,0.000301641,0.936996,26.9844,0.0872714,0.0110754,0.144071,67.1132,3.4845
0,5.43013,0.940779,-0.717014,0.0175241,0.000107979,5.9341e-05,4.86383e-05,0.957227,37.9486,0.00112608,0.000100502,0.144071,0.795845,2.87362
0,30.612011,0.49286331,-1.3317997,0.01322005,0.15870839,0.12310188,0.035606509,0.8162428,16.727391,1.2238166,0.35820092,0.14407067,1106.1295,4.0749001
0,6.28526,0.364813,-0.876734,0.00864736,0.00103462,0.000934293,0.000100328,0.896185,14.702,0.00687509,0.0015846,0.144071,2.56223,3.09376
0,14.019,0.277272,-0.644506,0.0105255,0.000101383,3.89343e-05,6.24487e-05,0.868481,11.1845,0.000217753,6.59304e-05,0.144071,0.101865,2.69535
0,4.58511,0.574827,-0.503042,0.0125279,6.67365e-05,5.31572e-06,6.14208e-05,0.931918,23.188,6.16346e-05,9.00125e-06,0.144071,0.0319818,2.49435
0,6.08529,0.49355,-0.745833,0.0129313,0.000177553,0.000116433,6.11202e-05,0.921521,19.9071,0.00115913,0.000197211,0.144071,0.627937,2.89023
0,108.151,0.9535123,-1.254802,0.01891997,0.05637245,0.04450618,0.01186627,0.9204558,36.29795,0.8559961,0.09309206,0.1440707,791.6798,3.919656
0,6.31388,0.499963,-0.769286,0.016382,0.000173577,0.000124209,4.93676e-05,0.922451,20.1659,0.00125261,0.000210399,0.144071,0.858855,2.92982
0,5.95334,0.379035,-0.730227,0.0146329,0.000134539,8.42105e-05,5.03283e-05,0.900234,15.2889,0.000643829,0.000142624,0.144071,0.403998,2.85192
0,5.01676,0.45429,-0.567267,0.0220305,4.06252e-05,6.89756e-06,3.37276e-05,0.915409,18.3261,6.32053e-05,1.16797e-05,0.144071,0.0587151,2.58979
0,23.1917,0.548029,-1.05601,0.0197319,0.00422049,0.0040538,0.000166687,0.926168,22.0152,0.0448117,0.00694567,0.144071,37.1324,3.41713
0,23.7404,0.425081,-1.12383,0.00915812,0.0210882,0.0204638,0.000624422,0.896745,16.7869,0.175462,0.0357613,0.144071,69.8808,3.5238
0,6.53735,0.810763,-0.751631,0.00914845,0.000271733,0.000177288,9.44454e-05,0.95061,32.6988,0.00289934,0.000300311,0.144071,1.07717,2.92385
0,10.81413,0.531,-1.159165,0.01846958,0.01635462,0.01571963,0.0006349968,0.9162655,21.07115,0.1683689,0.02791704,0.1440707,135.1546,3.605701
0,7.07005,0.273678,-0.931623,0.0237808,0.000990207,0.000686792,0.000303414,0.866569,11.0297,0.00379133,0.00116619,0.144071,4.02343,3.17212
0,5.60068,0.410756,-0.698827,0.0233192,6.73181e-05,3.53068e-05,3.20113e-05,0.90726,16.5695,0.000292528,5.97923e-05,0.144071,0.290251,2.80351
0,49.62938,0.314761,-1.303198,0.01755256,0.08935564,0.08174663,0.007609013,0.8257329,11.56338,0.5190102,0.1868387,0.1440707,523.4678,3.894713
0,16.429,0.700956,-1.11221,0.0171094,0.00995258,0.00948553,0.000467043,0.937072,27.9964,0.134115,0.016488,0.144071,96.0658,3.53362
0,16.5574,0.529906,-1.04607,0.0137209,0.00534494,0.0051342,0.000210739,0.923198,21.2631,0.0548778,0.0087911,0.144071,31.6661,3.39794
0,32.63937,0.4790133,-1.187011,0.02121057,0.01995624,0.01918642,0.0007698195,0.9066929,18.93861,0.1853816,0.03476243,0.1440707,175.5447,3.654825
0,7.45645,0.840555,-0.821346,0.0161725,0.000305331,0.000245468,5.98622e-05,0.95225,33.8991,0.00416185,0.00041595,0.144071,2.72957,3.04166
0,7.51431,0.452845,-0.858753,0.024718,0.000295855,0.000259601,3.62544e-05,0.915,18.2632,0.00237127,0.000440032,0.144071,2.47451,3.07398
0,23.1714,0.451279,-1.05994,0.023218,0.00375063,0.00362357,0.000127065,0.912538,18.1371,0.0329842,0.00620875,0.144071,32.6575,3.4136
0,5.93103,0.585902,-0.62581,0.0140939,7.81946e-05,2.28688e-05,5.53258e-05,0.933111,23.6345,0.000270268,3.87262e-05,0.144071,0.157575,2.69908
0,50.352701,0.44173027,-1.3884651,0.02236354,0.1670243,0.11700078,0.050023519,0.80391438,14.843785,1.042488,0.43845431,0.14407067,2063.6549,4.3495441
0,7.70883,0.708055,-0.905919,0.0226684,0.000572289,0.000518351,5.39379e-05,0.943677,28.5479,0.00740314,0.000879397,0.144071,6.87374,3.17449
0,6.78734,0.828798,-0.541952,0.0133042,6.84633e-05,8.25097e-06,6.02123e-05,0.951761,33.4329,0.000137936,1.39718e-05,0.144071,0.0744258,2.57667
0,25.3349,0.859129,-1.08248,0.0213609,0.00554112,0.00523327,0.000307853,0.949824,34.4668,0.0906894,0.0090146,0.144071,79.6455,3.49107
0,7.2055,0.22587,-0.87019,0.0087144,0.00093175,0.0008525,7.9252e-05,0.84275,9.1033,0.0038839,0.0014456,0.14407,1.5511,3.0612
0,51.47841,0.6982282,-1.261198,0.02149574,0.05127342,0.04289365,0.008379778,0.9095907,26.72352,0.6041093,0.08895272,0.1440707,640.3194,3.885757
0,34.016259,0.79157246,-1.3204636,0.017207891,0.12223674,0.087847347,0.03438939,0.86766112,28.030009,1.4026344,0.23790019,0.14407067,1507.4152,4.1573916
0,7.30221,0.812971,-0.96075,0.0240767,0.0010607,0.0009851,7.55991e-05,0.950226,32.7619,0.016154,0.00167449,0.144071,15.8438,3.27397
0,24.6098,0.833596,-1.02535,0.0220992,0.00260015,0.00245053,0.000149616,0.950382,33.5413,0.0412041,0.0041826,0.144071,37.1828,3.38654
0,5.51438,0.5878,-0.531531,0.00873222,9.95404e-05,1.09959e-05,8.85446e-05,0.933299,23.7105,0.000130372,1.862e-05,0.144071,0.0470828,2.54271
0,7.23192,0.474229,-0.937223,0.0137145,0.00136675,0.00127936,8.73973e-05,0.917832,19.1051,0.0122378,0.00217297,0.144071,7.07062,3.20728
0,6.69116,0.979254,-0.638955,0.019646,6.1359e-05,1.94233e-05,4.19357e-05,0.958866,39.5025,0.000383657,3.28917e-05,0.144071,0.303434,2.74592
0,16.59361,0.6932125,-1.122469,0.009570172,0.02012402,0.01918132,0.0009427006,0.9298674,27.40266,0.268207,0.03362776,0.1440707,108.1002,3.552275
0,7.85836,0.5375,-0.988426,0.0113263,0.00313627,0.00298112,0.000155154,0.925572,21.6157,0.0323209,0.00507903,0.144071,15.3131,3.29979
0,51.24443,0.4705833,-1.262493,0.018105,0.05823795,0.05311445,0.005123503,0.8804965,17.87857,0.5041669,0.1073832,0.1440707,449.9636,3.83196
0,7.67781,0.538814,-0.969434,0.01297,0.00216148,0.00204281,0.000118663,0.92636,21.6897,0.022202,0.00347522,0.144071,12.0291,3.26776
0,5.4369,0.564135,-0.577342,0.0220783,4.27427e-05,7.83345e-06,3.49092e-05,0.930733,22.7572,8.91377e-05,1.32646e-05,0.144071,0.0816192,2.6168
0,6.87056,0.620561,-0.903656,0.0167276,0.000751036,0.000682279,6.87572e-05,0.936175,25.0158,0.00854028,0.00115758,0.144071,5.89761,3.16417
0,6.87008,0.480927,-0.882167,0.0194217,0.000496152,0.00044613,5.00217e-05,0.919427,19.3918,0.00432778,0.000756518,0.144071,3.5322,3.11588
0,42.172599,0.49720994,-1.3419069,0.010321685,0.21669654,0.16492001,0.051776529,0.77607438,15.711766,1.6540107,0.52238637,0.14407067,1244.2321,4.1178698
0,7.49609,0.895064,-0.831099,0.0206257,0.000266934,0.000218148,4.87859e-05,0.95504,36.0988,0.0039385,0.000369676,0.144071,3.28504,3.06104
0,7.27419,0.424618,-0.896285,0.0152446,0.000744819,0.000681139,6.36804e-05,0.909586,17.1171,0.0058339,0.00115545,0.144071,3.77823,3.13351
0,6.74067,0.32411,-0.661641,0.0211972,5.67333e-05,2.40923e-05,3.2641e-05,0.885327,13.0744,0.000157505,4.07978e-05,0.144071,0.14557,2.73084
0,7.48135,0.802835,-0.918062,0.0216398,0.000697736,0.000634419,6.33173e-05,0.949872,32.3652,0.0102737,0.0010767,0.144071,9.04895,3.20118
0,7.3397,0.759161,-0.750887,0.0097683,0.000251826,0.000164462,8.73637e-05,0.947454,30.6182,0.00251841,0.000278581,0.144071,1.00237,2.91939
0,8.23112,0.502499,-0.78169,0.00971033,0.000329755,0.000245713,8.40427e-05,0.922712,20.265,0.00249051,0.000416266,0.144071,1.01187,2.95068
0,13.2138,0.732646,-1.00143,0.024245,0.00174491,0.00164631,9.85983e-05,0.944695,29.5047,0.0243293,0.00280409,0.144071,24.2021,3.33805
0,60.201203,0.54230085,-1.371831,0.014479483,0.20556582,0.14440045,0.061165374,0.78824955,17.380144,1.5795523,0.54691424,0.14407067,1990.2115,4.3167865
0,7.93056,0.466658,-0.847927,0.0182844,0.000353729,0.000305412,4.83172e-05,0.917266,18.8192,0.00287482,0.000517634,0.144071,2.21333,3.05737
0,7.46622,0.372473,-0.83485,0.010438,0.000529419,0.00045228,7.71394e-05,0.898408,15.0183,0.00339803,0.000766541,0.144071,1.52453,3.025
0,7.61284,0.800543,-0.811922,0.0242161,0.00018405,0.000145264,3.87859e-05,0.95007,32.2894,0.00234567,0.000246119,0.144071,2.30882,3.02355
0,35.709916,0.94744133,-1.3094377,0.024581546,0.077227166,0.054809975,0.022417191,0.90621995,35.269743,1.0474592,0.14454594,0.14407067,1576.2354,4.1620234
0,9.20488,0.428179,-1.14938,0.0217962,0.0122166,0.0118455,0.000371136,0.902989,17.0625,0.102307,0.0208625,0.144071,97.9365,3.57214
0,57.33781,0.7790949,-1.209857,0.02434168,0.02434762,0.02196339,0.002384228,0.9329265,30.66483,0.3451556,0.040622,0.1440707,370.461,3.753897
0,6.78451,0.931632,-0.722242,0.0141767,0.00013874,7.8446e-05,6.02941e-05,0.956806,37.5785,0.00147415,0.000132862,0.144071,0.843194,2.88183
0,6.85664,0.380653,-0.630802,0.0249327,4.26356e-05,1.37837e-05,2.8852e-05,0.900673,15.3556,0.000105832,2.33406e-05,0.144071,0.113088,2.68702
0,6.84491,0.261001,-0.655411,0.0135569,8.19493e-05,3.47726e-05,4.71767e-05,0.861433,10.5284,0.000183064,5.88844e-05,0.144071,0.111209,2.71077
0,7.03101,0.589035,-0.671176,0.0105781,0.000129118,5.45645e-05,7.45538e-05,0.93341,23.7597,0.000648301,9.24055e-05,0.144071,0.283603,2.77467
0,7.86263,0.705193,-0.95647,0.0129483,0.00185922,0.00173337,0.000125854,0.942632,28.3959,0.0246561,0.00294706,0.144071,13.1025,3.2594
0,7.64533,0.369157,-0.638546,0.0238421,4.60355e-05,1.59216e-05,3.01138e-05,0.897894,14.8918,0.000118556,2.69612e-05,0.144071,0.121518,2.69846
0,26.3607,0.257027,-1.10242,0.0235321,0.00624362,0.00611867,0.000124947,0.855819,10.3042,0.0317221,0.0105706,0.144071,34.1374,3.45863
0,61.38879,0.8838637,-1.202699,0.01761067,0.03122043,0.02784243,0.003377998,0.9340825,34.54343,0.4963838,0.05121568,0.1440707,380.1862,3.749959
0,7.6275,0.24008,-0.94732,0.022208,0.00093954,0.00089935,4.0182e-05,0.85064,9.6763,0.0043553,0.0015278,0.14407,4.3992,3.1925
0,6.93043,0.462489,-0.729405,0.0156687,0.000127084,7.78194e-05,4.92647e-05,0.916728,18.6553,0.000725963,0.000131795,0.144071,0.478995,2.85986
2,54.2737,0.21087,-0.712664,0.0236237,-0.630173,-0.630223,4.94336e-05,0.893215,13.8677,-2.68062,7.05015e-05,0.144071,0.294736,2.81814
0,32.841317,0.83769225,-1.3286785,0.013257516,0.17689734,0.12405205,0.052845293,0.83168957,27.815935,2.0961078,0.34315174,0.14407067,1734.2755,4.2168625
0,7.252,0.89653,-0.852448,0.0114848,0.000608535,0.000515195,9.33404e-05,0.954888,36.1456,0.00931669,0.00087337,0.144071,4.32774,3.09675
0,19.14728,0.8786321,-1.140142,0.01790722,0.01367433,0.01279737,0.0008769621,0.9454894,34.9609,0.2268052,0.0225518,0.1440707,170.2052,3.605333
0,48.709514,0.76774931,-1.3005313,0.010711038,0.15042028,0.11411099,0.036309287,0.84684533,26.313507,1.7671446,0.29586912,0.14407067,1122.3883,4.0475387
0,5.39306,0.775794,-0.597824,0.0207839,4.93897e-05,1.08253e-05,3.85644e-05,0.94865,31.2954,0.000169399,1.83311e-05,0.144071,0.143261,2.6662
0,6.86621,0.727299,-0.844596,0.0133419,0.000475201,0.000401,7.42011e-05,0.94514,29.3266,0.00588277,0.00067968,0.144071,3.20719,3.07329
0,6.90755,0.712946,-0.86724,0.0122288,0.00067108,0.000584979,8.61012e-05,0.943976,28.7422,0.00841244,0.000991871,0.144071,4.20954,3.1101
0,5.96119,0.389992,-0.702919,0.0107393,0.000149168,8.07978e-05,6.83707e-05,0.902753,15.7306,0.000635594,0.000136838,0.144071,0.291875,2.80789
0,7.04062,0.604086,-0.920194,0.0187579,0.000817545,0.000752156,6.53887e-05,0.934517,24.35,0.00916498,0.0012766,0.144071,7.11193,3.19056
0,8.79933,0.965533,-0.67147,0.0150611,9.37782e-05,3.84688e-05,5.53094e-05,0.958285,38.9477,0.000749206,6.51466e-05,0.144071,0.454539,2.79923
0,7.52847,0.994838,-0.949089,0.0224654,0.000992437,0.000909301,8.31359e-05,0.958877,40.0937,0.0182467,0.00154495,0.144071,16.5417,3.26466
0,6.89204,0.567727,-0.863602,0.0153457,0.000508265,0.00044494,6.33251e-05,0.930843,22.8915,0.00509526,0.00075432,0.144071,3.24472,3.0929
0,5.49366,0.958394,-0.500192,0.00992172,8.77872e-05,6.47066e-06,8.13166e-05,0.957992,38.66,0.000125089,1.09571e-05,0.144071,0.0500058,2.51447
0,6.33037,0.263537,-0.744115,0.0221073,9.63659e-05,6.66245e-05,2.97414e-05,0.862574,10.6305,0.000354161,0.000112839,0.144071,0.35042,2.85849
1,81.4427,0.903028,-1.26599,0.0247312,,,,,,,,,,
0,6.90505,0.81705,-0.846732,0.010673,0.000611391,0.00051517,9.62211e-05,0.95075,32.9411,0.00849033,0.000873273,0.144071,3.68082,3.08259
0,6.71227,0.315979,-0.849545,0.0140794,0.000460181,0.000404927,5.5254e-05,0.882473,12.7413,0.00258084,0.00068635,0.144071,1.5903,3.04188
0,5.301987,0.8866999,-1.355804,0.009961797,0.332811,0.002296208,0.3305148,4.210914,23.86606,0.04106889,0,0.1440707,416.398,3.91477
0,35.9612,0.4415572,-1.33011,0.01233039,0.1630934,0.1305672,0.03252624,0.8056739,14.90799,1.16291,0.3757982,0.1440707,977.3013,4.041831
0,5.56538,0.668361,-0.569671,0.0216723,4.35443e-05,7.23133e-06,3.6313e-05,0.940892,26.9617,9.74888e-05,1.22451e-05,0.144071,0.0866786,2.61222
1,110.5731,0.9203842,-1.281976,0.008804932,,,,,,,,,,
0,6.29058,0.803767,-0.652384,0.0164911,7.6822e-05,2.74948e-05,4.93272e-05,0.950329,32.4229,0.000445766,4.65611e-05,0.144071,0.2986,2.75853
0,5.4202,0.410359,-0.513204,0.0109294,7.33786e-05,6.94282e-06,6.64358e-05,0.907175,16.5534,5.74678e-05,1.17564e-05,0.144071,0.026724,2.49528
0,30.2267,0.929422,-1.06571,0.0126766,0.00757156,0.00712189,0.000449667,0.951862,37.2107,0.133516,0.0122452,0.144071,69.1675,3.46501
0,6.87292,0.287228,-0.917545,0.0245917,0.000590416,0.00055463,3.57858e-05,0.872155,11.5805,0.00321334,0.000941176,0.144071,3.50292,3.15083
0,5.78127,0.525527,-0.607313,0.0186433,5.46643e-05,1.36326e-05,4.10317e-05,0.926015,21.1996,0.00014451,2.30848e-05,0.144071,0.112304,2.66317
0,7.4406,0.633232,-0.952913,0.0202144,0.0011358,0.00106131,7.44939e-05,0.937116,25.5167,0.0135559,0.00180345,0.144071,11.3144,3.24796
0,5.99152,0.463398,-0.61795,0.0159446,6.52937e-05,1.82737e-05,4.702e-05,0.916917,18.6931,0.000170807,3.09441e-05,0.144071,0.114651,2.67487
0,49.98046,0.3916733,-1.227954,0.02259445,0.0304095,0.02922444,0.00118506,0.8839228,15.32031,0.2308848,0.05521581,0.1440707,246.4652,3.726976
0,53.5581,0.8898238,-1.18302,0.01320768,0.03192248,0.02914611,0.002776376,0.9339629,34.75116,0.5231301,0.05303657,0.1440707,297.0839,3.701469
0,5.88148,0.316313,-0.52739,0.0171502,4.48715e-05,5.30893e-06,3.95626e-05,0.88284,12.7601,3.38727e-05,8.9895e-06,0.144071,0.0253988,2.50685
0,10.9805,0.472901,-0.663738,0.0179779,7.15526e-05,2.91818e-05,4.23708e-05,0.918446,19.0763,0.000278361,4.9417e-05,0.144071,0.210326,2.75186
0,47.49438,0.7218401,-1.174806,0.02281291,0.01637398,0.01537221,0.001001768,0.9344173,28.64351,0.2238219,0.02763105,0.1440707,220.2423,3.662955
0,5.32968,0.611224,-0.577893,0.00871756,0.000109363,1.99792e-05,8.93841e-05,0.935682,24.6552,0.000246322,3.38326e-05,0.144071,0.0885825,2.62156
0,53.19389,0.2052245,-1.24654,0.009689275,0.08488076,0.08339568,0.001485089,0.7785224,7.576387,0.3452216,0.163475,0.1440707,175.6997,3.71443
0,6.09317,0.639094,-0.62265,0.0164184,6.706e-05,1.88502e-05,4.82098e-05,0.938338,25.7805,0.000243,3.19208e-05,0.144071,0.164125,2.69801
1,79.1541,0.684481,-1.28846,0.00889729,,,,,,,,,,
0,36.55918,0.2592765,-1.26358,0.0192628,0.05271959,0.05120434,0.001515253,0.8280466,9.90825,0.2677905,0.1023479,0.1440707,268.892,3.771431
0,55.4402,0.5236,-1.220569,0.01799821,0.03568873,0.03364858,0.002040145,0.9027531,20.36911,0.3553788,0.06304275,0.1440707,291.8131,3.737075
0,7.2097,0.352892,-0.908663,0.0208839,0.000627724,0.000582792,4.4932e-05,0.893326,14.2274,0.0041484,0.00098879,0.144071,3.74859,3.14547
0,7.29643,0.982896,-0.748255,0.0112294,0.000216825,0.000138311,7.85146e-05,0.958911,39.6432,0.00274214,0.000234279,0.144071,1.2397,2.92772
0,7.29062,0.664436,-0.93622,0.0147183,0.00127146,0.00117687,9.45954e-05,0.939773,26.7705,0.0157727,0.00199887,0.144071,9.5524,3.22222
0,6.85059,0.381283,-0.750432,0.0131208,0.000178525,0.000121734,5.67904e-05,0.900736,15.3789,0.000936238,0.000206192,0.144071,0.526498,2.88576
