Error,time,CO2share,E_appl,v,X_tot,X_het,X_hom,FE,CO2_out,CO_out,H2_out,delP,CD,Vcell,maxRes,Solver
0,6.9527,0.92463,-0.8955,0.045053,0.0024959,0.0022803,0.00021568,0.95497,37.2083,0.042529,0.0038699,467.018,7.7438,3.1704,5.03e-05,Heun
0,5.7829,0.9307,-0.773,0.034819,0.00085791,0.00061281,0.0002451,0.9563,37.5139,0.011504,0.0010381,467.018,1.6164,2.9662,3.9019e-05,Heun
0,2.7742,0.27803,-0.66614,0.080598,0.00014842,6.7152e-05,8.1269e-05,0.86876,11.2147,0.0003766,0.00011367,467.018,0.13482,2.7314,8.8492e-05,Heun
0,3.3605,0.63751,-0.50998,0.081305,0.00010618,8.9563e-06,9.7221e-05,0.93817,25.7154,0.00011517,1.5161e-05,467.018,0.038515,2.5108,8.7622e-05,Heun
0,2.9096,0.97191,-0.62111,0.058367,0.00019417,5.1987e-05,0.00014218,0.95848,39.201,0.0010192,8.8018e-05,467.018,0.23952,2.7159,6.2782e-05,Heun
0,3.6138,0.97647,-0.50904,0.058967,0.00015225,1.2201e-05,0.00014004,0.9587,39.3867,0.00024031,2.0654e-05,467.018,0.057039,2.5301,6.2433e-05,Heun
0,5.4847,0.5883,-0.96843,0.054854,0.0049525,0.0047643,0.00018816,0.93025,23.6156,0.056536,0.0081107,467.018,12.8751,3.2704,6.9348e-05,Heun
3,25.5883,0.31351,-1.1949,0.0097776,0.045324,0.0078365,0.037487,3.0856,12.0743,0.049556,0,467.018,36.4129,3.5549,2.2392,Euler
0,2.4859,0.93259,-0.58923,0.081443,0.00012601,2.4742e-05,0.00010126,0.95686,37.6175,0.00046542,4.1888e-05,467.018,0.15289,2.661,6.2666e-05,Heun
0,2.571,0.96759,-0.63934,0.025676,0.0004692,0.00014934,0.00031986,0.95813,39.0162,0.0029148,0.00025289,467.018,0.30142,2.746,6.3011e-05,Heun
0,2.9953,0.22857,-0.87261,0.017485,0.0047356,0.0043756,0.00035996,0.84202,9.1772,0.020174,0.0074318,467.018,1.6145,3.0657,2.2848e-05,Heun
0,4.0927,0.94719,-0.80023,0.027672,0.0014073,0.0010936,0.00031368,0.95666,38.1578,0.020894,0.0018532,467.018,2.3316,3.0124,3.9055e-05,Heun
0,3.9858,0.80619,-0.83664,0.019751,0.002885,0.0024432,0.00044179,0.94866,32.4294,0.03973,0.0041446,467.018,3.1899,3.065,2.4775e-05,Heun
0,2.7793,0.51378,-0.74322,0.017458,0.0012792,0.00083375,0.00044547,0.92368,20.7004,0.0086405,0.0014125,467.018,0.62996,2.8878,4.2121e-05,Heun
0,4.2785,0.33695,-0.51593,0.015404,0.00050393,5.1017e-05,0.00045291,0.88893,13.5863,0.00034674,8.6372e-05,467.018,0.023181,2.4907,6.6238e-05,Heun
0,2.8736,0.22547,-0.8767,0.03826,0.002274,0.0021099,0.00016414,0.84171,9.075,0.0095954,0.0035794,467.018,1.6832,3.072,1.9938e-05,Heun
0,3.1838,0.23694,-0.87792,0.034011,0.0025999,0.0024104,0.00018942,0.84796,9.5336,0.01152,0.0040901,467.018,1.7829,3.0762,3.6406e-05,Heun
0,93.3646,0.85877,-1.2912,0.067934,0.18701,0.18227,0.0047345,0.82716,28.1655,3.1573,0.41389,467.018,1091.4174,4.0308,2.1322e-07,Heun
0,4.1384,0.45368,-0.96413,0.0598,0.0042926,0.0041375,0.0001551,0.91262,18.2237,0.037862,0.0070405,467.018,9.5838,3.2503,6.0902e-05,Heun
3,54.8736,0.22756,-1.2115,0.012443,0.99847,0.42256,0.57591,0.0020647,0.01406,1.9396,0,467.018,78.4225,3.6191,0.12614,Euler
0,3.4082,0.50525,-0.8331,0.011798,0.0045841,0.0039055,0.00067856,0.9204,20.2891,0.039802,0.0066309,467.018,1.9658,3.0364,2.5395e-05,Heun
0,3.5944,0.83616,-0.84676,0.062346,0.0010246,0.00088212,0.00014244,0.95155,33.6976,0.014878,0.0014953,467.018,3.7635,3.0838,4.6244e-05,Heun
0,92.2372,0.59181,-1.3554,0.074168,0.306,0.29854,0.00746,0.72326,16.5691,3.5638,0.86469,467.018,1674.8203,4.2303,2.6477e-06,Heun
3,89.9398,0.71705,-1.2267,0.013635,0.54329,0.46093,0.082361,0.58482,13.2114,6.6666,0,467.018,316.2689,3.7521,0.050275,Euler
0,55.3459,0.80375,-1.2151,0.068361,0.082812,0.081449,0.0013624,0.89593,29.7395,1.3205,0.15461,467.018,399.9479,3.7688,4.5344e-07,Heun
0,76.3426,0.74376,-1.2298,0.049108,0.13396,0.13196,0.0019965,0.85756,25.9853,1.9798,0.26023,467.018,441.4214,3.7967,4.7388e-07,Heun
0,2.3067,0.33009,-0.82832,0.062009,0.00081563,0.00070024,0.00011539,0.8867,13.3055,0.0046623,0.0011864,467.018,1.2584,3.0086,4.5998e-05,Heun
0,3.5141,0.59869,-0.91526,0.040828,0.0034635,0.0032401,0.00022334,0.93228,24.0686,0.039128,0.0055046,467.018,6.6141,3.1818,6.4795e-05,Heun
0,3.8825,0.47231,-0.9508,0.050387,0.0043415,0.0041611,0.0001804,0.91566,18.9711,0.039643,0.0070402,467.018,8.378,3.2298,4.9944e-05,Heun
0,5.7266,0.37905,-0.99934,0.06451,0.0061602,0.0060126,0.00014758,0.89646,15.1973,0.045971,0.010258,467.018,12.7878,3.301,2.9453e-05,Heun
0,3.8213,0.40408,-0.95868,0.056844,0.0042128,0.0040595,0.00015337,0.90327,16.2325,0.033087,0.0069054,467.018,8.0413,3.2355,4.0391e-05,Heun
0,2.3848,0.75926,-0.61347,0.018738,0.00057928,0.00014677,0.00043251,0.94725,30.6122,0.0022477,0.00024855,467.018,0.17157,2.6911,6.3266e-05,Heun
0,65.7578,0.96743,-1.2124,0.035518,0.14911,0.14626,0.0028486,0.85826,33.2086,2.8541,0.28755,467.018,450.4839,3.782,9.7016e-07,Heun
0,2.7761,0.3109,-0.82372,0.066856,0.0007171,0.00061223,0.00010487,0.88063,12.5333,0.0038394,0.0010372,467.018,1.125,2.9982,5.9186e-05,Heun
0,47.1683,0.40601,-1.2146,0.018346,0.27426,0.27226,0.0019972,0.72186,11.8869,2.2297,0.57293,467.018,197.307,3.6927,2.7832e-05,Heun
0,162.518,0.40343,-1.3261,0.050321,0.3279,0.32537,0.0025346,0.68249,10.9383,2.6477,0.87491,467.018,804.3747,3.9943,3.4064e-06,Heun
0,128.3943,0.39482,-1.2722,0.078789,0.13546,0.13439,0.0010665,0.81636,13.7702,1.0703,0.27936,467.018,423.2268,3.8333,1.7371e-06,Heun
0,3.5028,0.47999,-0.84114,0.02983,0.0019818,0.0017145,0.00026729,0.91834,19.3252,0.0166,0.0029075,467.018,2.0806,3.0474,2.6436e-05,Heun
0,158.9532,0.40087,-1.3531,0.075542,0.29553,0.29269,0.00284,0.70574,11.3925,2.3666,0.82436,467.018,1145.9354,4.1058,4.6225e-06,Heun
0,2.5042,0.57863,-0.7442,0.074635,0.00030411,0.00019757,0.00010654,0.93218,23.3359,0.002306,0.00033458,467.018,0.71261,2.8951,1.7185e-05,Heun
0,39.2052,0.86466,-1.3429,0.04952,0.37609,0.35913,0.01696,0.68717,21.7632,6.2636,1.1032,467.018,1972.3388,4.284,4.094e-05,Heun
0,2.4953,0.63978,-0.55904,0.05159,0.00018001,2.6531e-05,0.00015348,0.93833,25.8052,0.00034238,4.4866e-05,467.018,0.072565,2.5924,6.3332e-05,Heun
0,3.2761,0.42867,-0.62696,0.041823,0.00025582,7.8226e-05,0.00017759,0.91067,17.2889,0.00067639,0.00013242,467.018,0.11986,2.6862,6.4564e-05,Heun
0,4.2696,0.80298,-0.93796,0.047424,0.0039497,0.0037309,0.00021872,0.94779,32.2658,0.06043,0.0063432,467.018,11.674,3.2347,3.9522e-05,Heun
0,7.2752,0.65426,-1.0413,0.078618,0.0086116,0.0084209,0.00019069,0.9342,26.1666,0.11113,0.014424,467.018,36.2075,3.4009,3.5027e-05,Heun
0,205.8197,0.24316,-1.3722,0.072015,0.34526,0.34364,0.0016205,0.62562,6.4227,1.6855,1.1047,467.018,931.0404,4.0724,2.1105e-06,Heun
0,47.6189,0.82333,-1.1288,0.052822,0.038144,0.037472,0.00067211,0.92668,31.9478,0.62231,0.066101,467.018,137.2221,3.5765,4.8641e-05,Heun
0,13.6572,0.30392,-1.1004,0.078346,0.018001,0.017822,0.000179,0.86753,12.0402,0.10926,0.030918,467.018,38.3229,3.4633,8.3588e-05,Heun
0,3.5952,0.57551,-0.81662,0.023842,0.0019078,0.0015661,0.00034171,0.93082,23.1729,0.01818,0.0026551,467.018,1.7965,3.0153,1.7227e-05,Heun
0,2.7249,0.4697,-0.64201,0.013737,0.00083878,0.00028886,0.00054992,0.91745,18.9326,0.0027367,0.00048919,467.018,0.15809,2.7155,6.4638e-05,Heun
0,3.2164,0.83543,-0.63131,0.058353,0.00019974,5.9279e-05,0.00014046,0.95204,33.6959,0.00099892,0.00010037,467.018,0.23631,2.7254,7.5915e-05,Heun
0,12.9547,0.62283,-0.99858,0.069155,0.0057242,0.0055543,0.00016997,0.93321,24.9821,0.069778,0.0094759,467.018,19.9976,3.3246,7.9751e-05,Heun
0,82.0585,0.68159,-1.2406,0.06509,0.11565,0.11403,0.0016206,0.86575,24.3165,1.5676,0.22546,467.018,469.8624,3.8162,2.7179e-07,Heun
0,60.9293,0.72326,-1.1023,0.081217,0.017923,0.017611,0.00031122,0.93359,28.6548,0.25693,0.03056,467.018,86.8416,3.5167,4.339e-05,Heun
0,114.6371,0.79852,-1.2937,0.073144,0.17836,0.17428,0.0040792,0.83014,26.4681,2.8071,0.39662,467.018,1054.4134,4.0243,2.4652e-06,Heun
0,3.7187,0.26706,-0.91402,0.042439,0.0032344,0.0030687,0.00016566,0.86222,10.7387,0.01653,0.0052115,467.018,3.1401,3.1416,4.671e-05,Heun
0,2.6979,0.93067,-0.50046,0.067165,0.00013199,9.5924e-06,0.0001224,0.95677,37.5399,0.00018007,1.6239e-05,467.018,0.048785,2.5135,6.2505e-05,Heun
0,5.7514,0.86065,-1.0269,0.076862,0.0073762,0.0071709,0.00020532,0.94874,34.4642,0.12449,0.012272,467.018,39.0588,3.391,4.1791e-05,Heun
0,4.3223,0.99691,-0.71244,0.053248,0.00034237,0.00018414,0.00015823,0.95938,40.2033,0.0037028,0.00031184,467.018,0.79322,2.8689,3.9551e-05,Heun
0,197.7614,0.55414,-1.3098,0.075812,0.20363,0.2009,0.0027327,0.79337,17.8029,2.2455,0.47082,467.018,913.0403,4.0055,1.4791e-05,Heun
0,22.2689,0.96952,-1.0763,0.023759,0.043776,0.042767,0.0010086,0.92988,37.3999,0.83636,0.074878,467.018,81.5664,3.4865,9.9074e-05,Heun
0,4.9428,0.81993,-0.9303,0.065527,0.0026051,0.0024491,0.00015597,0.94963,32.9912,0.040505,0.0041607,467.018,10.7973,3.2228,4.9227e-05,Heun
0,118.6873,0.89496,-1.2419,0.029705,0.23987,0.23566,0.0042102,0.79034,27.4439,4.2541,0.50231,467.018,590.6323,3.8527,2.1132e-06,Heun
0,2.8193,0.51983,-0.58536,0.058154,0.00016506,3.2965e-05,0.0001321,0.92519,20.9673,0.00034565,5.5817e-05,467.018,0.083858,2.6262,7.2922e-05,Heun
0,5.1787,0.84005,-0.97838,0.038882,0.0079328,0.0076215,0.00031136,0.94729,33.6205,0.12914,0.013002,467.018,20.4539,3.3056,7.7765e-05,Heun
0,34.9138,0.92852,-1.3064,0.062084,0.23626,0.22784,0.0084115,0.79454,28.6084,4.2673,0.55028,467.018,1402.2569,4.1192,9.2934e-06,Heun
0,3.2599,0.41104,-0.73736,0.075548,0.000277,0.00017878,9.8222e-05,0.90719,16.5776,0.0014822,0.00030271,467.018,0.4764,2.8675,2.8014e-05,Heun
0,59.0025,0.30885,-1.2342,0.037585,0.17955,0.17848,0.0010688,0.76464,10.2227,1.1119,0.35973,467.018,206.0582,3.7162,6.5778e-06,Heun
0,29.9903,0.66376,-1.1301,0.060444,0.033842,0.033339,0.00050293,0.91867,25.8712,0.44636,0.058688,467.018,113.8781,3.5637,5.1198e-05,Heun
0,46.621,0.31596,-1.2087,0.054056,0.096337,0.095696,0.00064028,0.82184,11.5186,0.6099,0.18011,467.018,155.5505,3.6664,2.8918e-05,Heun
0,93.8929,0.69764,-1.3357,0.032786,0.49547,0.48769,0.0077872,0.58008,14.1995,6.8628,1.5182,467.018,1388.9784,4.1454,2.8982e-05,Heun
0,167.7165,0.6106,-1.3516,0.061868,0.33973,0.33212,0.0076134,0.69863,16.2641,4.0905,0.98723,467.018,1620.8778,4.2143,4.9559e-07,Heun
0,167.6922,0.26077,-1.388,0.062398,0.42654,0.4244,0.0021332,0.57265,6.0329,2.2324,1.5628,467.018,1171.0959,4.1467,2.5119e-06,Heun
0,55.3784,0.29866,-1.223,0.058942,0.10456,0.10391,0.00064565,0.81084,10.7885,0.62599,0.19861,467.018,177.5547,3.6918,1.0461e-05,Heun
0,23.9583,0.39196,-1.1234,0.04117,0.045221,0.044756,0.00046507,0.87468,15.0974,0.35385,0.079071,467.018,64.0525,3.5177,2.9038e-05,Heun
0,134.4489,0.23972,-1.3085,0.069434,0.21596,0.21498,0.00097763,0.71383,7.5824,1.0395,0.50553,467.018,425.0264,3.8702,1.2168e-06,Heun
0,31.153,0.95583,-1.1011,0.0268,0.052768,0.051661,0.001107,0.92334,36.5252,0.99601,0.091267,467.018,110.2991,3.5324,7.0627e-05,Heun
0,49.8282,0.5914,-1.3442,0.03651,0.47297,0.46699,0.0059826,0.59052,12.574,5.5707,1.5051,467.018,1347.0446,4.1442,6.9669e-05,Euler
0,113.5455,0.92004,-1.3583,0.050477,0.38814,0.3601,0.028041,0.68008,22.71,6.6827,1.3181,467.018,2532.7734,4.421,4.4717e-05,Heun
0,3.0862,0.28896,-0.71472,0.038193,0.00043558,0.0002644,0.00017117,0.87292,11.6522,0.0015411,0.00044767,467.018,0.26018,2.8138,3.0407e-05,Heun
0,205.3822,0.51179,-1.3191,0.057648,0.28285,0.27965,0.0032021,0.73139,14.8066,2.8869,0.6977,467.018,928.2054,4.0186,2.9541e-06,Heun
0,2.8293,0.52313,-0.70048,0.062509,0.00025869,0.00013454,0.00012415,0.92557,21.0985,0.0014197,0.00022783,467.018,0.37006,2.8177,2.5024e-05,Heun
0,4.0827,0.30558,-0.91961,0.070724,0.0020853,0.0019794,0.00010596,0.87796,12.3019,0.0122,0.00336,467.018,3.7957,3.1571,2.4662e-05,Heun
0,3.3276,0.96491,-0.65677,0.012868,0.0010195,0.00037265,0.00064682,0.95766,38.8864,0.007253,0.00063122,467.018,0.37599,2.7748,9.1205e-05,Heun
0,29.1552,0.24782,-1.1354,0.020626,0.1015,0.1008,0.00069776,0.79214,8.9829,0.5039,0.18426,467.018,49.1295,3.5133,3.3406e-05,Heun
0,92.5855,0.48253,-1.3907,0.030963,0.66574,0.65976,0.0059807,0.41059,6.5067,6.4215,3.2586,467.018,1822.6412,4.2986,1.7775e-05,Heun
0,2.8769,0.21232,-0.79888,0.048826,0.00072966,0.00060934,0.00012032,0.83453,8.5592,0.0026096,0.0010322,467.018,0.58925,2.94,4.7842e-05,Heun
0,4.1088,0.33519,-0.92651,0.019322,0.0082852,0.0078894,0.0003958,0.88358,13.4102,0.053341,0.013439,467.018,4.4925,3.1728,2.446e-05,Heun
0,3.4401,0.78538,-0.76347,0.072782,0.000374,0.00025946,0.00011454,0.94904,31.6717,0.0041103,0.00043944,467.018,1.2167,2.942,3.1453e-05,Heun
0,31.7207,0.56074,-1.1408,0.051146,0.045393,0.044821,0.00057212,0.90114,21.5944,0.50695,0.07964,467.018,111.2701,3.5727,1.2541e-05,Heun
0,4.9629,0.43706,-0.899,0.049849,0.0023206,0.002156,0.00016457,0.91093,17.5907,0.019007,0.0036584,467.018,4.0145,3.1394,3.2613e-05,Heun
0,72.7129,0.35116,-1.3446,0.033134,0.51155,0.50879,0.0027565,0.52715,6.9197,3.6039,1.6671,467.018,834.8056,4.0205,1.2612e-05,Euler
0,15.7328,0.34681,-1.0962,0.045219,0.029104,0.02878,0.00032403,0.87364,13.5837,0.20133,0.050766,467.018,40.6874,3.4627,5.4866e-05,Heun
0,3.0142,0.70049,-0.73287,0.074914,0.00027811,0.00017017,0.00010794,0.9433,28.2514,0.0024044,0.00028818,467.018,0.73705,2.8855,5.0234e-05,Heun
0,91.7518,0.2649,-1.2849,0.041047,0.27385,0.27257,0.0012852,0.68531,7.76,1.4564,0.63154,467.018,334.6166,3.8168,2.6353e-06,Heun
0,5.3056,0.82057,-0.96329,0.037923,0.0067433,0.006445,0.00029836,0.94699,32.88,0.10667,0.010983,467.018,16.4851,3.2787,8.4855e-05,Heun
0,3.3845,0.54869,-0.68094,0.069731,0.00020566,9.3831e-05,0.00011183,0.92882,22.1305,0.0010385,0.00015888,467.018,0.30092,2.7875,1.5551e-05,Heun
0,184.2737,0.44508,-1.3538,0.078167,0.29129,0.28784,0.0034482,0.71702,12.7251,2.5842,0.80357,467.018,1270.7455,4.136,4.3884e-07,Heun
0,92.4985,0.60862,-1.3203,0.027727,0.49161,0.48635,0.005265,0.57681,12.4823,5.9706,1.4737,467.018,1007.9766,4.0396,1.3329e-05,Heun
0,3.2775,0.83587,-0.55129,0.052835,0.00017789,2.3425e-05,0.00015447,0.95208,33.7143,0.00039496,3.9662e-05,467.018,0.084591,2.5926,7.2219e-05,Heun
0,209.2752,0.50289,-1.2811,0.054294,0.20921,0.20712,0.0020894,0.78344,16.043,2.101,0.45486,467.018,576.4924,3.8879,3.4352e-06,Heun
0,182.0948,0.62626,-1.3007,0.048225,0.27759,0.27377,0.0038265,0.74673,18.2512,3.4583,0.65834,467.018,884.5819,3.9893,1.8482e-06,Heun
0,5.484,0.9512,-0.82335,0.042375,0.00117,0.00096104,0.00020894,0.95699,38.3283,0.018439,0.0016288,467.018,3.1512,3.0511,2.526e-05,Heun
0,3.1194,0.64013,-0.81157,0.080787,0.00053596,0.0004335,0.00010245,0.93813,25.81,0.0055973,0.00073433,467.018,1.8606,3.012,2.8548e-05,Heun
0,0.93381,0.66964,-0.87513,0.060488,0,0,0,13.4993,27.0143,0,0,467.018,0.30619,2.9826,6.5401e-05,Heun
0,49.5841,0.441,-1.1887,0.03435,0.11754,0.11648,0.0010531,0.83694,15.6995,1.0362,0.21921,467.018,161.0154,3.6492,3.8917e-05,Heun
0,2.7618,0.38439,-0.52646,0.050085,0.00016237,1.7969e-05,0.0001444,0.90147,15.5045,0.00013932,3.0413e-05,467.018,0.029865,2.5142,6.9333e-05,Heun
0,165.3083,0.35581,-1.3224,0.050488,0.31929,0.3172,0.0020902,0.6794,9.771,2.2765,0.83106,467.018,687.88,3.9599,4.7517e-06,Heun
0,17.9426,0.33657,-1.0677,0.040317,0.023126,0.022827,0.0002988,0.8747,13.2637,0.15497,0.039507,467.018,27.533,3.4116,2.5604e-05,Heun
0,3.9983,0.54856,-0.86185,0.063187,0.0011883,0.0010563,0.00013194,0.92818,22.1036,0.011688,0.001791,467.018,3.0722,3.0883,2.2319e-05,Heun
0,25.7911,0.9387,-1.0691,0.042399,0.022631,0.022101,0.00053076,0.94249,37.012,0.41847,0.038244,467.018,72.5902,3.4716,2.1781e-05,Heun
3,14.5389,0.34785,-1.322,0.0665,0.12872,0.030695,0.098026,7.4944,12.2267,0.21537,0,467.018,77.6427,3.7289,0.61695,Euler
0,64.1251,0.9838,-1.2149,0.040604,0.13581,0.13311,0.0026991,0.86811,34.2981,2.6415,0.25977,467.018,475.0464,3.792,2.1696e-06,Heun
0,3.5308,0.2889,-0.9034,0.079224,0.0015265,0.0014357,9.0792e-05,0.87222,11.6368,0.0083664,0.0024358,467.018,2.9349,3.1275,2.5045e-05,Heun
0,4.2153,0.52698,-0.82225,0.061251,0.00078708,0.00065569,0.00013139,0.92574,21.2424,0.0069697,0.001111,467.018,1.7801,3.0204,1.7151e-05,Heun
0,137.9896,0.40977,-1.2633,0.037578,0.23899,0.23722,0.0017697,0.74825,12.5802,1.9607,0.52296,467.018,376.6487,3.8094,1.8414e-06,Heun
0,157.5374,0.76897,-1.3095,0.042787,0.32859,0.3221,0.0064936,0.71838,20.8283,4.996,0.83052,467.018,1174.4844,4.0689,2.7098e-05,Heun
0,37.717,0.29393,-1.1864,0.025485,0.15069,0.14973,0.00095265,0.77904,10.071,0.88776,0.2869,467.018,107.7475,3.6159,4.2601e-05,Heun
3,35.2446,0.45502,-1.3177,0.0095067,0.61939,0.5466,0.07279,1.2256,6.9867,5.0168,0,467.018,256.5534,3.8207,1.4032,Euler
0,100.746,0.60629,-1.3056,0.014189,0.69575,0.6906,0.0051533,0.38503,7.4416,8.4455,2.3847,467.018,745.4606,3.9584,1.8064e-07,Heun
0,3.2026,0.40999,-0.69401,0.045849,0.00032968,0.00016881,0.00016087,0.90694,16.5341,0.001396,0.00028585,467.018,0.27237,2.7954,5.618e-05,Heun
0,3.5321,0.22338,-0.85682,0.051205,0.0013431,0.0012225,0.00012057,0.84103,8.9993,0.0055082,0.0020718,467.018,1.294,3.0385,2.2778e-05,Heun
0,5.434,0.78426,-1.0108,0.058671,0.0078776,0.0076433,0.00023434,0.94413,31.3894,0.12091,0.013062,467.018,29.0447,3.3577,8.3716e-05,Heun
0,3.1746,0.66282,-0.71771,0.012532,0.0014946,0.0008509,0.00064366,0.93951,26.6994,0.011376,0.0014179,467.018,0.57562,2.8576,3.423e-05,Heun
0,3.816,0.56708,-0.81005,0.019771,0.0021445,0.0017357,0.00040881,0.92973,22.8279,0.019854,0.0029427,467.018,1.6284,3.0036,4.8995e-05,Heun
0,3.063,0.63744,-0.55962,0.040971,0.00022699,3.3621e-05,0.00019337,0.93809,25.7098,0.0004323,5.6917e-05,467.018,0.072857,2.5932,6.3341e-05,Heun
0,35.4049,0.38528,-1.1604,0.054638,0.05387,0.053391,0.00047952,0.86764,14.7054,0.41492,0.095917,467.018,101.2537,3.5856,4.1907e-05,Heun
0,4.2691,0.69925,-0.96116,0.073123,0.0034036,0.0032577,0.00014598,0.9412,28.1129,0.045947,0.0055417,467.018,13.7978,3.2669,3.1095e-05,Heun
0,14.2373,0.51641,-1.0436,0.076437,0.0090936,0.0089175,0.0001761,0.91906,20.6435,0.092889,0.015285,467.018,29.9157,3.3922,3.5272e-05,Heun
0,83.7402,0.99039,-1.3665,0.047108,0.43456,0.39313,0.041428,0.64229,22.5916,7.8536,1.5694,467.018,2964.3049,4.5211,4.9674e-05,Heun
0,5.3888,0.90813,-1.0134,0.050286,0.0095103,0.0092134,0.00029691,0.94967,36.2874,0.16877,0.015763,467.018,34.5271,3.3703,7.7769e-05,Heun
0,3.6536,0.83695,-0.85113,0.065834,0.0010191,0.00088359,0.00013555,0.95159,33.7295,0.014917,0.0014978,467.018,3.9844,3.0911,3.2836e-05,Heun
0,28.5906,0.4095,-1.1158,0.077095,0.022233,0.021986,0.00024758,0.89302,16.1526,0.1816,0.038298,467.018,60.8788,3.5069,6.6816e-05,Heun
0,3.041,0.74378,-0.77321,0.046218,0.00064283,0.00046296,0.00017986,0.94618,29.9862,0.0069457,0.00078422,467.018,1.3094,2.9555,4.8891e-05,Heun
0,84.372,0.77698,-1.2829,0.01589,0.55406,0.54765,0.0064084,0.53004,13.9779,8.583,1.5893,467.018,759.1831,3.9393,3.2263e-06,Heun
1,0.43169,0.72301,-1.393,0.052254,,,,,,,,,,,0,Heun
0,4.1667,0.82324,-0.80998,0.014556,0.0029447,0.0023545,0.00059022,0.9496,33.1132,0.039098,0.0039936,467.018,2.3107,3.0217,2.6636e-05,Heun
0,4.2918,0.92298,-0.92191,0.047107,0.0032775,0.0030585,0.00021904,0.95439,37.1125,0.056941,0.0051963,467.018,10.8506,3.2147,4.9239e-05,Heun
0,3.0097,0.46733,-0.83141,0.078725,0.00067462,0.00057444,0.00010018,0.91717,18.8402,0.0054149,0.00097231,467.018,1.7924,3.0299,1.6844e-05,Heun
1,0.74381,0.35825,-1.2791,0.041381,,,,,,,,,,,0,Heun
0,108.8192,0.79526,-1.2722,0.057527,0.18131,0.17792,0.0033878,0.82768,26.2655,2.854,0.38268,467.018,796.3643,3.9382,9.1028e-06,Heun
0,72.4808,0.58394,-1.2234,0.071311,0.087409,0.086383,0.0010261,0.87604,21.498,1.0175,0.16494,467.018,329.0288,3.7533,4.2484e-07,Heun
0,23.4524,0.68789,-1.1152,0.049875,0.034112,0.033569,0.00054305,0.92046,26.8042,0.46578,0.058778,467.018,97.3163,3.5375,5.7632e-05,Heun
0,39.4216,0.88755,-1.1741,0.035873,0.095604,0.093943,0.0016607,0.89164,32.3824,1.6818,0.17403,467.018,258.4575,3.6779,1.4591e-05,Heun
0,2.4999,0.66138,-0.7671,0.051753,0.00053989,0.00038228,0.00015761,0.93999,26.6667,0.0050999,0.00064748,467.018,1.0837,2.9396,5.422e-05,Heun
0,54.3169,0.39195,-1.234,0.038842,0.17277,0.17149,0.0012835,0.79062,13.0799,1.3558,0.34714,467.018,254.2843,3.7362,1.1061e-05,Heun
0,82.4668,0.22294,-1.3304,0.041622,0.39306,0.39163,0.0014305,0.58217,5.4586,1.7611,1.1172,467.018,496.9989,3.9141,8.1517e-06,Heun
0,2.4979,0.33434,-0.76396,0.038437,0.00067799,0.0004944,0.00018359,0.88806,13.4788,0.0033342,0.00083729,467.018,0.55683,2.9022,2.394e-05,Heun
0,23.1359,0.77016,-1.1179,0.038605,0.045305,0.044531,0.0007741,0.91885,29.6618,0.69178,0.078616,467.018,111.6865,3.5501,5.6896e-05,Heun
0,3.6989,0.57687,-0.83975,0.035367,0.0016547,0.0014209,0.0002338,0.93113,23.2335,0.016534,0.0024091,467.018,2.4235,3.0539,2.8962e-05,Heun
