Error,time,CO2share,E_appl,v,X_tot,X_het,X_hom,FE,CO2_out,CO_out,H2_out,delP,CD,Vcell,maxRes,Solver
0,5.1562,0.85178,-0.63436,0.046117,0.00025571,7.8008e-05,0.00017771,0.95288,34.3535,0.0013403,0.00013207,467.018,0.25032,2.7314,7.4195e-05,Heun
0,6.3047,0.92463,-0.8955,0.045053,0.0024959,0.0022803,0.00021568,0.95497,37.2083,0.042529,0.0038699,467.018,7.7438,3.1704,5.03e-05,Heun
0,3.0141,0.30159,-0.56335,0.074112,0.00011051,1.9503e-05,9.1005e-05,0.87778,12.1653,0.00011865,3.3013e-05,467.018,0.038654,2.5644,6.4739e-05,Heun
0,4.917,0.9307,-0.773,0.034819,0.00085791,0.00061281,0.0002451,0.9563,37.5139,0.011504,0.0010381,467.018,1.6164,2.9662,3.9019e-05,Heun
0,4.1908,0.70589,-0.87549,0.042042,0.002102,0.0018904,0.00021157,0.94253,28.4169,0.026916,0.0032072,467.018,4.6341,3.1234,2.1326e-05,Heun
0,2.7652,0.27803,-0.66614,0.080598,0.00014842,6.7152e-05,8.1269e-05,0.86876,11.2147,0.0003766,0.00011367,467.018,0.13482,2.7314,8.8492e-05,Heun
0,4.0738,0.4228,-0.60889,0.011506,0.00086854,0.00022543,0.00064311,0.90916,17.0416,0.0019225,0.00038166,467.018,0.09383,2.6555,6.4409e-05,Heun
0,3.1066,0.63751,-0.50998,0.081305,0.00010618,8.9563e-06,9.7221e-05,0.93817,25.7154,0.00011517,1.5161e-05,467.018,0.038515,2.5108,8.7622e-05,Heun
0,63.1148,0.96601,-1.3995,0.022524,0.82516,0.77745,0.047717,0.25389,6.8134,15.1487,4.9683,467.018,3457.4501,4.6578,1.6423e-05,Euler
0,2.3286,0.97191,-0.62111,0.058367,0.00019417,5.1987e-05,0.00014218,0.95848,39.201,0.0010192,8.8018e-05,467.018,0.23952,2.7159,6.2782e-05,Heun
0,2.7636,0.32609,-0.84869,0.052316,0.0012156,0.0010778,0.0001378,0.88523,13.1391,0.0070895,0.0018267,467.018,1.617,3.0419,2.2067e-05,Heun
0,2.9846,0.97647,-0.50904,0.058967,0.00015225,1.2201e-05,0.00014004,0.9587,39.3867,0.00024031,2.0654e-05,467.018,0.057039,2.5301,6.2433e-05,Heun
0,3.9582,0.96573,-0.92509,0.03541,0.0045363,0.0042392,0.00029708,0.95542,38.7827,0.082578,0.0072006,467.018,11.7984,3.2224,3.9527e-05,Heun
0,4.6134,0.5883,-0.96843,0.054854,0.0049525,0.0047643,0.00018816,0.93025,23.6156,0.056536,0.0081107,467.018,12.8751,3.2704,6.9348e-05,Heun
0,2.9361,0.84022,-0.67879,0.06917,0.00021108,9.2026e-05,0.00011906,0.95229,33.889,0.0015597,0.00015581,467.018,0.43721,2.8045,3.6571e-05,Heun
3,25.2024,0.31351,-1.1949,0.0097776,0.045324,0.0078365,0.037487,3.0856,12.0743,0.049556,0,467.018,36.4129,3.5549,2.2392,Euler
0,3.6758,0.53741,-0.95172,0.014624,0.015078,0.01435,0.00072727,0.918,21.3532,0.15556,0.024545,467.018,9.5178,3.2375,3.3957e-05,Heun
0,2.4693,0.93259,-0.58923,0.081443,0.00012601,2.4742e-05,0.00010126,0.95686,37.6175,0.00046542,4.1888e-05,467.018,0.15289,2.661,6.2666e-05,Heun
0,3.6946,0.83377,-0.8828,0.057185,0.0016893,0.0015269,0.00016243,0.95099,33.5788,0.025679,0.0025902,467.018,5.962,3.1439,2.6322e-05,Heun
0,2.6309,0.96759,-0.63934,0.025676,0.0004692,0.00014934,0.00031986,0.95813,39.0162,0.0029148,0.00025289,467.018,0.30142,2.746,6.3011e-05,Heun
0,3.3814,0.72459,-0.73522,0.038595,0.00055247,0.00034041,0.00021206,0.9449,29.2152,0.0049753,0.00057652,467.018,0.78425,2.8911,2.5127e-05,Heun
0,3.2627,0.22857,-0.87261,0.017485,0.0047356,0.0043756,0.00035996,0.84202,9.1772,0.020174,0.0074318,467.018,1.6145,3.0657,2.2848e-05,Heun
0,48.8237,0.8793,-1.1779,0.028466,0.12446,0.12236,0.0021022,0.87156,31.0578,2.1702,0.2305,467.018,266.5432,3.6849,1.7885e-07,Heun
0,4.3277,0.94719,-0.80023,0.027672,0.0014073,0.0010936,0.00031368,0.95666,38.1578,0.020894,0.0018532,467.018,2.3316,3.0124,3.9055e-05,Heun
0,107.0223,0.74299,-1.3249,0.033208,0.45011,0.44225,0.0078636,0.61963,16.4821,6.6278,1.3043,467.018,1313.3893,4.117,8.2204e-05,Heun
0,3.9346,0.80619,-0.83664,0.019751,0.002885,0.0024432,0.00044179,0.94866,32.4294,0.03973,0.0041446,467.018,3.1899,3.065,2.4775e-05,Heun
0,3.3443,0.79451,-0.80515,0.034434,0.0011835,0.00093615,0.00024733,0.94907,32.0139,0.015003,0.0015865,467.018,2.1006,3.0119,4.3992e-05,Heun
0,2.7743,0.51378,-0.74322,0.017458,0.0012792,0.00083375,0.00044547,0.92368,20.7004,0.0086405,0.0014125,467.018,0.62996,2.8878,4.2121e-05,Heun
0,2.6453,0.72438,-0.59832,0.074645,0.00013832,3.0339e-05,0.00010798,0.94515,29.2188,0.00044329,5.1363e-05,467.018,0.13511,2.6637,9.6548e-05,Heun
0,4.4105,0.33695,-0.51593,0.015404,0.00050393,5.1017e-05,0.00045291,0.88893,13.5863,0.00034674,8.6372e-05,467.018,0.023181,2.4907,6.6238e-05,Heun
0,4.3475,0.76484,-0.70787,0.078086,0.00022349,0.00011843,0.00010507,0.94784,30.848,0.001827,0.00020054,467.018,0.58097,2.8483,3.2514e-05,Heun
0,2.9909,0.22547,-0.8767,0.03826,0.002274,0.0021099,0.00016414,0.84171,9.075,0.0095954,0.0035794,467.018,1.6832,3.072,1.9938e-05,Heun
0,2.111,0.42154,-0.56452,0.011888,0.00074474,0.00012342,0.00062132,0.90899,16.9929,0.0010494,0.0002089,467.018,0.052926,2.5817,7.3699e-05,Heun
0,3.2013,0.23694,-0.87792,0.034011,0.0025999,0.0024104,0.00018942,0.84796,9.5336,0.01152,0.0040901,467.018,1.7829,3.0762,3.6406e-05,Heun
0,146.4421,0.27771,-1.3847,0.063531,0.41267,0.41041,0.0022613,0.589,6.5799,2.2989,1.4707,467.018,1189.846,4.1478,2.217e-06,Heun
0,93.3471,0.85877,-1.2912,0.067934,0.18701,0.18227,0.0047345,0.82716,28.1655,3.1573,0.41389,467.018,1091.4174,4.0308,2.1322e-07,Heun
0,2.6557,0.75586,-0.62356,0.049201,0.00022825,6.3644e-05,0.00016461,0.94725,30.4859,0.00097034,0.00010776,467.018,0.19452,2.7077,6.3372e-05,Heun
0,3.8371,0.45368,-0.96413,0.0598,0.0042926,0.0041375,0.0001551,0.91262,18.2237,0.037862,0.0070405,467.018,9.5838,3.2503,6.0902e-05,Heun
0,7.8858,0.96018,-0.63963,0.075356,0.00016114,5.1079e-05,0.00011006,0.95802,38.729,0.00098928,8.6489e-05,467.018,0.30035,2.7461,6.3033e-05,Heun
3,55.3724,0.22756,-1.2115,0.012443,0.99847,0.42256,0.57591,0.0020647,0.01406,1.9396,0,467.018,78.4225,3.6191,0.12614,Euler
0,3.5414,0.551,-0.90294,0.031108,0.0039086,0.00363,0.00027861,0.92674,22.1413,0.040344,0.0061668,467.018,5.2247,3.1571,4.1539e-05,Heun
0,3.6507,0.50525,-0.8331,0.011798,0.0045841,0.0039055,0.00067856,0.9204,20.2891,0.039802,0.0066309,467.018,1.9658,3.0364,2.5395e-05,Heun
0,61.018,0.81241,-1.3712,0.022994,0.73334,0.71856,0.014779,0.35757,8.7397,11.7751,3.3825,467.018,2188.6207,4.3596,8.5152e-05,Euler
0,3.579,0.83616,-0.84676,0.062346,0.0010246,0.00088212,0.00014244,0.95155,33.6976,0.014878,0.0014953,467.018,3.7635,3.0838,4.6244e-05,Heun
0,38.0175,0.3495,-1.0738,0.062465,0.016224,0.015973,0.00025098,0.88268,13.8706,0.11261,0.027581,467.018,30.8615,3.4242,9.815e-05,Heun
0,92.2858,0.59181,-1.3554,0.074168,0.306,0.29854,0.00746,0.72326,16.5691,3.5638,0.86469,467.018,1674.8203,4.2303,2.6477e-06,Heun
0,4.5043,0.55647,-0.95939,0.052016,0.0046649,0.0044753,0.0001896,0.9269,22.3442,0.050233,0.0076154,467.018,10.8854,3.2524,9.4101e-05,Heun
3,90.8229,0.71705,-1.2267,0.013635,0.54329,0.46093,0.082361,0.58482,13.2114,6.6666,0,467.018,316.2689,3.7521,0.050275,Euler
0,81.6085,0.76749,-1.2892,0.077539,0.16324,0.15984,0.0034019,0.83879,25.9077,2.4745,0.35342,467.018,964.8797,3.9979,4.4739e-06,Heun
0,65.7514,0.80375,-1.2151,0.068361,0.082812,0.081449,0.0013624,0.89593,29.7395,1.3205,0.15461,467.018,399.9479,3.7688,4.5344e-07,Heun
0,139.1715,0.42082,-1.2681,0.029779,0.30481,0.30261,0.0022019,0.70249,11.8019,2.5687,0.70187,467.018,400.2819,3.8219,3.5237e-06,Heun
0,89.6736,0.74376,-1.2298,0.049108,0.13396,0.13196,0.0019965,0.85756,25.9853,1.9798,0.26023,467.018,441.4214,3.7967,4.7388e-07,Heun
0,71.8382,0.72408,-1.3616,0.082192,0.26997,0.25509,0.014878,0.76169,21.3246,3.7257,0.84488,467.018,2216.2165,4.356,1.5877e-05,Heun
0,3.3978,0.33009,-0.82832,0.062009,0.00081563,0.00070024,0.00011539,0.8867,13.3055,0.0046623,0.0011864,467.018,1.2584,3.0086,4.5998e-05,Heun
0,26.7971,0.2952,-1.1463,0.071256,0.034915,0.034644,0.00027029,0.85386,11.493,0.20629,0.061348,467.018,67.0739,3.5436,4.4068e-05,Heun
0,4.4316,0.59869,-0.91526,0.040828,0.0034635,0.0032401,0.00022334,0.93228,24.0686,0.039128,0.0055046,467.018,6.6141,3.1818,6.4795e-05,Heun
0,5.1568,0.9678,-0.77435,0.04363,0.00069411,0.00049765,0.00019646,0.95799,39.0155,0.0097147,0.00084302,467.018,1.7076,2.9704,2.087e-05,Heun
0,4.7304,0.47231,-0.9508,0.050387,0.0043415,0.0041611,0.0001804,0.91566,18.9711,0.039643,0.0070402,467.018,8.378,3.2298,4.9944e-05,Heun
0,4.1778,0.66821,-0.91778,0.028515,0.0051174,0.0047882,0.00032914,0.93763,26.819,0.064538,0.0081404,467.018,7.5687,3.1914,5.03e-05,Heun
0,7.376,0.37905,-0.99934,0.06451,0.0061602,0.0060126,0.00014758,0.89646,15.1973,0.045971,0.010258,467.018,12.7878,3.301,2.9453e-05,Heun
0,133.6186,0.80101,-1.2885,0.046125,0.2567,0.25171,0.0049838,0.77366,24.0193,4.067,0.58832,467.018,960.3778,3.996,1.0683e-05,Heun
0,4.8148,0.40408,-0.95868,0.056844,0.0042128,0.0040595,0.00015337,0.90327,16.2325,0.033087,0.0069054,467.018,8.0413,3.2355,4.0391e-05,Heun
0,2.8936,0.60477,-0.6323,0.031414,0.00036258,0.00011152,0.00025107,0.93488,24.3885,0.0013604,0.00018883,467.018,0.17641,2.7114,6.3954e-05,Heun
0,2.8847,0.75926,-0.61347,0.018738,0.00057928,0.00014677,0.00043251,0.94725,30.6122,0.0022477,0.00024855,467.018,0.17157,2.6911,6.3266e-05,Heun
0,40.6525,0.91272,-1.1567,0.044001,0.064071,0.062898,0.0011733,0.91396,34.4617,1.158,0.11357,467.018,214.7926,3.6425,9.4524e-07,Heun
0,77.2387,0.96743,-1.2124,0.035518,0.14911,0.14626,0.0028486,0.85826,33.2086,2.8541,0.28755,467.018,450.4839,3.782,9.7016e-07,Heun
0,4.1569,0.63777,-0.89152,0.067442,0.0015799,0.0014479,0.00013201,0.93725,25.6882,0.018627,0.0024564,467.018,5.176,3.1452,4.1607e-05,Heun
0,3.2903,0.3109,-0.82372,0.066856,0.0007171,0.00061223,0.00010487,0.88063,12.5333,0.0038394,0.0010372,467.018,1.125,2.9982,5.9186e-05,Heun
0,31.7541,0.31944,-1.0247,0.058472,0.0093186,0.0091545,0.00016413,0.8781,12.7665,0.058985,0.01567,467.018,15.1859,3.3356,7.0414e-05,Heun
0,55.3188,0.40601,-1.2146,0.018346,0.27426,0.27226,0.0019972,0.72186,11.8869,2.2297,0.57293,467.018,197.307,3.6927,2.7832e-05,Heun
0,3.5023,0.87257,-0.54686,0.00995,0.00093983,0.00011747,0.00082236,0.95351,35.1681,0.0020675,0.00019895,467.018,0.08323,2.5873,6.2675e-05,Heun
0,189.55,0.40343,-1.3261,0.050321,0.3279,0.32537,0.0025346,0.68249,10.9383,2.6477,0.87491,467.018,804.3747,3.9943,3.4064e-06,Heun
0,141.8292,0.85143,-1.3049,0.030895,0.41091,0.40282,0.0080897,0.65713,20.2342,6.918,1.0843,467.018,1175.8675,4.0646,4.2119e-05,Heun
0,148.5261,0.39482,-1.2722,0.078789,0.13546,0.13439,0.0010665,0.81636,13.7702,1.0703,0.27936,467.018,423.2268,3.8333,1.7371e-06,Heun
0,70.4495,0.94341,-1.2502,0.081901,0.10428,0.10189,0.0023912,0.88817,34.09,1.9389,0.20265,467.018,726.1877,3.8979,1.7179e-06,Heun
0,4.3413,0.47999,-0.84114,0.02983,0.0019818,0.0017145,0.00026729,0.91834,19.3252,0.0166,0.0029075,467.018,2.0806,3.0474,2.6436e-05,Heun
0,4.0288,0.35728,-0.88366,0.068395,0.0014025,0.0012912,0.00011137,0.89401,14.3929,0.0093048,0.0021896,467.018,2.7484,3.1043,2.5204e-05,Heun
0,186.523,0.40087,-1.3531,0.075542,0.29553,0.29269,0.00284,0.70574,11.3925,2.3666,0.82436,467.018,1145.9354,4.1058,4.6225e-06,Heun
0,3.0528,0.69284,-0.56192,0.053148,0.00017711,2.6693e-05,0.00015042,0.94277,27.9453,0.00037304,4.5195e-05,467.018,0.081163,2.6011,6.3178e-05,Heun
0,3.258,0.57863,-0.7442,0.074635,0.00030411,0.00019757,0.00010654,0.93218,23.3359,0.002306,0.00033458,467.018,0.71261,2.8951,1.7185e-05,Heun
0,3.2765,0.48133,-0.73594,0.079113,0.00026466,0.00016762,9.7038e-05,0.91964,19.4125,0.0016274,0.00028386,467.018,0.54039,2.8726,4.4317e-05,Heun
0,38.9718,0.86466,-1.3429,0.04952,0.37609,0.35913,0.01696,0.68717,21.7632,6.2636,1.1032,467.018,1972.3388,4.284,4.094e-05,Heun
0,3.0245,0.66821,-0.6256,0.062962,0.0001783,5.1215e-05,0.00012709,0.94079,26.952,0.00069029,8.6448e-05,467.018,0.17775,2.7051,6.8701e-05,Heun
0,2.6753,0.63978,-0.55904,0.05159,0.00018001,2.6531e-05,0.00015348,0.93833,25.8052,0.00034238,4.4866e-05,467.018,0.072565,2.5924,6.3332e-05,Heun
0,3.184,0.93375,-0.51404,0.010273,0.00087604,7.4644e-05,0.00080139,0.95642,37.6363,0.0014059,0.00012642,467.018,0.058255,2.5362,6.251e-05,Heun
0,3.2996,0.42867,-0.62696,0.041823,0.00025582,7.8226e-05,0.00017759,0.91067,17.2889,0.00067639,0.00013242,467.018,0.11986,2.6862,6.4564e-05,Heun
0,3.2071,0.80576,-0.693,0.056806,0.00027922,0.00013448,0.00014474,0.95032,32.4967,0.0021858,0.00022771,467.018,0.50425,2.8261,4.4916e-05,Heun
0,4.5042,0.80298,-0.93796,0.047424,0.0039497,0.0037309,0.00021872,0.94779,32.2658,0.06043,0.0063432,467.018,11.674,3.2347,3.9522e-05,Heun
0,122.7932,0.50436,-1.2402,0.036257,0.19621,0.19437,0.0018391,0.79279,16.3544,1.9774,0.40244,467.018,343.1274,3.775,7.3674e-06,Heun
0,8.4935,0.65426,-1.0413,0.078618,0.0086116,0.0084209,0.00019069,0.9342,26.1666,0.11113,0.014424,467.018,36.2075,3.4009,3.5027e-05,Heun
0,135.5607,0.26068,-1.2795,0.070548,0.16176,0.16094,0.0008169,0.75935,8.8153,0.84628,0.34266,467.018,319.9094,3.8061,3.101e-06,Heun
0,207.4323,0.24316,-1.3722,0.072015,0.34526,0.34364,0.0016205,0.62562,6.4227,1.6855,1.1047,467.018,931.0404,4.0724,2.1105e-06,Heun
0,3.0332,0.62464,-0.55477,0.036273,0.00025353,3.5681e-05,0.00021785,0.93688,25.1926,0.00044956,6.0411e-05,467.018,0.067171,2.5842,6.3367e-05,Heun
0,48.4101,0.82333,-1.1288,0.052822,0.038144,0.037472,0.00067211,0.92668,31.9478,0.62231,0.066101,467.018,137.2221,3.5765,4.8641e-05,Heun
0,35.7433,0.94721,-1.134,0.073775,0.029317,0.028739,0.00057811,0.93847,37.0918,0.54908,0.050594,467.018,168.1705,3.5982,1.3717e-06,Heun
0,12.9726,0.30392,-1.1004,0.078346,0.018001,0.017822,0.000179,0.86753,12.0402,0.10926,0.030918,467.018,38.3229,3.4633,8.3588e-05,Heun
0,9.9477,0.65506,-0.97964,0.058468,0.005347,0.0051569,0.0001901,0.93636,26.2849,0.068139,0.0087878,467.018,16.4418,3.2949,8.3962e-05,Heun
0,3.8232,0.57551,-0.81662,0.023842,0.0019078,0.0015661,0.00034171,0.93082,23.1729,0.01818,0.0026551,467.018,1.7965,3.0153,1.7227e-05,Heun
0,178.1851,0.20952,-1.3773,0.057372,0.41836,0.41685,0.0015084,0.55762,4.9163,1.7617,1.4805,467.018,853.6723,4.0581,3.8229e-06,Heun
0,2.9887,0.4697,-0.64201,0.013737,0.00083878,0.00028886,0.00054992,0.91745,18.9326,0.0027367,0.00048919,467.018,0.15809,2.7155,6.4638e-05,Heun
0,3.9141,0.32975,-0.89687,0.038838,0.0028844,0.0026913,0.00019312,0.88531,13.2642,0.017901,0.0045691,467.018,3.0308,3.1226,2.5008e-05,Heun
0,3.5553,0.83543,-0.63131,0.058353,0.00019974,5.9279e-05,0.00014046,0.95204,33.6959,0.00099892,0.00010037,467.018,0.23631,2.7254,7.5915e-05,Heun
0,30.7688,0.44897,-1.0869,0.078363,0.015261,0.015052,0.00020875,0.90486,17.8359,0.13631,0.026007,467.018,45.7934,3.4605,7.0169e-05,Heun
0,13.4179,0.62283,-0.99858,0.069155,0.0057242,0.0055543,0.00016997,0.93321,24.9821,0.069778,0.0094759,467.018,19.9976,3.3246,7.9751e-05,Heun
0,102.1292,0.33252,-1.3512,0.044674,0.44143,0.43895,0.0024816,0.58141,7.4929,2.9441,1.3462,467.018,892.2831,4.0417,1.855e-05,Euler
0,81.7608,0.68159,-1.2406,0.06509,0.11565,0.11403,0.0016206,0.86575,24.3165,1.5676,0.22546,467.018,469.8624,3.8162,2.7179e-07,Heun
0,2.9702,0.41038,-0.80347,0.039612,0.00098696,0.00079657,0.00019039,0.90661,16.539,0.0065937,0.0013497,467.018,1.1118,2.9773,4.8924e-05,Heun
0,60.8647,0.72326,-1.1023,0.081217,0.017923,0.017611,0.00031122,0.93359,28.6548,0.25693,0.03056,467.018,86.8416,3.5167,4.339e-05,Heun
0,3.9389,0.75137,-0.59136,0.082431,0.0001232,2.5121e-05,9.8077e-05,0.94702,30.3079,0.00038074,4.2533e-05,467.018,0.12791,2.6539,6.3135e-05,Heun
0,117.3143,0.79852,-1.2937,0.073144,0.17836,0.17428,0.0040792,0.83014,26.4681,2.8071,0.39662,467.018,1054.4134,4.0243,2.4652e-06,Heun
0,3.5119,0.56043,-0.51042,0.0375,0.00022683,1.9529e-05,0.0002073,0.93019,22.6038,0.00022077,3.3059e-05,467.018,0.03434,2.5054,6.3483e-05,Heun
0,3.5282,0.26706,-0.91402,0.042439,0.0032344,0.0030687,0.00016566,0.86222,10.7387,0.01653,0.0052115,467.018,3.1401,3.1416,4.671e-05,Heun
0,3.3126,0.38318,-0.76377,0.026835,0.00097972,0.00070638,0.00027334,0.90068,15.4431,0.0054597,0.0011965,467.018,0.62757,2.9081,4.8208e-05,Heun
0,2.6375,0.93067,-0.50046,0.067165,0.00013199,9.5924e-06,0.0001224,0.95677,37.5399,0.00018007,1.6239e-05,467.018,0.048785,2.5135,6.2505e-05,Heun
0,28.6866,0.3219,-1.1409,0.074546,0.031284,0.031021,0.00026374,0.86516,12.5799,0.20142,0.054722,467.018,67.6163,3.5388,4.3796e-05,Heun
0,6.1546,0.86065,-1.0269,0.076862,0.0073762,0.0071709,0.00020532,0.94874,34.4642,0.12449,0.012272,467.018,39.0588,3.391,4.1791e-05,Heun
0,6.2211,0.63067,-0.98164,0.050205,0.0063799,0.0061601,0.0002198,0.93352,25.2802,0.078364,0.010501,467.018,16.2753,3.2963,2.2033e-05,Heun
0,4.4802,0.99691,-0.71244,0.053248,0.00034237,0.00018414,0.00015823,0.95938,40.2033,0.0037028,0.00031184,467.018,0.79322,2.8689,3.9551e-05,Heun
0,2.4812,0.26254,-0.66362,0.019499,0.00059647,0.00026865,0.00032782,0.86182,10.585,0.0014227,0.00045485,467.018,0.12418,2.7246,5.4629e-05,Heun
0,201.7952,0.55414,-1.3098,0.075812,0.20363,0.2009,0.0027327,0.79337,17.8029,2.2455,0.47082,467.018,913.0403,4.0055,1.4791e-05,Heun
0,58.5169,0.28532,-1.2397,0.042113,0.17127,0.17032,0.00094995,0.76235,9.539,0.98024,0.34442,467.018,206.8904,3.722,5.4957e-06,Heun
0,22.9606,0.96952,-1.0763,0.023759,0.043776,0.042767,0.0010086,0.92988,37.3999,0.83636,0.074878,467.018,81.5664,3.4865,9.9074e-05,Heun
0,116.0278,0.20371,-1.349,0.075807,0.28016,0.2791,0.0010614,0.65151,5.9156,1.1468,0.77868,467.018,610.9841,3.9654,8.191e-07,Heun
0,5.0635,0.81993,-0.9303,0.065527,0.0026051,0.0024491,0.00015597,0.94963,32.9912,0.040505,0.0041607,467.018,10.7973,3.2228,4.9227e-05,Heun
0,2.0958,0.85384,-1.0977,0.07452,0,0,0,-8.0711,34.4455,0,0,467.018,-11.3943,1.4823,4.6863e-05,Heun
0,121.5073,0.89496,-1.2419,0.029705,0.23987,0.23566,0.0042102,0.79034,27.4439,4.2541,0.50231,467.018,590.6323,3.8527,2.1132e-06,Heun
0,51.2929,0.26755,-1.2119,0.058825,0.092178,0.091648,0.00053033,0.80693,9.7985,0.49459,0.17265,467.018,140.5841,3.6616,2.753e-05,Heun
0,3.1288,0.51983,-0.58536,0.058154,0.00016506,3.2965e-05,0.0001321,0.92519,20.9673,0.00034565,5.5817e-05,467.018,0.083858,2.6262,7.2922e-05,Heun
0,3.3478,0.4079,-0.79215,0.017544,0.0019813,0.0015542,0.00042712,0.90547,16.4227,0.012787,0.0026348,467.018,0.95576,2.9582,3.9995e-05,Heun
0,5.4388,0.84005,-0.97838,0.038882,0.0079328,0.0076215,0.00031136,0.94729,33.6205,0.12914,0.013002,467.018,20.4539,3.3056,7.7765e-05,Heun
0,4.0988,0.54513,-0.57908,0.02898,0.00032804,6.1033e-05,0.00026701,0.92831,21.9843,0.0006711,0.00010333,467.018,0.080838,2.618,7.7824e-05,Heun
0,35.8316,0.92852,-1.3064,0.062084,0.23626,0.22784,0.0084115,0.79454,28.6084,4.2673,0.55028,467.018,1402.2569,4.1192,9.2934e-06,Heun
0,2.9465,0.34548,-0.72901,0.029587,0.00064907,0.00041001,0.00023906,0.89128,13.9281,0.0028572,0.00069434,467.018,0.36596,2.8456,7.163e-05,Heun
0,3.2778,0.41104,-0.73736,0.075548,0.000277,0.00017878,9.8222e-05,0.90719,16.5776,0.0014822,0.00030271,467.018,0.4764,2.8675,2.8014e-05,Heun
0,3.6013,0.31643,-0.89432,0.070327,0.0015447,0.0014397,0.000105,0.88195,12.7457,0.0091893,0.0024421,467.018,2.8293,3.1165,2.5124e-05,Heun
0,61.5598,0.30885,-1.2342,0.037585,0.17955,0.17848,0.0010688,0.76464,10.2227,1.1119,0.35973,467.018,206.0582,3.7162,6.5778e-06,Heun
0,5.882,0.89543,-0.86251,0.045676,0.0016735,0.0014734,0.00020016,0.95415,36.0629,0.026611,0.0024987,467.018,4.9174,3.1135,2.3397e-05,Heun
0,30.7729,0.66376,-1.1301,0.060444,0.033842,0.033339,0.00050293,0.91867,25.8712,0.44636,0.058688,467.018,113.8781,3.5637,5.1198e-05,Heun
0,128.0159,0.63989,-1.2793,0.070911,0.16137,0.15905,0.0023274,0.83104,21.6485,2.0528,0.34015,467.018,716.2716,3.9244,7.557e-07,Heun
0,50.8503,0.31596,-1.2087,0.054056,0.096337,0.095696,0.00064028,0.82184,11.5186,0.6099,0.18011,467.018,155.5505,3.6664,2.8918e-05,Heun
0,2.5863,0.88242,-0.59455,0.051439,0.00020156,4.1943e-05,0.00015962,0.95447,35.5914,0.00074655,7.1012e-05,467.018,0.15527,2.6671,5.435e-05,Heun
0,100.5342,0.69764,-1.3357,0.032786,0.49547,0.48769,0.0077872,0.58008,14.1995,6.8628,1.5182,467.018,1388.9784,4.1454,2.8982e-05,Heun
0,54.9262,0.48076,-1.1818,0.042565,0.088573,0.087691,0.00088276,0.86246,17.6769,0.85037,0.16191,467.018,161.0233,3.6423,4.433e-05,Heun
0,176.9242,0.6106,-1.3516,0.061868,0.33973,0.33212,0.0076134,0.69863,16.2641,4.0905,0.98723,467.018,1620.8778,4.2143,4.9559e-07,Heun
0,10.0966,0.52145,-1.0025,0.074664,0.0055563,0.0054073,0.00014899,0.92198,20.9192,0.056874,0.0092245,467.018,17.814,3.3221,2.0827e-05,Heun
0,175.9964,0.26077,-1.388,0.062398,0.42654,0.4244,0.0021332,0.57265,6.0329,2.2324,1.5628,467.018,1171.0959,4.1467,2.5119e-06,Heun
0,9.2429,0.39193,-0.59253,0.0097293,0.00096242,0.00021597,0.00074645,0.90268,15.7961,0.0017074,0.0003658,467.018,0.070994,2.6248,6.4433e-05,Heun
0,60.1244,0.29866,-1.223,0.058942,0.10456,0.10391,0.00064565,0.81084,10.7885,0.62599,0.19861,467.018,177.5547,3.6918,1.0461e-05,Heun
0,170.5386,0.34713,-1.316,0.041221,0.35453,0.35241,0.0021182,0.65179,9.039,2.4675,0.93727,467.018,610.7813,3.9324,5.7816e-06,Heun
0,24.17,0.39196,-1.1234,0.04117,0.045221,0.044756,0.00046507,0.87468,15.0974,0.35385,0.079071,467.018,64.0525,3.5177,2.9038e-05,Heun
