Error,time,CO2share,E_appl,v,X_tot,X_het,X_hom,FE,CO2_out,CO_out,H2_out,delP,CD,Vcell,maxRes,Solver
0,6.7467,0.9307,-0.773,0.034819,0.00085791,0.00061281,0.0002451,0.9563,37.5139,0.011504,0.0010381,467.018,1.6164,2.9662,3.9019e-05,Heun
0,4.3065,0.63751,-0.50998,0.081305,0.00010618,8.9563e-06,9.7221e-05,0.93817,25.7154,0.00011517,1.5161e-05,467.018,0.038515,2.5108,8.7622e-05,Heun
0,3.9013,0.97647,-0.50904,0.058967,0.00015225,1.2201e-05,0.00014004,0.9587,39.3867,0.00024031,2.0654e-05,467.018,0.057039,2.5301,6.2433e-05,Heun
3,25.2822,0.31351,-1.1949,0.0097776,0.045324,0.0078365,0.037487,3.0856,12.0743,0.049556,0,467.018,36.4129,3.5549,2.2392,Euler
0,2.8204,0.96759,-0.63934,0.025676,0.0004692,0.00014934,0.00031986,0.95813,39.0162,0.0029148,0.00025289,467.018,0.30142,2.746,6.3011e-05,Heun
0,4.5135,0.94719,-0.80023,0.027672,0.0014073,0.0010936,0.00031368,0.95666,38.1578,0.020894,0.0018532,467.018,2.3316,3.0124,3.9055e-05,Heun
0,2.9029,0.51378,-0.74322,0.017458,0.0012792,0.00083375,0.00044547,0.92368,20.7004,0.0086405,0.0014125,467.018,0.62996,2.8878,4.2121e-05,Heun
0,2.8596,0.22547,-0.8767,0.03826,0.002274,0.0021099,0.00016414,0.84171,9.075,0.0095954,0.0035794,467.018,1.6832,3.072,1.9938e-05,Heun
0,94.4259,0.85877,-1.2912,0.067934,0.18701,0.18227,0.0047345,0.82716,28.1655,3.1573,0.41389,467.018,1091.4174,4.0308,2.1322e-07,Heun
3,55.3876,0.22756,-1.2115,0.012443,0.99847,0.42256,0.57591,0.0020647,0.01406,1.9396,0,467.018,78.4225,3.6191,0.12614,Euler
0,3.625,0.83616,-0.84676,0.062346,0.0010246,0.00088212,0.00014244,0.95155,33.6976,0.014878,0.0014953,467.018,3.7635,3.0838,4.6244e-05,Heun
3,91.309,0.71705,-1.2267,0.013635,0.54329,0.46093,0.082361,0.58482,13.2114,6.6666,0,467.018,316.2689,3.7521,0.050275,Euler
0,77.3304,0.74376,-1.2298,0.049108,0.13396,0.13196,0.0019965,0.85756,25.9853,1.9798,0.26023,467.018,441.4214,3.7967,4.7388e-07,Heun
0,3.6543,0.59869,-0.91526,0.040828,0.0034635,0.0032401,0.00022334,0.93228,24.0686,0.039128,0.0055046,467.018,6.6141,3.1818,6.4795e-05,Heun
0,5.8137,0.37905,-0.99934,0.06451,0.0061602,0.0060126,0.00014758,0.89646,15.1973,0.045971,0.010258,467.018,12.7878,3.301,2.9453e-05,Heun
0,2.2203,0.75926,-0.61347,0.018738,0.00057928,0.00014677,0.00043251,0.94725,30.6122,0.0022477,0.00024855,467.018,0.17157,2.6911,6.3266e-05,Heun
0,2.8851,0.3109,-0.82372,0.066856,0.0007171,0.00061223,0.00010487,0.88063,12.5333,0.0038394,0.0010372,467.018,1.125,2.9982,5.9186e-05,Heun
0,164.6465,0.40343,-1.3261,0.050321,0.3279,0.32537,0.0025346,0.68249,10.9383,2.6477,0.87491,467.018,804.3747,3.9943,3.4064e-06,Heun
0,3.3464,0.47999,-0.84114,0.02983,0.0019818,0.0017145,0.00026729,0.91834,19.3252,0.0166,0.0029075,467.018,2.0806,3.0474,2.6436e-05,Heun
0,2.486,0.57863,-0.7442,0.074635,0.00030411,0.00019757,0.00010654,0.93218,23.3359,0.002306,0.00033458,467.018,0.71261,2.8951,1.7185e-05,Heun
0,2.0607,0.63978,-0.55904,0.05159,0.00018001,2.6531e-05,0.00015348,0.93833,25.8052,0.00034238,4.4866e-05,467.018,0.072565,2.5924,6.3332e-05,Heun
0,3.7594,0.80298,-0.93796,0.047424,0.0039497,0.0037309,0.00021872,0.94779,32.2658,0.06043,0.0063432,467.018,11.674,3.2347,3.9522e-05,Heun
0,177.9519,0.24316,-1.3722,0.072015,0.34526,0.34364,0.0016205,0.62562,6.4227,1.6855,1.1047,467.018,931.0404,4.0724,2.1105e-06,Heun
0,11.2513,0.30392,-1.1004,0.078346,0.018001,0.017822,0.000179,0.86753,12.0402,0.10926,0.030918,467.018,38.3229,3.4633,8.3588e-05,Heun
0,2.3846,0.4697,-0.64201,0.013737,0.00083878,0.00028886,0.00054992,0.91745,18.9326,0.0027367,0.00048919,467.018,0.15809,2.7155,6.4638e-05,Heun
0,11.8245,0.62283,-0.99858,0.069155,0.0057242,0.0055543,0.00016997,0.93321,24.9821,0.069778,0.0094759,467.018,19.9976,3.3246,7.9751e-05,Heun
0,52.5163,0.72326,-1.1023,0.081217,0.017923,0.017611,0.00031122,0.93359,28.6548,0.25693,0.03056,467.018,86.8416,3.5167,4.339e-05,Heun
0,2.9195,0.26706,-0.91402,0.042439,0.0032344,0.0030687,0.00016566,0.86222,10.7387,0.01653,0.0052115,467.018,3.1401,3.1416,4.671e-05,Heun
0,4.9144,0.86065,-1.0269,0.076862,0.0073762,0.0071709,0.00020532,0.94874,34.4642,0.12449,0.012272,467.018,39.0588,3.391,4.1791e-05,Heun
0,172.9901,0.55414,-1.3098,0.075812,0.20363,0.2009,0.0027327,0.79337,17.8029,2.2455,0.47082,467.018,913.0403,4.0055,1.4791e-05,Heun
0,3.8881,0.81993,-0.9303,0.065527,0.0026051,0.0024491,0.00015597,0.94963,32.9912,0.040505,0.0041607,467.018,10.7973,3.2228,4.9227e-05,Heun
0,2.4622,0.51983,-0.58536,0.058154,0.00016506,3.2965e-05,0.0001321,0.92519,20.9673,0.00034565,5.5817e-05,467.018,0.083858,2.6262,7.2922e-05,Heun
0,30.3769,0.92852,-1.3064,0.062084,0.23626,0.22784,0.0084115,0.79454,28.6084,4.2673,0.55028,467.018,1402.2569,4.1192,9.2934e-06,Heun
0,51.1594,0.30885,-1.2342,0.037585,0.17955,0.17848,0.0010688,0.76464,10.2227,1.1119,0.35973,467.018,206.0582,3.7162,6.5778e-06,Heun
0,41.0368,0.31596,-1.2087,0.054056,0.096337,0.095696,0.00064028,0.82184,11.5186,0.6099,0.18011,467.018,155.5505,3.6664,2.8918e-05,Heun
0,164.6363,0.6106,-1.3516,0.061868,0.33973,0.33212,0.0076134,0.69863,16.2641,4.0905,0.98723,467.018,1620.8778,4.2143,4.9559e-07,Heun
0,58.7698,0.29866,-1.223,0.058942,0.10456,0.10391,0.00064565,0.81084,10.7885,0.62599,0.19861,467.018,177.5547,3.6918,1.0461e-05,Heun
0,135.5202,0.23972,-1.3085,0.069434,0.21596,0.21498,0.00097763,0.71383,7.5824,1.0395,0.50553,467.018,425.0264,3.8702,1.2168e-06,Heun
0,49.9269,0.5914,-1.3442,0.03651,0.47297,0.46699,0.0059826,0.59052,12.574,5.5707,1.5051,467.018,1347.0446,4.1442,6.9669e-05,Euler
0,2.99,0.28896,-0.71472,0.038193,0.00043558,0.0002644,0.00017117,0.87292,11.6522,0.0015411,0.00044767,467.018,0.26018,2.8138,3.0407e-05,Heun
0,2.9638,0.52313,-0.70048,0.062509,0.00025869,0.00013454,0.00012415,0.92557,21.0985,0.0014197,0.00022783,467.018,0.37006,2.8177,2.5024e-05,Heun
0,3.5506,0.96491,-0.65677,0.012868,0.0010195,0.00037265,0.00064682,0.95766,38.8864,0.007253,0.00063122,467.018,0.37599,2.7748,9.1205e-05,Heun
0,90.741,0.48253,-1.3907,0.030963,0.66574,0.65976,0.0059807,0.41059,6.5067,6.4215,3.2586,467.018,1822.6412,4.2986,1.7775e-05,Heun
0,4.1703,0.33519,-0.92651,0.019322,0.0082852,0.0078894,0.0003958,0.88358,13.4102,0.053341,0.013439,467.018,4.4925,3.1728,2.446e-05,Heun
0,31.7218,0.56074,-1.1408,0.051146,0.045393,0.044821,0.00057212,0.90114,21.5944,0.50695,0.07964,467.018,111.2701,3.5727,1.2541e-05,Heun
0,75.5446,0.35116,-1.3446,0.033134,0.51155,0.50879,0.0027565,0.52715,6.9197,3.6039,1.6671,467.018,834.8056,4.0205,1.2612e-05,Euler
0,2.9533,0.70049,-0.73287,0.074914,0.00027811,0.00017017,0.00010794,0.9433,28.2514,0.0024044,0.00028818,467.018,0.73705,2.8855,5.0234e-05,Heun
0,4.7895,0.82057,-0.96329,0.037923,0.0067433,0.006445,0.00029836,0.94699,32.88,0.10667,0.010983,467.018,16.4851,3.2787,8.4855e-05,Heun
0,182.747,0.44508,-1.3538,0.078167,0.29129,0.28784,0.0034482,0.71702,12.7251,2.5842,0.80357,467.018,1270.7455,4.136,4.3884e-07,Heun
0,3.0494,0.83587,-0.55129,0.052835,0.00017789,2.3425e-05,0.00015447,0.95208,33.7143,0.00039496,3.9662e-05,467.018,0.084591,2.5926,7.2219e-05,Heun
0,179.5058,0.62626,-1.3007,0.048225,0.27759,0.27377,0.0038265,0.74673,18.2512,3.4583,0.65834,467.018,884.5819,3.9893,1.8482e-06,Heun
0,3.0557,0.64013,-0.81157,0.080787,0.00053596,0.0004335,0.00010245,0.93813,25.81,0.0055973,0.00073433,467.018,1.8606,3.012,2.8548e-05,Heun
0,50.5724,0.441,-1.1887,0.03435,0.11754,0.11648,0.0010531,0.83694,15.6995,1.0362,0.21921,467.018,161.0154,3.6492,3.8917e-05,Heun
0,163.7808,0.35581,-1.3224,0.050488,0.31929,0.3172,0.0020902,0.6794,9.771,2.2765,0.83106,467.018,687.88,3.9599,4.7517e-06,Heun
0,3.608,0.54856,-0.86185,0.063187,0.0011883,0.0010563,0.00013194,0.92818,22.1036,0.011688,0.001791,467.018,3.0722,3.0883,2.2319e-05,Heun
3,13.9318,0.34785,-1.322,0.0665,0.12872,0.030695,0.098026,7.4944,12.2267,0.21537,0,467.018,77.6427,3.7289,0.61695,Euler
0,3.4799,0.2889,-0.9034,0.079224,0.0015265,0.0014357,9.0792e-05,0.87222,11.6368,0.0083664,0.0024358,467.018,2.9349,3.1275,2.5045e-05,Heun
0,131.2842,0.40977,-1.2633,0.037578,0.23899,0.23722,0.0017697,0.74825,12.5802,1.9607,0.52296,467.018,376.6487,3.8094,1.8414e-06,Heun
0,35.5489,0.29393,-1.1864,0.025485,0.15069,0.14973,0.00095265,0.77904,10.071,0.88776,0.2869,467.018,107.7475,3.6159,4.2601e-05,Heun
0,102.8759,0.60629,-1.3056,0.014189,0.69575,0.6906,0.0051533,0.38503,7.4416,8.4455,2.3847,467.018,745.4606,3.9584,1.8064e-07,Heun
0,3.9529,0.22338,-0.85682,0.051205,0.0013431,0.0012225,0.00012057,0.84103,8.9993,0.0055082,0.0020718,467.018,1.294,3.0385,2.2778e-05,Heun
0,3.3181,0.66282,-0.71771,0.012532,0.0014946,0.0008509,0.00064366,0.93951,26.6994,0.011376,0.0014179,467.018,0.57562,2.8576,3.423e-05,Heun
0,3.3606,0.63744,-0.55962,0.040971,0.00022699,3.3621e-05,0.00019337,0.93809,25.7098,0.0004323,5.6917e-05,467.018,0.072857,2.5932,6.3341e-05,Heun
0,4.9187,0.69925,-0.96116,0.073123,0.0034036,0.0032577,0.00014598,0.9412,28.1129,0.045947,0.0055417,467.018,13.7978,3.2669,3.1095e-05,Heun
0,94.3238,0.99039,-1.3665,0.047108,0.43456,0.39313,0.041428,0.64229,22.5916,7.8536,1.5694,467.018,2964.3049,4.5211,4.9674e-05,Heun
0,4.3698,0.83695,-0.85113,0.065834,0.0010191,0.00088359,0.00013555,0.95159,33.7295,0.014917,0.0014978,467.018,3.9844,3.0911,3.2836e-05,Heun
0,3.5987,0.74378,-0.77321,0.046218,0.00064283,0.00046296,0.00017986,0.94618,29.9862,0.0069457,0.00078422,467.018,1.3094,2.9555,4.8891e-05,Heun
1,0.3713,0.72301,-1.393,0.052254,,,,,,,,,,,0,Heun
0,5.1199,0.92298,-0.92191,0.047107,0.0032775,0.0030585,0.00021904,0.95439,37.1125,0.056941,0.0051963,467.018,10.8506,3.2147,4.9239e-05,Heun
1,0.85234,0.35825,-1.2791,0.041381,,,,,,,,,,,0,Heun
0,86.1818,0.58394,-1.2234,0.071311,0.087409,0.086383,0.0010261,0.87604,21.498,1.0175,0.16494,467.018,329.0288,3.7533,4.2484e-07,Heun
0,46.0445,0.88755,-1.1741,0.035873,0.095604,0.093943,0.0016607,0.89164,32.3824,1.6818,0.17403,467.018,258.4575,3.6779,1.4591e-05,Heun
0,64.5605,0.39195,-1.234,0.038842,0.17277,0.17149,0.0012835,0.79062,13.0799,1.3558,0.34714,467.018,254.2843,3.7362,1.1061e-05,Heun
0,2.8415,0.33434,-0.76396,0.038437,0.00067799,0.0004944,0.00018359,0.88806,13.4788,0.0033342,0.00083729,467.018,0.55683,2.9022,2.394e-05,Heun
0,4.4161,0.57687,-0.83975,0.035367,0.0016547,0.0014209,0.0002338,0.93113,23.2335,0.016534,0.0024091,467.018,2.4235,3.0539,2.8962e-05,Heun
0,8.2588,0.25716,-1.0429,0.040538,0.016824,0.016598,0.00022578,0.84942,10.1996,0.086096,0.028558,467.018,15.8467,3.3561,5.8917e-05,Heun
0,5.0247,0.85404,-0.51545,0.017274,0.00051851,4.5208e-05,0.0004733,0.95283,34.4355,0.00077879,7.6551e-05,467.018,0.054478,2.5341,6.2668e-05,Heun
0,17.3947,0.61488,-1.0568,0.067214,0.012217,0.011979,0.00023782,0.92828,24.5021,0.14858,0.020593,467.018,41.6479,3.4247,4.4857e-05,Heun
0,18.0674,0.56304,-1.0843,0.024884,0.045856,0.04514,0.00071532,0.9011,21.6724,0.51266,0.079201,467.018,54.0345,3.468,2.4911e-05,Heun
0,3.3974,0.30654,-0.65082,0.028439,0.00039466,0.00015629,0.00023837,0.87934,12.3614,0.00096636,0.0002646,467.018,0.12059,2.7103,9.516e-05,Heun
0,5.9825,0.84269,-0.99267,0.075913,0.0048636,0.0046929,0.00017062,0.94942,33.8303,0.07977,0.0080013,467.018,24.6723,3.3304,4.5376e-05,Heun
0,3.486,0.53344,-0.73171,0.036534,0.00055747,0.00034384,0.00021362,0.92671,21.5079,0.0036997,0.00058216,467.018,0.5627,2.8705,2.007e-05,Heun
0,118.4558,0.54532,-1.378,0.041058,0.53261,0.52465,0.0079638,0.538,10.2822,5.7709,2.0878,467.018,1867.5831,4.2959,1.5573e-05,Heun
0,3.202,0.28497,-0.53876,0.040628,0.00018835,2.5953e-05,0.0001624,0.87152,11.4942,0.00014918,4.3908e-05,467.018,0.02682,2.521,6.4756e-05,Heun
0,3.0773,0.47159,-0.71249,0.059336,0.00029392,0.0001655,0.00012842,0.9181,19.0194,0.0015743,0.00028004,467.018,0.3924,2.8327,2.3708e-05,Heun
0,116.5967,0.79029,-1.3047,0.024691,0.48261,0.47539,0.0072185,0.59514,16.4953,7.5781,1.3534,467.018,1055.8619,4.0356,2.8573e-05,Heun
0,49.5986,0.95419,-1.3113,0.075153,0.21091,0.20123,0.009671,0.81365,30.3752,3.8731,0.48439,467.018,1549.1932,4.1578,6.6122e-05,Heun
0,3.7613,0.76088,-0.80061,0.053981,0.00071992,0.0005635,0.00015642,0.94727,30.6731,0.0086483,0.0009547,467.018,1.9023,3.0022,2.3774e-05,Heun
0,164.4535,0.73322,-1.2618,0.033276,0.26322,0.25947,0.0037561,0.76485,21.7935,3.8374,0.57878,467.018,625.5821,3.8823,3.9168e-06,Heun
3,107.5068,0.3369,-1.3671,0.010822,0.95597,0.95367,0.002299,0.066042,0.5984,6.4807,6.8172,467.018,769.568,4.0262,0.99876,Euler
0,4.9219,0.73534,-0.92746,0.033573,0.0048976,0.0046042,0.00029339,0.94286,29.5197,0.068292,0.0078294,467.018,9.3815,3.2125,8.7221e-05,Heun
0,11.0509,0.98531,-1.0264,0.049476,0.01139,0.011049,0.00034106,0.95175,39.2964,0.2196,0.018939,467.018,44.1022,3.3977,5.4679e-05,Heun
0,3.7229,0.50102,-0.56869,0.026446,0.00034703,5.852e-05,0.00028851,0.92249,20.2049,0.0005914,9.9083e-05,467.018,0.065424,2.5968,7.5443e-05,Heun
0,3.1148,0.29649,-0.57101,0.078508,0.00010559,2.0315e-05,8.5278e-05,0.87594,11.9596,0.0001215,3.4386e-05,467.018,0.042017,2.5763,6.4796e-05,Heun
0,47.2674,0.66639,-1.1681,0.035361,0.090148,0.088935,0.0012122,0.88169,24.4599,1.1954,0.16363,467.018,182.983,3.6395,2.1704e-05,Heun
0,3.6524,0.41222,-0.7094,0.060805,0.00027695,0.00015511,0.00012184,0.90743,16.6253,0.0012897,0.00026265,467.018,0.33354,2.8212,1.85e-05,Heun
0,7.6407,0.4751,-1.0229,0.02989,0.017819,0.017436,0.00038352,0.90752,18.8249,0.16709,0.029947,467.018,21.1665,3.352,2.3236e-05,Heun
0,3.5399,0.90372,-0.66691,0.051538,0.00026692,0.00010604,0.00016088,0.95545,36.4481,0.0019329,0.00017954,467.018,0.40238,2.7884,6.4311e-05,Heun
0,3.1313,0.21801,-0.8279,0.046163,0.0010658,0.00093541,0.00013044,0.83794,8.7855,0.0041134,0.0015851,467.018,0.87459,2.9894,4.9386e-05,Heun
0,4.0032,0.34301,-0.61993,0.023196,0.00043163,0.00012885,0.00030277,0.89072,13.8318,0.00089152,0.00021814,467.018,0.089573,2.6642,6.4893e-05,Heun
0,52.341,0.57674,-1.1982,0.027592,0.16075,0.15899,0.0017598,0.82562,19.5265,1.8496,0.30868,467.018,229.6252,3.6904,1.1871e-05,Heun
0,94.7593,0.22688,-1.272,0.079301,0.13402,0.13341,0.00060776,0.76083,7.9262,0.61054,0.27709,467.018,260.9539,3.7768,2.232e-06,Heun
0,3.1047,0.72356,-0.7468,0.058691,0.00039957,0.00025976,0.00013981,0.94492,29.1779,0.0037912,0.00043991,467.018,0.90882,2.9103,2.9577e-05,Heun
0,6.0165,0.97492,-0.88608,0.042108,0.0023913,0.0021621,0.00022922,0.95718,39.2359,0.042517,0.0036687,467.018,7.2185,3.1572,2.5011e-05,Heun
0,3.1241,0.68877,-0.56788,0.057086,0.00016673,2.6829e-05,0.0001399,0.94246,27.7815,0.00037273,4.5423e-05,467.018,0.087134,2.6107,6.3211e-05,Heun
0,3.5078,0.41318,-0.8239,0.017042,0.0028509,0.0024043,0.00044668,0.906,16.6208,0.020037,0.0040782,467.018,1.4535,3.0116,2.2823e-05,Heun
0,30.1749,0.62171,-1.0873,0.052956,0.022679,0.022301,0.0003774,0.92219,24.5123,0.27967,0.038681,467.018,62.0678,3.4797,6.7502e-05,Heun
3,64.0448,0.9549,-1.3805,0.033957,0.57681,0.52936,0.047453,0.51653,16.3022,10.196,2.5814,467.018,3184.9562,4.5816,1.3445,Euler
0,3.6265,0.7409,-0.6682,0.019729,0.00069198,0.00028154,0.00041044,0.94595,29.8685,0.0042075,0.0004768,467.018,0.33859,2.7808,5.157e-05,Heun
0,4.4946,0.25439,-0.92295,0.040961,0.0037339,0.0035646,0.00016934,0.85612,10.2244,0.018291,0.0060563,467.018,3.3773,3.1543,2.4812e-05,Heun
0,64.308,0.87551,-1.1951,0.051328,0.086669,0.085158,0.0015114,0.89709,32.2587,1.5039,0.15928,467.018,335.1237,3.7271,2.6438e-06,Heun
0,3.8999,0.20537,-0.9179,0.051035,0.0028045,0.0026839,0.00012059,0.82866,8.2618,0.011118,0.0045555,467.018,2.6424,3.1365,2.5199e-05,Heun
3,15.0163,0.20092,-1.3397,0.024928,0.84239,0.84233,6.0383e-05,0.47922,1.2775,3.4138,0,467.018,159.3529,3.7994,0.47566,Euler
0,4.6826,0.81613,-0.69464,0.046283,0.00034654,0.00016857,0.00017798,0.95087,32.9126,0.002775,0.00028544,467.018,0.52127,2.8295,3.4267e-05,Heun
0,3.1909,0.22861,-0.83666,0.080134,0.00068038,0.00060305,7.7327e-05,0.84449,9.2163,0.0027808,0.0010218,467.018,1.0187,3.006,4.8897e-05,Heun
0,123.2121,0.32218,-1.3624,0.015109,0.87114,0.86863,0.0025071,0.17243,1.6748,5.6449,4.5948,467.018,776.3008,4.0232,3.3611e-07,Euler
0,36.1664,0.79074,-1.081,0.060806,0.018326,0.01796,0.00036655,0.93775,31.3153,0.28646,0.031063,467.018,71.9018,3.4828,2.179e-05,Heun
0,4.0223,0.8124,-0.79102,0.06913,0.0005117,0.00038905,0.00012265,0.95055,32.7569,0.0063753,0.00065907,467.018,1.7898,2.9895,2.2977e-05,Heun
0,6.0455,0.66097,-0.80386,0.032404,0.001234,0.0009784,0.00025564,0.93951,26.6317,0.013044,0.0016581,467.018,1.7362,3.0007,2.3283e-05,Heun
0,4.9188,0.71555,-0.92494,0.050075,0.0031856,0.0029913,0.0001943,0.94255,28.7748,0.043175,0.005082,467.018,8.8562,3.2069,2.8518e-05,Heun
0,5.782,0.95614,-0.87482,0.067511,0.0013075,0.0011677,0.00013979,0.95711,38.5219,0.02252,0.0019802,467.018,6.1335,3.1374,3.14e-05,Heun
3,41.3489,0.29552,-1.3257,0.016573,0.97887,0.54068,0.43819,-1.9399e-05,0.25187,3.2229,0,467.018,-647723.3606,-124.6274,52.1767,Euler
0,3.9025,0.72956,-0.52587,0.081282,0.0001087,1.0986e-05,9.7717e-05,0.94554,29.4284,0.00016166,1.8598e-05,467.018,0.053633,2.5437,6.2983e-05,Heun
0,8.1698,0.53293,-1.0279,0.07211,0.0079199,0.0077456,0.00017431,0.92196,21.329,0.083262,0.013247,467.018,25.1915,3.3668,2.6388e-05,Heun
0,3.0533,0.69077,-0.74651,0.014983,0.0015561,0.001013,0.00054314,0.94173,27.8235,0.014115,0.0017166,467.018,0.86627,2.9075,3.527e-05,Heun
0,3.6438,0.41182,-0.64111,0.012911,0.00087402,0.00030378,0.00057025,0.90697,16.5992,0.0025234,0.0005145,467.018,0.13858,2.7078,6.5746e-05,Heun
0,40.3624,0.71644,-1.0596,0.022657,0.037185,0.036417,0.00076793,0.92058,27.8278,0.52627,0.063363,467.018,49.4705,3.4379,3.8409e-05,Heun
0,33.2149,0.71785,-1.1579,0.059099,0.048628,0.047904,0.00072414,0.91316,27.5511,0.69363,0.085777,467.018,174.351,3.6251,5.4027e-05,Heun
0,49.3062,0.99496,-1.1872,0.058693,0.069605,0.068211,0.0013941,0.91367,37.3448,1.369,0.12592,467.018,344.3463,3.7224,1.0347e-06,Heun
0,3.4513,0.25087,-0.55897,0.044039,0.00017369,3.1026e-05,0.00014267,0.85659,10.1189,0.000157,5.2515e-05,467.018,0.031144,2.5489,6.5015e-05,Heun
0,7.3657,0.8108,-0.95921,0.012373,0.019516,0.018636,0.0008802,0.93816,32.0709,0.30478,0.031943,467.018,15.402,3.2709,6.2075e-05,Heun
0,62.7434,0.97819,-1.3603,0.067557,0.31238,0.28111,0.031275,0.74113,27.1347,5.5466,1.0101,467.018,2848.0131,4.4902,4.9151e-05,Heun
0,74.7164,0.27506,-1.2389,0.073694,0.10132,0.10075,0.00057041,0.80438,9.972,0.55896,0.19486,467.018,202.9418,3.7195,7.509e-07,Heun
0,3.8662,0.58788,-0.58427,0.014031,0.00069309,0.00013471,0.00055838,0.93293,23.6998,0.0015974,0.00022813,467.018,0.092694,2.6303,8.354e-05,Heun
0,83.76,0.61604,-1.3508,0.028121,0.58772,0.58087,0.0068512,0.49269,10.246,7.218,2.1504,467.018,1433.5845,4.1709,4.8333e-05,Heun
0,4.0365,0.40972,-0.66956,0.066919,0.00019424,8.4485e-05,0.00010976,0.90697,16.5255,0.00069821,0.00014305,467.018,0.19883,2.7548,3.1601e-05,Heun
0,19.2731,0.55392,-1.049,0.04015,0.018467,0.018111,0.00035582,0.91777,21.9335,0.20235,0.03119,467.018,34.1166,3.4052,9.2082e-05,Heun
0,4.323,0.51577,-0.8435,0.035072,0.0017341,0.0015032,0.00023089,0.92365,20.7708,0.015639,0.0025491,467.018,2.2918,3.0547,6.9741e-05,Heun
0,4.0472,0.21566,-0.74247,0.022866,0.00088735,0.00063058,0.00025678,0.83657,8.6925,0.0027431,0.0010681,467.018,0.28927,2.847,1.7216e-05,Heun
0,3.7908,0.35764,-0.72516,0.079308,0.00023573,0.00014562,9.0113e-05,0.89484,14.4246,0.0010505,0.00024654,467.018,0.35929,2.8408,5.3464e-05,Heun
0,5.9404,0.51295,-0.51878,0.045679,0.00018558,1.7848e-05,0.00016773,0.92426,20.6893,0.00018466,3.0215e-05,467.018,0.03522,2.515,6.3672e-05,Heun
0,27.8228,0.80406,-1.0754,0.080514,0.012931,0.012663,0.00026805,0.94204,32.0178,0.20538,0.021841,467.018,68.1336,3.4738,2.8683e-05,Heun
0,5.078,0.95944,-0.77473,0.044295,0.00068596,0.00049258,0.00019339,0.95765,38.6791,0.0095328,0.00083442,467.018,1.7017,2.9706,2.2081e-05,Heun
0,2.8909,0.8668,-0.73483,0.050225,0.00042645,0.00026038,0.00016607,0.95355,34.9534,0.0045526,0.00044081,467.018,0.92514,2.8992,5.655e-05,Heun
0,5.7476,0.9919,-0.80361,0.048463,0.00083304,0.00065225,0.00018079,0.95887,39.9816,0.01305,0.0011052,467.018,2.5458,3.0203,4.5488e-05,Heun
0,3.9465,0.3238,-0.83788,0.03116,0.0018043,0.0015747,0.00022957,0.88415,13.0392,0.010285,0.0026696,467.018,1.3984,3.0236,2.5298e-05,Heun
0,31.6755,0.86047,-1.0861,0.048875,0.024271,0.023768,0.00050247,0.93774,33.8703,0.41253,0.041264,467.018,83.0381,3.4975,1.164e-05,Heun
0,3.2359,0.27196,-0.62944,0.0095839,0.0010308,0.00035231,0.00067854,0.86569,10.9601,0.0019326,0.00059658,467.018,0.082518,2.6695,6.5707e-05,Heun
0,3.0199,0.59614,-0.64695,0.027596,0.00043877,0.00015321,0.00028556,0.93395,24.0389,0.0018424,0.00025946,467.018,0.21008,2.735,6.4235e-05,Heun
0,3.6514,0.24398,-0.67392,0.029242,0.0004168,0.00020449,0.00021231,0.85298,9.8385,0.0010063,0.00034621,467.018,0.13311,2.7385,3.7278e-05,Heun
