Error,time,CO2share,E_appl,v,X_tot,X_het,X_hom,FE,CO2_out,CO_out,H2_out,delP,CD,Vcell,maxRes,Solver
0,4.4511,0.30159,-0.56335,0.074112,0.00011051,1.9503e-05,9.1005e-05,0.87778,12.1653,0.00011865,3.3013e-05,467.018,0.038654,2.5644,6.4739e-05,Heun
0,3.4472,0.27803,-0.66614,0.080598,0.00014842,6.7152e-05,8.1269e-05,0.86876,11.2147,0.0003766,0.00011367,467.018,0.13482,2.7314,8.8492e-05,Heun
0,63.4695,0.96601,-1.3995,0.022524,0.82516,0.77745,0.047717,0.25389,6.8134,15.1487,4.9683,467.018,3457.4501,4.6578,1.6423e-05,Euler
0,3.1873,0.97647,-0.50904,0.058967,0.00015225,1.2201e-05,0.00014004,0.9587,39.3867,0.00024031,2.0654e-05,467.018,0.057039,2.5301,6.2433e-05,Heun
0,3.0029,0.84022,-0.67879,0.06917,0.00021108,9.2026e-05,0.00011906,0.95229,33.889,0.0015597,0.00015581,467.018,0.43721,2.8045,3.6571e-05,Heun
0,2.5015,0.93259,-0.58923,0.081443,0.00012601,2.4742e-05,0.00010126,0.95686,37.6175,0.00046542,4.1888e-05,467.018,0.15289,2.661,6.2666e-05,Heun
0,3.2831,0.72459,-0.73522,0.038595,0.00055247,0.00034041,0.00021206,0.9449,29.2152,0.0049753,0.00057652,467.018,0.78425,2.8911,2.5127e-05,Heun
0,4.1815,0.94719,-0.80023,0.027672,0.0014073,0.0010936,0.00031368,0.95666,38.1578,0.020894,0.0018532,467.018,2.3316,3.0124,3.9055e-05,Heun
0,3.3702,0.79451,-0.80515,0.034434,0.0011835,0.00093615,0.00024733,0.94907,32.0139,0.015003,0.0015865,467.018,2.1006,3.0119,4.3992e-05,Heun
0,4.2849,0.33695,-0.51593,0.015404,0.00050393,5.1017e-05,0.00045291,0.88893,13.5863,0.00034674,8.6372e-05,467.018,0.023181,2.4907,6.6238e-05,Heun
0,2.0015,0.42154,-0.56452,0.011888,0.00074474,0.00012342,0.00062132,0.90899,16.9929,0.0010494,0.0002089,467.018,0.052926,2.5817,7.3699e-05,Heun
0,93.8602,0.85877,-1.2912,0.067934,0.18701,0.18227,0.0047345,0.82716,28.1655,3.1573,0.41389,467.018,1091.4174,4.0308,2.1322e-07,Heun
0,7.9011,0.96018,-0.63963,0.075356,0.00016114,5.1079e-05,0.00011006,0.95802,38.729,0.00098928,8.6489e-05,467.018,0.30035,2.7461,6.3033e-05,Heun
0,3.5742,0.50525,-0.8331,0.011798,0.0045841,0.0039055,0.00067856,0.9204,20.2891,0.039802,0.0066309,467.018,1.9658,3.0364,2.5395e-05,Heun
0,38.157,0.3495,-1.0738,0.062465,0.016224,0.015973,0.00025098,0.88268,13.8706,0.11261,0.027581,467.018,30.8615,3.4242,9.815e-05,Heun
3,90.1242,0.71705,-1.2267,0.013635,0.54329,0.46093,0.082361,0.58482,13.2114,6.6666,0,467.018,316.2689,3.7521,0.050275,Euler
0,120.4032,0.42082,-1.2681,0.029779,0.30481,0.30261,0.0022019,0.70249,11.8019,2.5687,0.70187,467.018,400.2819,3.8219,3.5237e-06,Heun
0,2.3456,0.33009,-0.82832,0.062009,0.00081563,0.00070024,0.00011539,0.8867,13.3055,0.0046623,0.0011864,467.018,1.2584,3.0086,4.5998e-05,Heun
0,4.3741,0.9678,-0.77435,0.04363,0.00069411,0.00049765,0.00019646,0.95799,39.0155,0.0097147,0.00084302,467.018,1.7076,2.9704,2.087e-05,Heun
0,5.7873,0.37905,-0.99934,0.06451,0.0061602,0.0060126,0.00014758,0.89646,15.1973,0.045971,0.010258,467.018,12.7878,3.301,2.9453e-05,Heun
0,2.2376,0.60477,-0.6323,0.031414,0.00036258,0.00011152,0.00025107,0.93488,24.3885,0.0013604,0.00018883,467.018,0.17641,2.7114,6.3954e-05,Heun
0,65.8115,0.96743,-1.2124,0.035518,0.14911,0.14626,0.0028486,0.85826,33.2086,2.8541,0.28755,467.018,450.4839,3.782,9.7016e-07,Heun
0,26.579,0.31944,-1.0247,0.058472,0.0093186,0.0091545,0.00016413,0.8781,12.7665,0.058985,0.01567,467.018,15.1859,3.3356,7.0414e-05,Heun
0,163.5344,0.40343,-1.3261,0.050321,0.3279,0.32537,0.0025346,0.68249,10.9383,2.6477,0.87491,467.018,804.3747,3.9943,3.4064e-06,Heun
0,59.269,0.94341,-1.2502,0.081901,0.10428,0.10189,0.0023912,0.88817,34.09,1.9389,0.20265,467.018,726.1877,3.8979,1.7179e-06,Heun
0,158.6444,0.40087,-1.3531,0.075542,0.29553,0.29269,0.00284,0.70574,11.3925,2.3666,0.82436,467.018,1145.9354,4.1058,4.6225e-06,Heun
0,2.8684,0.48133,-0.73594,0.079113,0.00026466,0.00016762,9.7038e-05,0.91964,19.4125,0.0016274,0.00028386,467.018,0.54039,2.8726,4.4317e-05,Heun
0,2.0564,0.63978,-0.55904,0.05159,0.00018001,2.6531e-05,0.00015348,0.93833,25.8052,0.00034238,4.4866e-05,467.018,0.072565,2.5924,6.3332e-05,Heun
0,2.7125,0.80576,-0.693,0.056806,0.00027922,0.00013448,0.00014474,0.95032,32.4967,0.0021858,0.00022771,467.018,0.50425,2.8261,4.4916e-05,Heun
0,6.9062,0.65426,-1.0413,0.078618,0.0086116,0.0084209,0.00019069,0.9342,26.1666,0.11113,0.014424,467.018,36.2075,3.4009,3.5027e-05,Heun
0,2.3367,0.62464,-0.55477,0.036273,0.00025353,3.5681e-05,0.00021785,0.93688,25.1926,0.00044956,6.0411e-05,467.018,0.067171,2.5842,6.3367e-05,Heun
0,11.0053,0.30392,-1.1004,0.078346,0.018001,0.017822,0.000179,0.86753,12.0402,0.10926,0.030918,467.018,38.3229,3.4633,8.3588e-05,Heun
0,150.6546,0.20952,-1.3773,0.057372,0.41836,0.41685,0.0015084,0.55762,4.9163,1.7617,1.4805,467.018,853.6723,4.0581,3.8229e-06,Heun
0,2.8362,0.83543,-0.63131,0.058353,0.00019974,5.9279e-05,0.00014046,0.95204,33.6959,0.00099892,0.00010037,467.018,0.23631,2.7254,7.5915e-05,Heun
0,89.2564,0.33252,-1.3512,0.044674,0.44143,0.43895,0.0024816,0.58141,7.4929,2.9441,1.3462,467.018,892.2831,4.0417,1.855e-05,Euler
0,60.0484,0.72326,-1.1023,0.081217,0.017923,0.017611,0.00031122,0.93359,28.6548,0.25693,0.03056,467.018,86.8416,3.5167,4.339e-05,Heun
0,3.446,0.56043,-0.51042,0.0375,0.00022683,1.9529e-05,0.0002073,0.93019,22.6038,0.00022077,3.3059e-05,467.018,0.03434,2.5054,6.3483e-05,Heun
0,2.6666,0.93067,-0.50046,0.067165,0.00013199,9.5924e-06,0.0001224,0.95677,37.5399,0.00018007,1.6239e-05,467.018,0.048785,2.5135,6.2505e-05,Heun
0,6.6203,0.63067,-0.98164,0.050205,0.0063799,0.0061601,0.0002198,0.93352,25.2802,0.078364,0.010501,467.018,16.2753,3.2963,2.2033e-05,Heun
0,200.433,0.55414,-1.3098,0.075812,0.20363,0.2009,0.0027327,0.79337,17.8029,2.2455,0.47082,467.018,913.0403,4.0055,1.4791e-05,Heun
0,112.7213,0.20371,-1.349,0.075807,0.28016,0.2791,0.0010614,0.65151,5.9156,1.1468,0.77868,467.018,610.9841,3.9654,8.191e-07,Heun
0,120.5662,0.89496,-1.2419,0.029705,0.23987,0.23566,0.0042102,0.79034,27.4439,4.2541,0.50231,467.018,590.6323,3.8527,2.1132e-06,Heun
0,3.1511,0.4079,-0.79215,0.017544,0.0019813,0.0015542,0.00042712,0.90547,16.4227,0.012787,0.0026348,467.018,0.95576,2.9582,3.9995e-05,Heun
0,34.4372,0.92852,-1.3064,0.062084,0.23626,0.22784,0.0084115,0.79454,28.6084,4.2673,0.55028,467.018,1402.2569,4.1192,9.2934e-06,Heun
0,3.7868,0.31643,-0.89432,0.070327,0.0015447,0.0014397,0.000105,0.88195,12.7457,0.0091893,0.0024421,467.018,2.8293,3.1165,2.5124e-05,Heun
0,28.8712,0.66376,-1.1301,0.060444,0.033842,0.033339,0.00050293,0.91867,25.8712,0.44636,0.058688,467.018,113.8781,3.5637,5.1198e-05,Heun
0,2.4734,0.88242,-0.59455,0.051439,0.00020156,4.1943e-05,0.00015962,0.95447,35.5914,0.00074655,7.1012e-05,467.018,0.15527,2.6671,5.435e-05,Heun
0,167.1837,0.6106,-1.3516,0.061868,0.33973,0.33212,0.0076134,0.69863,16.2641,4.0905,0.98723,467.018,1620.8778,4.2143,4.9559e-07,Heun
0,8.2793,0.39193,-0.59253,0.0097293,0.00096242,0.00021597,0.00074645,0.90268,15.7961,0.0017074,0.0003658,467.018,0.070994,2.6248,6.4433e-05,Heun
0,24.1062,0.39196,-1.1234,0.04117,0.045221,0.044756,0.00046507,0.87468,15.0974,0.35385,0.079071,467.018,64.0525,3.5177,2.9038e-05,Heun
0,2.1337,0.92217,-0.50415,0.032697,0.0039321,2.0542e-05,0.0039115,0.95612,37.0558,0.0003821,3.4978e-05,467.018,0.050529,2.519,6.2529e-05,Heun
0,49.3512,0.5914,-1.3442,0.03651,0.47297,0.46699,0.0059826,0.59052,12.574,5.5707,1.5051,467.018,1347.0446,4.1442,6.9669e-05,Euler
0,4.3821,0.4954,-0.94511,0.03802,0.0053354,0.0050976,0.00023785,0.91852,19.8786,0.050938,0.0086736,467.018,8.1357,3.2226,2.6333e-05,Heun
0,202.0415,0.51179,-1.3191,0.057648,0.28285,0.27965,0.0032021,0.73139,14.8066,2.8869,0.6977,467.018,928.2054,4.0186,2.9541e-06,Heun
0,3.9151,0.27716,-0.58538,0.038339,0.00022067,5.0027e-05,0.00017065,0.86836,11.1788,0.00027969,8.4683e-05,467.018,0.047646,2.5972,6.4975e-05,Heun
0,3.2883,0.96491,-0.65677,0.012868,0.0010195,0.00037265,0.00064682,0.95766,38.8864,0.007253,0.00063122,467.018,0.37599,2.7748,9.1205e-05,Heun
0,2.7577,0.38782,-0.72832,0.03265,0.00059104,0.00036823,0.00022281,0.90199,15.6363,0.0028805,0.00062365,467.018,0.40238,2.8498,5.0076e-05,Heun
0,2.6376,0.21232,-0.79888,0.048826,0.00072966,0.00060934,0.00012032,0.83453,8.5592,0.0026096,0.0010322,467.018,0.58925,2.94,4.7842e-05,Heun
0,2.698,0.71929,-0.74326,0.055669,0.00040869,0.00026169,0.000147,0.94461,29.0057,0.0037968,0.00044317,467.018,0.86357,2.9041,4.276e-05,Heun
0,31.8153,0.56074,-1.1408,0.051146,0.045393,0.044821,0.00057212,0.90114,21.5944,0.50695,0.07964,467.018,111.2701,3.5727,1.2541e-05,Heun
0,28.6342,0.79575,-1.0431,0.046993,0.014789,0.014378,0.00041147,0.94037,31.6274,0.23078,0.024715,467.018,44.5286,3.415,2.3461e-05,Heun
0,15.2859,0.34681,-1.0962,0.045219,0.029104,0.02878,0.00032403,0.87364,13.5837,0.20133,0.050766,467.018,40.6874,3.4627,5.4866e-05,Heun
3,90.7876,0.82418,-1.3057,0.013181,0.71449,0.707,0.0074882,0.37457,9.493,11.7535,2.5428,467.018,977.9036,4.0175,0.00050979,Euler
0,4.9752,0.82057,-0.96329,0.037923,0.0067433,0.006445,0.00029836,0.94699,32.88,0.10667,0.010983,467.018,16.4851,3.2787,8.4855e-05,Heun
0,5.2416,0.55743,-0.73909,0.074801,0.0002898,0.00018461,0.0001052,0.9298,22.4811,0.0020757,0.00031262,467.018,0.64453,2.8848,3.8731e-05,Heun
0,92.429,0.60862,-1.3203,0.027727,0.49161,0.48635,0.005265,0.57681,12.4823,5.9706,1.4737,467.018,1007.9766,4.0396,1.3329e-05,Heun
0,3.7752,0.71545,-0.78466,0.046121,0.0007174,0.00053737,0.00018002,0.94413,28.842,0.007755,0.00091033,467.018,1.4621,2.9726,4.8313e-05,Heun
0,179.3064,0.62626,-1.3007,0.048225,0.27759,0.27377,0.0038265,0.74673,18.2512,3.4583,0.65834,467.018,884.5819,3.9893,1.8482e-06,Heun
0,43.6645,0.90075,-1.1041,0.040427,0.03659,0.035856,0.00073427,0.93162,35.0084,0.65146,0.062842,467.018,108.8268,3.5344,5.4233e-05,Heun
0,0.92297,0.66964,-0.87513,0.060488,0,0,0,13.4993,27.0143,0,0,467.018,0.30619,2.9826,6.5401e-05,Heun
0,3.6716,0.57674,-0.73854,0.047108,0.00045935,0.00029104,0.00016832,0.93188,23.256,0.0033858,0.00049288,467.018,0.66054,2.8855,1.7222e-05,Heun
0,160.4623,0.35581,-1.3224,0.050488,0.31929,0.3172,0.0020902,0.6794,9.771,2.2765,0.83106,467.018,687.88,3.9599,4.7517e-06,Heun
0,3.6975,0.38213,-0.78347,0.071054,0.00044739,0.00034365,0.00010373,0.90077,15.409,0.0026489,0.000582,467.018,0.80641,2.9408,4.7587e-05,Heun
0,25.2059,0.9387,-1.0691,0.042399,0.022631,0.022101,0.00053076,0.94249,37.012,0.41847,0.038244,467.018,72.5902,3.4716,2.1781e-05,Heun
0,3.4585,0.9239,-0.70526,0.063404,0.00027287,0.00014105,0.00013182,0.95637,37.2618,0.0026286,0.00023882,467.018,0.67253,2.8532,3.766e-05,Heun
0,3.6576,0.2889,-0.9034,0.079224,0.0015265,0.0014357,9.0792e-05,0.87222,11.6368,0.0083664,0.0024358,467.018,2.9349,3.1275,2.5045e-05,Heun
0,6.4469,0.67592,-0.96397,0.016533,0.015483,0.014852,0.00063027,0.93158,26.8455,0.2025,0.025411,467.018,13.8012,3.2697,6.8429e-05,Heun
0,152.0256,0.76897,-1.3095,0.042787,0.32859,0.3221,0.0064936,0.71838,20.8283,4.996,0.83052,467.018,1174.4844,4.0689,2.7098e-05,Heun
0,5.4899,0.43734,-0.92221,0.070898,0.0021611,0.0020415,0.0001196,0.91108,17.605,0.01801,0.003466,467.018,5.4129,3.1782,5.122e-05,Heun
0,102.1496,0.60629,-1.3056,0.014189,0.69575,0.6906,0.0051533,0.38503,7.4416,8.4455,2.3847,467.018,745.4606,3.9584,1.8064e-07,Heun
0,31.0026,0.84081,-1.1376,0.024683,0.08871,0.087193,0.0015173,0.89397,30.9108,1.4788,0.15831,467.018,154.0207,3.5945,1.827e-05,Heun
0,5.6023,0.78426,-1.0108,0.058671,0.0078776,0.0076433,0.00023434,0.94413,31.3894,0.12091,0.013062,467.018,29.0447,3.3577,8.3716e-05,Heun
0,11.3605,0.38983,-1.0106,0.012559,0.035903,0.035132,0.00077173,0.88014,15.1617,0.27625,0.060909,467.018,15.0218,3.3209,2.9438e-05,Heun
0,3.3201,0.63744,-0.55962,0.040971,0.00022699,3.3621e-05,0.00019337,0.93809,25.7098,0.0004323,5.6917e-05,467.018,0.072857,2.5932,6.3341e-05,Heun
0,3.7602,0.59112,-0.68195,0.047343,0.00030678,0.00014006,0.00016672,0.93352,23.8395,0.0016699,0.00023709,467.018,0.32677,2.7927,6.5705e-05,Heun
0,15.8289,0.51641,-1.0436,0.076437,0.0090936,0.0089175,0.0001761,0.91906,20.6435,0.092889,0.015285,467.018,29.9157,3.3922,3.5272e-05,Heun
0,2.7458,0.23019,-0.79403,0.01907,0.0017866,0.0014655,0.00032108,0.84472,9.2697,0.0068044,0.0024835,467.018,0.59246,2.9354,3.843e-05,Heun
0,4.2509,0.83695,-0.85113,0.065834,0.0010191,0.00088359,0.00013555,0.95159,33.7295,0.014917,0.0014978,467.018,3.9844,3.0911,3.2836e-05,Heun
0,2.4538,0.46829,-0.70455,0.082356,0.0001999,0.0001077,9.2201e-05,0.91763,18.8877,0.0010173,0.0001822,467.018,0.35207,2.8192,5.373e-05,Heun
0,100.3534,0.77698,-1.2829,0.01589,0.55406,0.54765,0.0064084,0.53004,13.9779,8.583,1.5893,467.018,759.1831,3.9393,3.2263e-06,Heun
0,7.2073,0.59534,-1.0192,0.06555,0.007814,0.007621,0.000193,0.92915,23.8294,0.091517,0.01303,467.018,24.9695,3.3576,2.6516e-05,Heun
0,5.5088,0.92298,-0.92191,0.047107,0.0032775,0.0030585,0.00021904,0.95439,37.1125,0.056941,0.0051963,467.018,10.8506,3.2147,4.9239e-05,Heun
0,190.0297,0.759,-1.2862,0.05262,0.22514,0.22103,0.0041077,0.79422,23.7257,3.3839,0.50062,467.018,897.0623,3.9779,9.9485e-06,Heun
0,123.5589,0.79526,-1.2722,0.057527,0.18131,0.17792,0.0033878,0.82768,26.2655,2.854,0.38268,467.018,796.3643,3.9382,9.1028e-06,Heun
0,36.3166,0.92378,-1.1143,0.04828,0.034885,0.034188,0.0006966,0.9338,35.9668,0.63705,0.059987,467.018,127.1627,3.5561,4.9004e-05,Heun
0,46.4846,0.88755,-1.1741,0.035873,0.095604,0.093943,0.0016607,0.89164,32.3824,1.6818,0.17403,467.018,258.4575,3.6779,1.4591e-05,Heun
0,3.8403,0.34634,-0.89984,0.07335,0.0015859,0.0014815,0.00010444,0.89094,13.9497,0.01035,0.0025132,467.018,3.2903,3.1299,2.4879e-05,Heun
0,96.6451,0.22294,-1.3304,0.041622,0.39306,0.39163,0.0014305,0.58217,5.4586,1.7611,1.1172,467.018,496.9989,3.9141,8.1517e-06,Heun
0,4.587,0.98294,-0.89799,0.070836,0.0016375,0.0014978,0.00013975,0.95799,39.5888,0.029696,0.0025414,467.018,8.4805,3.1777,3.0689e-05,Heun
0,5.0664,0.57687,-0.83975,0.035367,0.0016547,0.0014209,0.0002338,0.93113,23.2335,0.016534,0.0024091,467.018,2.4235,3.0539,2.8962e-05,Heun
0,30.2292,0.23394,-1.168,0.014844,0.19996,0.19886,0.0010965,0.72144,7.5506,0.9384,0.38898,467.018,68.8907,3.567,2.9169e-05,Heun
0,3.5877,0.27738,-0.78431,0.03065,0.001022,0.00080514,0.00021686,0.86796,11.1787,0.0045048,0.0013638,467.018,0.61372,2.9275,2.3906e-05,Heun
0,29.4587,0.77795,-1.038,0.045463,0.014285,0.013932,0.00035251,0.93959,30.9357,0.21862,0.023927,467.018,40.8287,3.4047,1.8449e-05,Heun
0,17.4222,0.61488,-1.0568,0.067214,0.012217,0.011979,0.00023782,0.92828,24.5021,0.14858,0.020593,467.018,41.6479,3.4247,4.4857e-05,Heun
0,3.4731,0.84026,-0.616,0.0085879,0.0012841,0.0003307,0.0009534,0.9516,33.8542,0.005605,0.00056024,467.018,0.19512,2.7003,9.6247e-05,Heun
0,33.1261,0.86025,-1.1353,0.022522,0.094109,0.092469,0.0016404,0.8913,31.4381,1.6045,0.16841,467.018,152.5022,3.5914,3.8463e-05,Heun
0,3.9451,0.33871,-0.86226,0.02145,0.0034681,0.0031251,0.00034295,0.8876,13.6168,0.021351,0.0053036,467.018,1.9895,3.0662,2.6576e-05,Heun
0,5.4974,0.84269,-0.99267,0.075913,0.0048636,0.0046929,0.00017062,0.94942,33.8303,0.07977,0.0080013,467.018,24.6723,3.3304,4.5376e-05,Heun
0,4.6292,0.6215,-0.89751,0.044534,0.0025674,0.0023668,0.00020063,0.93511,25.0081,0.029671,0.0040177,467.018,5.4547,3.1539,8.9435e-05,Heun
0,11.6792,0.70238,-1.0136,0.028199,0.016883,0.016417,0.00046604,0.93274,27.8568,0.23258,0.028178,467.018,27.0518,3.3565,3.3214e-05,Heun
0,21.6482,0.21239,-1.1388,0.021372,0.10208,0.10146,0.00061413,0.77253,7.6936,0.43467,0.18578,467.018,45.0772,3.5115,3.0659e-05,Heun
0,3.5494,0.28497,-0.53876,0.040628,0.00018835,2.5953e-05,0.0001624,0.87152,11.4942,0.00014918,4.3908e-05,467.018,0.02682,2.521,6.4756e-05,Heun
3,239.2243,0.59175,-1.1836,0.0088845,0.12256,0.12256,-7.6328e-16,1.6962,20.9465,1.4629,0,467.018,99.2968,3.6073,0.14129,Euler
0,3.6433,0.93627,-0.73342,0.056718,0.0003746,0.00022633,0.00014827,0.95686,37.7565,0.0042744,0.0003833,467.018,0.9779,2.9006,3.1063e-05,Heun
0,3.1944,0.4153,-0.7866,0.066261,0.00049704,0.00038354,0.00011351,0.90791,16.7454,0.0032128,0.00064963,467.018,0.90502,2.9498,4.0411e-05,Heun
0,49.6482,0.95419,-1.3113,0.075153,0.21091,0.20123,0.009671,0.81365,30.3752,3.8731,0.48439,467.018,1549.1932,4.1578,6.6122e-05,Heun
0,96.6156,0.44116,-1.2528,0.032185,0.24703,0.24509,0.001947,0.74778,13.4008,2.181,0.5332,467.018,350.5804,3.7901,6.1614e-06,Heun
0,4.5605,0.6313,-0.9351,0.076516,0.0023659,0.0022399,0.00012598,0.93616,25.4076,0.028523,0.0037895,467.018,8.9708,3.2178,4.9772e-05,Heun
0,3.4721,0.34251,-0.54189,0.072313,0.00011223,1.5172e-05,9.7059e-05,0.89078,13.8158,0.00010482,2.5681e-05,467.018,0.032834,2.5345,6.5237e-05,Heun
3,111.3854,0.3369,-1.3671,0.010822,0.95597,0.95367,0.002299,0.066042,0.5984,6.4807,6.8172,467.018,769.568,4.0262,0.99876,Euler
0,137.9223,0.90549,-1.2918,0.021781,0.48106,0.47281,0.0082464,0.60043,18.9566,8.6357,1.301,467.018,1019.8521,4.014,2.3436e-05,Heun
0,5.7199,0.49513,-0.9082,0.032478,0.0039811,0.0037192,0.00026188,0.91934,19.895,0.037145,0.0063193,467.018,5.0631,3.1607,4.161e-05,Heun
3,19.8461,0.32512,-1.2373,0.011989,-0.036304,-0.038587,0.0022832,5.1588,13.5922,-0.25306,0,467.018,42.265,3.6061,1.0575,Euler
0,4.3391,0.50102,-0.56869,0.026446,0.00034703,5.852e-05,0.00028851,0.92249,20.2049,0.0005914,9.9083e-05,467.018,0.065424,2.5968,7.5443e-05,Heun
0,85.3691,0.58562,-1.2528,0.080065,0.10845,0.10713,0.0013179,0.86216,21.0628,1.2655,0.21448,467.018,478.2407,3.8309,6.5562e-07,Heun
0,4.1313,0.38095,-0.88035,0.062953,0.0014673,0.0013443,0.00012303,0.89985,15.3457,0.01033,0.0022797,467.018,2.79,3.1018,2.5186e-05,Heun
0,3.2694,0.40144,-0.72325,0.022493,0.1916,0.00051236,0.19109,0.88384,13.0921,0.0041488,0.00084821,467.018,0.32215,2.8333,3.8924e-05,Heun
0,3.8839,0.41222,-0.7094,0.060805,0.00027695,0.00015511,0.00012184,0.90743,16.6253,0.0012897,0.00026265,467.018,0.33354,2.8212,1.85e-05,Heun
0,4.7851,0.7842,-0.82215,0.041261,0.0011802,0.00097173,0.00020845,0.94844,31.5987,0.015371,0.001647,467.018,2.5809,3.0396,2.1569e-05,Heun
0,3.5374,0.28622,-0.66547,0.065449,0.00018333,8.1984e-05,0.00010135,0.87201,11.5443,0.00047331,0.00013879,467.018,0.13708,2.7316,3.1291e-05,Heun
0,6.1589,0.85421,-0.68983,0.064408,0.00024231,0.00011388,0.00012842,0.95302,34.4519,0.0019622,0.00019284,467.018,0.51185,2.8237,3.3669e-05,Heun
0,3.094,0.21801,-0.8279,0.046163,0.0010658,0.00093541,0.00013044,0.83794,8.7855,0.0041134,0.0015851,467.018,0.87459,2.9894,4.9386e-05,Heun
3,57.066,0.32919,-1.346,0.019422,0.74276,0.74276,3.3307e-16,0.45942,3.4162,4.9319,0,467.018,481.5506,3.9251,0.48985,Euler
0,13.6465,0.27538,-1.0804,0.040697,0.02681,0.026529,0.00028156,0.85125,10.8116,0.14736,0.046081,467.018,27.1518,3.4235,4.2246e-05,Heun
0,4.2953,0.75676,-0.81279,0.0090652,0.0048515,0.0039154,0.00093606,0.94434,30.3809,0.059767,0.006648,467.018,2.2102,3.0222,5.6269e-05,Heun
0,93.5219,0.22688,-1.272,0.079301,0.13402,0.13341,0.00060776,0.76083,7.9262,0.61054,0.27709,467.018,260.9539,3.7768,2.232e-06,Heun
3,102.9531,0.62469,-1.2343,0.010197,0.69115,0.42722,0.26393,0.45761,7.7833,5.3832,0,467.018,262.4387,3.7397,1.4251,Euler
0,2.6865,0.85598,-0.6426,0.081196,0.0001506,4.9252e-05,0.00010135,0.95317,34.5268,0.00085038,8.3386e-05,467.018,0.27957,2.7454,6.9263e-05,Heun
0,85.2566,0.62507,-1.2408,0.052019,0.1427,0.14094,0.0017681,0.84264,21.6179,1.7769,0.28293,467.018,430.4303,3.8042,5.9218e-07,Heun
0,2.4547,0.68877,-0.56788,0.057086,0.00016673,2.6829e-05,0.0001399,0.94246,27.7815,0.00037273,4.5423e-05,467.018,0.087134,2.6107,6.3211e-05,Heun
0,147.0758,0.27266,-1.3212,0.051952,0.30622,0.30474,0.0014792,0.66558,7.6313,1.676,0.7959,467.018,540.439,3.9177,1.1515e-05,Heun
0,172.5597,0.4248,-1.3595,0.081816,0.29179,0.28842,0.003369,0.71329,12.1369,2.4714,0.82555,467.018,1310.099,4.1509,6.343e-07,Heun
0,2.6014,0.56594,-0.80544,0.080495,0.00050248,0.00040209,0.00010039,0.93065,22.8195,0.00459,0.00068124,467.018,1.5328,2.9959,2.2646e-05,Heun
3,53.9636,0.9549,-1.3805,0.033957,0.57681,0.52936,0.047453,0.51653,16.3022,10.196,2.5814,467.018,3184.9562,4.5816,1.3445,Euler
0,2.9195,0.39257,-0.72874,0.028825,0.00067352,0.00041931,0.0002542,0.903,15.8261,0.0033203,0.00071023,467.018,0.40901,2.8511,4.6025e-05,Heun
0,4.8345,0.73745,-0.84445,0.036438,0.0017028,0.0014647,0.00023811,0.94506,29.6993,0.021788,0.0024837,467.018,3.2421,3.0737,2.5066e-05,Heun
0,31.0166,0.40383,-1.1524,0.015197,0.16482,0.16336,0.0014629,0.7982,13.6061,1.3307,0.31117,467.018,91.8874,3.5707,3.7215e-05,Heun
0,52.4402,0.87551,-1.1951,0.051328,0.086669,0.085158,0.0015114,0.89709,32.2587,1.5039,0.15928,467.018,335.1237,3.7271,2.6438e-06,Heun
0,70.4559,0.74027,-1.373,0.041935,0.48846,0.4696,0.01886,0.59205,15.2764,7.012,1.917,467.018,2364.4481,4.3995,2.545e-05,Heun
0,2.0928,0.50942,-0.67812,0.045555,0.00030748,0.00013852,0.00016897,0.92369,20.5445,0.0014233,0.00023456,467.018,0.27092,2.7793,1.5715e-05,Heun
