Error,time,CO2share,E_appl,v,X_tot,X_het,X_hom,FE,CO2_out,CO_out,H2_out,delP,CD,Vcell
0,28.9055674,0.3118243851,-1.84010777,0.01055413445,0.9850561553,0.7567464906,0.2283096647,0.02882497089,0.1879869001,4.759766638,0,0.1440706667,241059.9687,51.45500254
0,6.69385,0.768083,-0.792786,0.0172164,0.000212249,0.000159813,5.24359e-05,0.948056,30.9793,0.00247597,0.000270744,0.144071,1.73611,2.98966
0,5.0605,0.839674,-0.510039,0.0137754,6.34684e-05,5.28884e-06,5.81796e-05,0.952359,33.8718,8.9577e-05,8.9558e-06,0.144071,0.0500132,2.52432
0,7.03634,0.984546,-0.894166,0.00950805,0.00120077,0.00106253,0.000138238,0.958336,39.6707,0.021101,0.00180282,0.144071,8.08783,3.17133
0,13.3935,0.582738,-1.11697,0.011311,0.0158161,0.0151931,0.000623059,0.922642,23.1369,0.178585,0.0265129,0.144071,85.7169,3.53051
2,49.3316785,0.903658196,-1.43825611,0.0101551724,-24.9641185,-24.9922816,0.0281631247,-2.45833657,946.526855,-455.549179,0,0.144070667,-81573.7196,-14.4713221
2,1.2944045,0.4533856119,-1.902229853,0.009991826004,-1.373381479,-1.373381619,1.392651539e-07,-5.536029663,43.41006628,-12.5598408,0,0.1440706667,-643729.0411,-123.2749343
0,6.91359,0.755104,-0.635195,0.0224238,5.21107e-05,1.62151e-05,3.58956e-05,0.947316,30.4607,0.000246974,2.74586e-05,0.144071,0.225668,2.72693
0,29.5415,0.432322,-1.1044,0.00978168,0.0154975,0.0150273,0.000470218,0.901675,17.1704,0.131043,0.0260862,0.144071,55.3848,3.48961
0,55.25296,0.6787311,-1.182917,0.009926609,0.0410153,0.03861411,0.002401197,0.9150037,26.25818,0.5286508,0.07047341,0.1440707,228.826,3.674698
0,42.3071,0.828024,-1.208429,0.009267182,0.0619468,0.05565177,0.006295035,0.9106925,31.3347,0.929495,0.1047595,0.1440707,380.7433,3.755872
0,7.16497,0.449913,-0.755537,0.0104046,0.00023875,0.000163909,7.48414e-05,0.914531,18.1459,0.0014875,0.000277641,0.144071,0.653326,2.90198
0,54.43705,0.3313868,-1.291735,0.0220656,0.06497039,0.05995715,0.00501324,0.8464347,12.50016,0.4007756,0.1282767,0.1440707,476.4563,3.869287
0,6.53289,0.351671,-0.717881,0.0183588,9.66073e-05,5.72796e-05,3.93277e-05,0.893328,14.1857,0.000406314,9.70074e-05,0.144071,0.322349,2.82796
0,27.7955914,0.2973394113,-1.882854026,0.009213431764,0.9833793176,0.6917460866,0.2916332309,0.03189405656,0.1993684786,4.148817761,0,0.1440706667,400102.067,82.40717768
0,5.71802,0.458886,-0.534614,0.0226913,3.71547e-05,4.40262e-06,3.2752e-05,0.916187,18.5116,4.07513e-05,7.45495e-06,0.144071,0.0389585,2.53606
2,1.4661485,0.78280677,-1.4735154,0.014177766,-0.0032714252,-0.010015347,0.0067439216,-8.6695007,31.683138,-0.15814146,0,0.14407067,-1217.8245,1.3837826
2,1.2279915,0.595275489652,-1.86424937173,0.0215405406941,-0.309270323261,-0.314115391985,0.00484506872383,-0.0676387193886,31.4414445477,-3.77165872594,0,0.144070666667,-23428588.1504,-4547.94751972
0,47.81426,0.3328844,-1.172225,0.01184349,0.02935886,0.02864536,0.0007135055,0.8696362,13.03489,0.1923414,0.05148771,0.1440707,104.1814,3.599373
0,46.5833308,0.251336645351,-1.56536399578,0.0139006980822,0.175563262844,0.06184090141,0.113722361434,-0.00035704687999,8.35926929163,0.313513896716,0,0.144070666667,-25384359.1902,-4928.0295248
0,8.15006,0.761795,-0.95845,0.0107576,0.00229976,0.00213953,0.000160225,0.946299,30.6615,0.0328763,0.00363859,0.144071,14.4561,3.26669
0,27.234392,0.50511797,-1.4304919,0.021600037,0.19920559,0.12121291,0.077992677,1.542941,16.318078,1.2349998,0,0.14407067,2027.9919,4.38375
0,27.2994961,0.3111857732,-1.813779865,0.01133847636,0.9921900371,0.7556309902,0.2365590468,0.01451510401,0.0980446438,4.743016825,0,0.1440706667,178033.3298,39.17435132
0,40.1907,0.579675,-1.06945,0.0114333,0.00863204,0.00828473,0.000347311,0.926946,23.1833,0.0968697,0.0142459,0.144071,46.432,3.44386
0,7.37394,0.648372,-0.796741,0.0147175,0.000256246,0.000196683,5.95637e-05,0.939045,26.1498,0.00257227,0.000333219,0.144071,1.55662,2.98797
0,39.73016,0.33013538,-1.3604166,0.014292808,0.18154854,0.14329946,0.038249078,0.76883531,10.900343,0.9542492,0.47849816,0.14407067,1105.2028,4.103294
0,0.782134,0.9166222679825,-1.390975418745,0.00960250309601,0.09670904215751,0.09670904198173,1.757840817351e-10,-1.189020535513e-05,33.40205852156,1.788062335725,0,0.1440706666667,-324257314.3281,-62964.61294621
1,0.3728,0.71852,-1.8556,0.023219,,,,,,,,,,
2,9.8680717,0.92007471,-1.4603933,0.011796134,0.025489,-0.07637633,0.10186533,5.632253,36.171374,-1.4174477,0,0.14407067,1808.1417,4.3650641
0,0.573627,0.3733555533970938,-1.884500632397487,0.02326623264954134,0,0,0,-5.938828177878585e-39,15.06183139371057,0,0,0.1440706666666666,-1.658007859146971e+44,-3.219582221109929e+40
0,34.861576,0.61439973,-1.3389631,0.01024567,0.22494356,0.16505792,0.059885647,0.78245465,19.210537,2.0455615,0.50673401,0.14407067,1452.9079,4.1634142
0,0.8873845,0.48212229,-1.6463818,0.016440735,0.13888606,0.00076443504,0.13812163,9.445214,16.748387,0.007434007,0,0.14407067,5442.9899,5.3135061
0,35.21786,0.4515928,-1.185416,0.01743921,0.02367947,0.02283933,0.0008401414,0.8998728,17.78667,0.2080442,0.04142263,0.1440707,162.7478,3.646856
0,18.5037482,0.955526358,-1.65228933,0.0088706153,0.263879947,0.180279756,0.0836001906,1.71143827,28.3756936,3.47467992,0,0.144070667,54905.5971,15.043009
0,14.7905,0.201905,-0.934055,0.0159243,0.088576,0.00096261,0.0876134,0.813389,7.42376,0.00392034,0.00179681,0.144071,2.97663,3.15887
0,7.19674,0.929662,-0.837929,0.0204291,0.000291092,0.000240428,5.06644e-05,0.956619,37.4933,0.00450853,0.000407457,0.144071,3.71864,3.07432
0,7.16044,0.970908,-0.721124,0.00924874,0.00021128,0.000118526,9.27538e-05,0.95843,39.1599,0.00232122,0.000200751,0.144071,0.864687,2.88201
0,32.4795102,0.96510646,-1.5280463,0.0246998683,0.157481677,0.0697255135,0.0877561631,1.881076,32.8027114,1.35735083,0,0.144070667,11707.1663,6.45092449
0,83.88314,0.2607265,-1.343136,0.02422658,0.09326036,0.0807678,0.01249257,0.8033743,9.537243,0.4247648,0.2261026,0.1440707,741.2079,3.994804
2,26.2129718,0.59511548831,-1.638673289,0.023322632218,0.57955888098,-3.0446141189,3.6241729998,-0.022506312045,10.093960541,-36.547584655,0,0.14407066667,-1246901.9868,-240.69886031
0,6.30715,0.532505,-0.706163,0.0149276,0.000113171,6.06019e-05,5.25694e-05,0.926876,21.4798,0.000650931,0.000102634,0.144071,0.404694,2.82795
2,1.0329516,0.206656081881,-1.95130600041,0.0106220854722,-0.42601762019,-0.42601762019,-1.11022302463e-16,-0.0270696112489,11.8885324904,-1.77582809897,0,0.144070666667,-67721398.6411,-13148.8600702
0,8.0047,0.20734,-0.97484,0.01999,0.0014314,0.0013853,4.6103e-05,0.83079,8.3523,0.0057937,0.002417,0.14407,5.5365,3.232
0,7.31185,0.742065,-0.745325,0.0195664,0.000119709,7.64516e-05,4.32577e-05,0.946397,29.9326,0.00114434,0.00012949,0.144071,0.913386,2.90904
0,45.437387,0.85047051,-1.3415195,0.022624697,0.11812148,0.080793347,0.037328129,0.87320168,30.256814,1.3859898,0.23713675,0.14407067,2118.9837,4.314702
0,34.372935,0.44360095,-1.4552142,0.014954372,0.11134925,0.088092071,0.023257182,1.5329916,15.902989,0.78823272,0,0.14407067,2732.7333,4.5606468
0,89.078345,0.79492649,-1.3865657,0.020437972,0.19757422,0.13746006,0.060114165,0.81528308,25.732798,2.2040867,0.46820009,0.14407067,3442.5892,4.6417062
0,6.41272,0.513656,-0.606207,0.0205535,4.92944e-05,1.21912e-05,3.71032e-05,0.924439,20.7208,0.000126311,2.06439e-05,0.144071,0.108403,2.66025
0,7.31363,0.973832,-0.809998,0.0218704,0.000201431,0.000156917,4.45142e-05,0.958555,39.2782,0.00308233,0.000265865,0.144071,2.71575,3.03005
0,50.28439,0.2333147,-1.260147,0.01191617,0.08127295,0.07942333,0.001849622,0.7973816,8.647363,0.3737793,0.1583117,0.1440707,233.1871,3.753745
0,48.90268,0.8395782,-1.164038,0.02154709,0.01532688,0.01426412,0.001062757,0.94239,33.35096,0.2415635,0.02547553,0.1440707,221.4251,3.652693
0,7.55743,0.519169,-0.888148,0.023496,0.00044147,0.00039819,4.32805e-05,0.92493,20.935,0.00416989,0.000675274,0.144071,4.09331,3.12955
0,24.3339,0.27616,-1.1188,0.0234442,0.00769473,0.00753607,0.000158661,0.863343,11.0551,0.0419789,0.0130957,0.144071,44.8105,3.49107
0,56.827993,0.44313214,-1.3587904,0.010180888,0.25180239,0.18955127,0.062251118,0.7437955,13.375337,1.6942797,0.65787068,0.14407067,1372.8236,4.1647772
0,4.266307,0.64669639,-1.66992297,0.0237275198,0.0255467023,0.0254724408,7.42615158e-05,6.45958888,25.4224049,0.332273854,0,0.144070667,16345.9993,7.5107378
0,1.7374268,0.80040824894136,-1.8900197745322,0.024632458206763,0.57687999579683,0.020987407113695,0.55589258868313,-0.00015497073837558,13.66250331282,0.33884065557047,0,0.14407066666667,-6186975224.1312,-1201408.9504383
0,58.36552,0.8513789,-1.165178,0.009936043,0.03343291,0.03108833,0.002344581,0.9310927,33.19786,0.5338821,0.05606049,0.1440707,226.3731,3.655929
2,13.783053,0.40455458,-1.4484613,0.012696407,-0.028049133,-0.055784444,0.027735312,2.1841079,16.778231,-0.45521379,0,0.14407067,1855.4943,4.3636555
0,7.3011,0.828954,-0.900633,0.01721,0.000711652,0.000637948,7.37046e-05,0.951353,33.4177,0.010667,0.00108228,0.144071,7.45748,3.17351
0,50.993424,0.58772941,-1.3950515,0.0099341033,0.32430508,0.32430144,3.6440702e-06,0.70743936,16.020765,3.8446027,1.0741826,0.14407067,2754.4707,4.5051123
2,6.2632476,0.214352466167,-1.55297563175,0.0132726995985,-1.22942573152,-1.27517350073,0.0457477692092,-0.000721291541327,19.2786518261,-5.51344357222,0,0.144070666667,-24716167.7485,-4798.28860712
0,7.26846,0.483791,-0.786727,0.0205408,0.000163527,0.000123928,3.95989e-05,0.920076,19.5138,0.00120935,0.000209935,0.144071,1.04246,2.95725
0,0.841584,0.48253344,-1.5207844,0.012328986,0.00015580299,0.00015580291,7.8696708e-11,-2.7554396,19.46323,0.0015164502,0,0.14407067,-4319.7882,0.76364325
0,7.45378,0.649596,-0.883178,0.0168012,0.000586619,0.000522405,6.42143e-05,0.938939,26.1905,0.00684503,0.000885946,0.144071,4.73251,3.13216
0,6.43391,0.491033,-0.617383,0.0216814,4.82733e-05,1.33409e-05,3.49323e-05,0.921233,19.8082,0.000132136,2.2591e-05,0.144071,0.120043,2.67667
2,47.4823606,0.837276765,-1.67433232,0.0214275986,-0.526457189,-1.39135297,0.864895782,2.91703165,51.5595163,-23.4980341,0,0.144070667,77689.926,19.5072343
0,45.5888944,0.787659219,-1.53547245,0.0225941338,0.091604859,0.0623242933,0.0292805657,1.61773715,28.8647851,0.990195375,0,0.144070667,13177.5631,6.74995713
0,30.39727,0.2666621,-1.186652,0.02115273,0.01968016,0.01928419,0.000395977,0.8519011,10.54591,0.103726,0.03469708,0.1440707,103.5599,3.613371
0,7.73888,0.385145,-0.96754,0.0180677,0.00150215,0.00143178,7.0369e-05,0.9008,15.5141,0.0111231,0.00243476,0.144071,8.63566,3.24818
2,9.2585596,0.49157122,-1.4359732,0.023573084,0.0064936677,-0.008879211,0.015372879,-1.4221863,19.702088,-0.088041208,0,0.14407067,-2850.2263,0.98556235
2,20.739698,0.806398051,-1.59775977,0.019711194,-0.166667112,-0.207227973,0.0405608611,2.45581201,37.953479,-3.37072265,0,0.144070667,25403.7407,9.22009621
0,102.418894,0.944803742,-1.49625855,0.0128758618,0.540746013,0.353296834,0.187449179,0.545931308,17.5044998,6.73296754,3.04094457,0.144070667,14309.8092,6.93484249
0,35.7635114,0.5889650862,-1.828156838,0.01831948826,0.9974720802,0.7118911267,0.2855809535,0.004830362425,0.06006313586,8.457233099,0,0.1440706667,394209.4618,81.20746981
0,5.47723,0.843401,-0.585592,0.0223352,4.46784e-05,8.60878e-06,3.60696e-05,0.952571,34.0228,0.000146454,1.45777e-05,0.144071,0.132553,2.64997
0,6.91091,0.334632,-0.584833,0.0148664,5.93382e-05,1.28086e-05,4.65297e-05,0.888528,13.4989,8.64557e-05,2.16891e-05,0.144071,0.0558355,2.60478
0,64.219348,0.36627542,-1.3651468,0.019844962,0.14658632,0.11135841,0.035227914,0.80225908,12.610216,0.8227274,0.36621374,0.14407067,1302.0574,4.1546726
0,25.1378,0.378467,-1.05515,0.00943315,0.00863516,0.0083746,0.000260563,0.894749,15.1362,0.0639318,0.014369,0.144071,26.1358,3.39609
0,41.49203,0.6078376,-1.166729,0.008417541,0.03918267,0.03737785,0.001804822,0.9099958,23.56045,0.4582759,0.06750504,0.1440707,167.6884,3.630665
0,6.96293,0.359735,-0.733189,0.0169109,0.00011872,7.56921e-05,4.30283e-05,0.895455,14.5106,0.000549235,0.000128196,0.144071,0.400425,2.85443
0,18.8540413,0.7411548658,-1.822898416,0.008716220076,0.6582533272,0.4920807298,0.1661725975,0.8025683445,10.21805945,7.356487353,0,0.1440706667,377269.1895,77.91042851
0,24.8613,0.931774,-0.981078,0.00847169,0.00390446,0.00362857,0.000275889,0.95436,37.4427,0.0681979,0.00617886,0.144071,23.4083,3.31582
0,27.88348,0.4807403,-1.17659,0.01403291,0.02640723,0.02543822,0.0009690149,0.9028125,18.88178,0.2466734,0.04596042,0.1440707,153.7498,3.633361
2,11.7098311,0.4419823477,-1.5408220896,0.013222143962,0.38920396011,-0.35101247113,0.74021643124,-0.004180266352,10.890712746,-3.1293392095,0,0.14407066667,-2060961.0585,-398.89959389
0,5.60008,0.875738,-0.571011,0.0248745,3.88353e-05,6.40977e-06,3.24255e-05,0.954245,35.3274,0.000113225,1.08539e-05,0.144071,0.113928,2.62761
2,1.5941264,0.8063037764798033,-1.731775244350382,0.02103141493135987,-649.219339450504,-649.662413139094,0.4430736885900615,-6.181433544341994e-07,21150.16416240881,-10566.02430469883,0,0.1440706666666666,-314531249946509.6,-61076864908.43954
0,6.02288,0.536998,-0.528834,0.01748,4.89619e-05,5.30612e-06,4.36557e-05,0.927484,21.6624,5.74745e-05,8.98492e-06,0.144071,0.0418113,2.53391
0,137.74192,0.87445119,-1.2921414,0.022498156,0.069896771,0.052071755,0.017825016,0.90785593,32.811183,0.91846573,0.12646815,0.14407067,1172.1154,4.0510324
0,7.81734,0.597601,-0.919689,0.020889,0.00072939,0.000671085,5.83049e-05,0.933915,24.0907,0.00808935,0.00113895,0.144071,6.9952,3.18919
0,22.6181073,0.4714170654,-1.820385718,0.01013692274,0.4074000669,0.2614339977,0.1459660691,1.287677239,11.26995195,2.485950831,0,0.1440706667,251109.4377,53.3888229
0,72.2912643,0.435301273,-1.54017199,0.0210003406,0.676457572,0.220351714,0.456105858,0.423099342,5.68167442,1.93477978,0,0.144070667,10534.7659,6.22996714
2,2.0565856,0.579426451,-1.752391057,0.02398253097,-0.6307971449,-0.7637846063,0.1329874614,-1.330631553,38.12004684,-8.926770891,0,0.1440706667,-343193.5068,-65.03333029
0,7.0577,0.578082,-0.836696,0.021637,0.00026578,0.000223445,4.23356e-05,0.932148,23.3147,0.00260546,0.000378665,0.144071,2.33579,3.04893
0,7.25777,0.644477,-0.775572,0.0178368,0.000171442,0.000123668,4.77742e-05,0.938754,25.9949,0.00160764,0.000209488,0.144071,1.17937,2.95247
0,7.4735,0.547554,-0.870982,0.0179271,0.000473444,0.000418712,5.47321e-05,0.92851,22.0789,0.00462452,0.00070991,0.144071,3.44937,3.10346
0,12.77428,0.5965837,-1.135464,0.01904653,0.01188402,0.01139137,0.0004926466,0.9266283,23.78124,0.1370795,0.01996635,0.1440707,111.2451,3.567355
0,6.1018,0.8146,-0.619826,0.0120908,9.15303e-05,2.46851e-05,6.68451e-05,0.950947,32.8594,0.000405607,4.18025e-05,0.144071,0.199065,2.70512
2,11.41216,0.5099331,-1.4209233,0.022344095,-0.0045725928,-0.0070346434,0.0024620506,3.1229316,20.66568,-0.072356985,0,0.14407067,1122.1628,4.1678766
0,50.58422,0.8559226,-1.152738,0.01088214,0.02618579,0.02446413,0.001721654,0.9361178,33.62527,0.4223665,0.0436277,0.1440707,194.379,3.629447
0,54.222467,0.49620081,-1.5807585,0.01547598,0.39828151,0.17589421,0.22238731,5.1601077,12.044977,1.7604925,0,0.14407067,3084.2378,4.760665
0,5.58432,0.822794,-0.565928,0.0153051,6.23023e-05,9.75898e-06,5.25434e-05,0.951431,33.1909,0.000161965,1.65254e-05,0.144071,0.10057,2.61612
1,0.13851,0.61273,-1.9959,0.018391,,,,,,,,,,
1,0.53538,0.60576,-1.9896,0.016245,,,,,,,,,,
0,122.4155,0.617583,-1.303404,0.01168478,0.1391529,0.1098716,0.02928129,0.8436504,21.44749,1.368693,0.2814067,0.1440707,952.8099,4.009065
1,0.50279,0.40534,-1.9282,0.013375,,,,,,,,,,
0,49.80776,0.5724513,-1.180959,0.01049915,0.03742604,0.03569838,0.001727662,0.9074728,22.22941,0.412204,0.06497514,0.1440707,190.4728,3.655866
0,7.47949,0.496693,-0.773658,0.0197992,0.000149502,0.000108708,4.07942e-05,0.921996,20.0345,0.00108912,0.000184142,0.144071,0.902996,2.93678
0,0.9511085,0.85031934127,-1.9453140426,0.024488186025,0.00062535650157,0.00062530707609,4.9425485979e-08,-3.7615280741,34.281952585,0.010725080766,0,0.14407066667,-1301233.1507,-250.94464144
2,26.3218922,0.224946052,-1.7330936,0.0105079793,-2.07759731,-2.88517787,0.807580562,4.19965816,27.9283537,-13.0911,0,0.144070667,62176.3213,16.5420598
0,42.398343,0.4409481,-1.3324516,0.018663394,0.11206883,0.088688941,0.023379887,0.84014312,15.795084,0.78882763,0.25586199,0.14407067,1023.2986,4.0554682
0,93.293065,0.98872908,-1.4008908,0.018715831,0.240494,0.1590558,0.081438203,0.79203795,30.294492,3.1721374,0.61457059,0.14407067,5014.5954,4.9806157
0,20.2456278,0.2771949321,-1.851015936,0.01214984974,0.7124128442,0.4764359878,0.2359768564,0.5392304908,3.215954812,2.663882195,0,0.1440706667,253601.8959,53.90395556
2,21.9638582,0.512390701,-1.62818321,0.0131902723,0.0213256353,-0.00176716859,0.0230928038,2.45986063,20.2299411,-0.0182643572,0,0.144070667,19982.086,8.1853874
0,6.39938,0.716392,-0.709289,0.0198172,8.89885e-05,4.75191e-05,4.14694e-05,0.944604,28.8979,0.000686664,8.04775e-05,0.144071,0.556124,2.84744
1,0.31812,0.46916,-1.8577,0.020353,,,,,,,,,,
0,46.056808,0.20386366,-1.4089767,0.013324493,0.2948058,0.22553479,0.069271016,0.63887024,5.7996757,0.92742442,0.95771615,0.14407067,1320.4316,4.2027905
0,18.406767,0.387308498,-1.61394136,0.0162452271,0.296247337,0.29049616,0.00575117708,2.02837431,10.995937,2.26946032,0,0.144070667,10969.6678,6.39026599
0,7.22121,0.415448,-0.732003,0.0158187,0.000127638,7.96948e-05,4.79435e-05,0.908173,16.7578,0.00066784,0.000134976,0.144071,0.449068,2.85914
2,18.3803029,0.243929724,-1.73765955,0.0175802755,0.492815358,-1.35240832,1.84522368,1.3621178,4.99098178,-6.65422877,0,0.144070667,36327.5274,11.4995966
0,59.29104,0.7489083,-1.248326,0.01583006,0.05954034,0.05058052,0.008959813,0.9076283,28.41345,0.764077,0.1023822,0.1440707,578.3097,3.85561
0,6.48776,0.668311,-0.637585,0.0190872,6.14562e-05,1.96434e-05,4.18128e-05,0.940876,26.9592,0.000264801,3.32643e-05,0.144071,0.207363,2.72497
2,1.3101161,0.7448143011,-1.881998064,0.01945657088,0.004971964056,-0.00282788882,0.007799852876,13.87012074,29.89774894,-0.04248498881,0,0.1440706667,136460.6294,31.15616132
0,7.56291,0.880561,-0.842242,0.0172671,0.000360487,0.000300636,5.98507e-05,0.954276,35.5106,0.00533982,0.000509532,0.144071,3.73176,3.07882
0,89.091388,0.85937428,-1.4419157,0.02267547,0.26659759,0.1682883,0.098309282,0.7674022,25.426106,2.9171681,0.85917194,0.14407067,7357.5042,5.496294
0,15.1625,0.622616,-1.02662,0.0169568,0.00340445,0.00324552,0.000158931,0.934664,25.0319,0.0407595,0.00554122,0.144071,28.6831,3.37284
0,31.6753776,0.273421874,-1.75443297,0.0109124633,0.995321108,0.682919668,0.31240144,0.00784976906,0.0516097127,3.76641393,0,0.144070667,80855.3388,20.2040588
0,6.59419,0.291604,-0.57825,0.0181355,4.61515e-05,9.64859e-06,3.65029e-05,0.874162,11.7633,5.67522e-05,1.63379e-05,0.144071,0.0454464,2.58761
2,0.977011,0.752192132745559,-1.8899202435029,0.0119344937560315,0.352062076497465,-0.39777951505481,0.749841591552276,-3.9741087006718e-05,19.6615319192151,-6.03526537679922,0,0.144070666666667,-34675296337.4357,-6733378.7254711
2,3.3520008,0.48631134,-1.550281,0.023126173,0.18044513,-0.0063024067,0.18674754,5.4815142,16.078577,-0.061822419,0,0.14407067,2620.1762,4.6316957
0,0.5741347999999999,0.4992582480955383,-1.911363732076312,0.01984111816208538,0,0,0,-7.576543810511645e-11,20.14097148499212,0,0,0.1440706666666666,-2.453992240574227e+16,-4765254727175.178
0,7.26414,0.269843,-0.609624,0.0106335,8.52599e-05,2.46216e-05,6.06383e-05,0.865358,10.885,0.000134015,4.16929e-05,0.144071,0.0635638,2.63623
2,31.669928,0.39479775,-1.4761122,0.014367569,-1.1656715,-1.1802409,0.014569481,-2.2305848,34.49232,-9.3987589,0,0.14407067,-5327.7097,0.51247336
0,58.78955,0.8267721,-1.183221,0.01573692,0.02665726,0.02456035,0.002096907,0.9342265,32.46435,0.4095865,0.04462728,0.1440707,278.1711,3.694617
2,12.989015,0.34295794,-1.5417764,0.015423094,0.6192508,-0.13114275,0.75039355,0.81430872,5.2678698,-0.90721523,0,0.14407067,5180.6825,5.155427
0,7.610296,0.63353235039,-1.56977415,0.017614988097,0.85350074795,0.29614104931,0.55735969864,-0.0034071236133,3.7442028538,3.7843611706,0,0.14407066667,-1260945.7923,-243.49541406
0,20.0939385,0.287635005,-1.72150744,0.0172673649,0.705601191,0.0554799095,0.650121281,0.550954072,3.41611871,0.321886418,0,0.144070667,49954.9359,14.1460337
2,14.714152,0.4207299,-1.5729516,0.016165211,-0.0061628822,-0.006177999,1.5116794e-05,2.4796694,17.0776,-0.052429581,0,0.14407067,8231.5855,5.8028304
0,20.3459,0.512677,-1.13126,0.0175646,0.0122708,0.011716,0.000554779,0.91655,20.4285,0.121157,0.0205133,0.144071,91.5359,3.54931
0,6.77101,0.916207,-0.657719,0.0146911,8.91717e-05,3.30525e-05,5.61191e-05,0.956144,36.9581,0.000610835,5.59735e-05,0.144071,0.362295,2.77381
2,10.5570904,0.9616820464,-1.471598651,0.02292330964,-325.4265316,-325.5420032,0.1154716516,-18.88500234,12664.03566,-6314.859762,0,0.1440706667,-218028.5267,-40.98580397
0,5.66352,0.573545,-0.538166,0.0122865,7.15022e-05,8.51034e-06,6.29918e-05,0.931773,23.1362,9.84554e-05,1.44109e-05,0.144071,0.0501114,2.55255
1,0.27979,0.90927,-1.9153,0.021001,,,,,,,,,,
0,19.5401437,0.932983886,-1.67812592,0.0240568846,0.328088332,0.295195624,0.0328927072,1.54358042,25.2895727,5.5553219,0,0.144070667,75608.6812,19.1054887
0,53.79647,0.5862577,-1.210289,0.008785456,0.06404772,0.06025427,0.003793454,0.8913552,22.13591,0.7125273,0.1131754,0.1440707,281.4494,3.722924
0,7.60568,0.452081,-0.952726,0.0122965,0.0018432,0.00173996,0.000103236,0.913887,18.2041,0.0158665,0.00295759,0.144071,8.25723,3.23099
0,8.9444954,0.866895532,-1.65859191,0.0240886367,0.122367222,0.11624863,0.00611859188,4.53599942,30.6926768,2.03273039,0,0.144070667,24296.9501,9.06371871
0,94.9034785,0.90402988,-1.46893625,0.0226160603,0.307301739,0.203006368,0.104295371,0.738345274,25.2628329,3.70183976,1.21885458,0.144070667,10750.5015,6.20166536
0,14.1497116,0.217166914,-1.709691,0.0228385837,0.0229414338,0.0221173019,0.000824131867,2.11947167,8.55991441,0.0968837582,0,0.144070667,27956.6625,9.83268378
0,6.13069,0.70601,-0.688608,0.00930433,0.00016488,7.75995e-05,8.72803e-05,0.943788,28.477,0.00110508,0.000131422,0.144071,0.420542,2.81237
0,7.21125,0.710504,-0.77588,0.0213963,0.000144084,0.000103504,4.05804e-05,0.944136,28.6589,0.00148336,0.000175329,0.144071,1.29794,2.95772
0,5.91434,0.643058,-0.530974,0.0133877,6.54814e-05,7.12114e-06,5.83603e-05,0.938696,25.9404,9.23687e-05,1.20585e-05,0.144071,0.0508497,2.54611
0,6.59987,0.313488,-0.583765,0.0244306,3.55962e-05,7.68816e-06,2.7908e-05,0.881914,12.6462,4.86147e-05,1.30183e-05,0.144071,0.0519829,2.60003
0,23.4103741,0.287646854,-1.72873819,0.0144622701,0.857723876,0.224691819,0.633032057,-0.358733941,1.65099904,1.30368317,0,0.144070667,-40688.4871,-6.20585165
2,27.7871215,0.685758761,-1.68869987,0.00892080755,0.297474561,-0.236072838,0.533547399,1.36635518,19.4351808,-3.26544638,0,0.144070667,75191.8178,19.0348305
0,43.77924,0.3064558,-1.189522,0.01588627,0.02701059,0.02638394,0.0006266536,0.8627202,12.02905,0.163092,0.04793461,0.1440707,121.0235,3.62764
0,5.84753,0.602838,-0.59498,0.0247754,4.02053e-05,8.75555e-06,3.14498e-05,0.934891,24.3186,0.000106466,1.48261e-05,0.144071,0.108909,2.64926
0,6.11611,0.985305,-0.686929,0.0247202,6.2719e-05,2.85854e-05,3.41336e-05,0.959107,39.7465,0.000568121,4.84098e-05,0.144071,0.565268,2.82592
1,0.28798,0.94452,-1.8882,0.0085444,,,,,,,,,,
0,6.1194,0.454436,-0.676666,0.0125768,0.00010926,4.9247e-05,6.00126e-05,0.91539,18.3308,0.000451417,8.33996e-05,0.144071,0.239412,2.77145
0,14.1843419,0.4064583441,-1.864014138,0.02429194393,0.5268072518,0.4491339969,0.07767325498,-0.8982816865,7.759063211,3.682282839,0,0.1440706667,-434033.7585,-82.57347609
0,5.9847,0.381311,-0.560764,0.0130953,6.53028e-05,1.0674e-05,5.46288e-05,0.900813,15.3818,8.20979e-05,1.80745e-05,0.144071,0.0460671,2.57082
0,37.913681,0.62103935,-1.3393511,0.013659342,0.1749767,0.12706866,0.047908044,0.81868764,20.670001,1.5917788,0.38199286,0.14407067,1501.5667,4.1749437
0,5.96111,0.941598,-0.698356,0.0199041,8.3432e-05,4.11135e-05,4.23185e-05,0.957278,37.9826,0.000780864,6.9628e-05,0.144071,0.626773,2.84266
0,7.43352,0.463218,-0.884008,0.0156779,0.000627305,0.000565797,6.1508e-05,0.916531,18.6753,0.00528653,0.000959601,0.144071,3.49412,3.11716
0,6.44072,0.466452,-0.599164,0.0242142,4.03728e-05,9.45318e-06,3.09197e-05,0.917432,18.8168,8.89427e-05,1.60074e-05,0.144071,0.0906148,2.64399
0,0.5573977,0.470515876565,-1.95266539454,0.00864843839515,0,0,0,-0.0658478018727,18.9814527637,0,0,0.144070666667,-45232559.3604,-8781.87030683
1,0.37528,0.82177,-1.7857,0.011664,,,,,,,,,,
0,7.45327,0.306327,-0.821328,0.021169,0.000222393,0.000187505,3.48879e-05,0.879371,12.355,0.00115857,0.000317704,0.144071,1.07704,2.99354
1,0.57444,0.95315,-1.8185,0.010216,,,,,,,,,,
0,39.9451329,0.4357216781,-1.796643668,0.01691396874,0.9999805068,0.719479209,0.2805012978,3.495643612e-05,0.0003426474082,6.323428125,0,0.1440706667,207312.0527,44.85049123
2,15.5994464,0.78791601206,-1.7459671837,0.011049837308,-4.4328790965,-11.058922302,6.6260432052,-0.22138016984,172.68918219,-175.75913381,0,0.14407066667,-8604678.4142,-1669.4516082
0,34.959058,0.92065304,-1.3296766,0.018587232,0.12814747,0.088333137,0.039814329,0.86998787,32.381294,1.6403813,0.24791433,0.14407067,1954.9456,4.2668654
2,16.0641658,0.340494375,-1.60711667,0.0224272827,0.00839263113,-0.000132532075,0.00852516321,2.31107815,13.6208702,-0.000910240408,0,0.144070667,10925.1749,6.37459268
0,7.66227,0.346259,-0.971975,0.0195031,0.00146701,0.00140387,6.31447e-05,0.890986,13.9482,0.00980511,0.00238776,0.144071,8.30962,3.25057
0,25.2724389,0.533723186,-1.876456039,0.02412384677,0.7535212812,0.614646856,0.1388744252,1.104255555,5.307019261,6.617087915,0,0.1440706667,283344.1871,59.71056413
0,6.03994,0.823003,-0.690696,0.0142342,0.000110487,5.21037e-05,5.83828e-05,0.951411,33.1977,0.000864957,8.82403e-05,0.144071,0.499548,2.82332
0,7.32303,0.297475,-0.822413,0.0165527,0.000287311,0.000243153,4.41583e-05,0.876189,11.9972,0.001459,0.000412009,0.144071,1.06438,2.99401
0,18.2378436,0.230938712,-1.70596426,0.0245768456,0.014824498,0.0140506336,0.000773864477,3.76348908,9.1783689,0.0654512307,0,0.144070667,16092.7012,7.49679026
0,23.7881,0.539915,-1.11652,0.0196292,0.00907323,0.00873906,0.000334169,0.922066,21.5835,0.0951733,0.015189,0.144071,79.548,3.52502
0,39.2110825,0.52199187899,-1.6531599378,0.024664557244,0.79798990667,0.57072375286,0.22726615382,-0.01407736537,4.2539460903,6.0091751782,0,0.14407066667,-1011949.0215,-195.04959249
0,7.65978,0.664629,-0.799302,0.0100855,0.000384262,0.000296588,8.76733e-05,0.940361,26.802,0.00397611,0.000502518,0.144071,1.64649,2.99343
0,19.4063,0.528721,-1.11177,0.00892645,0.0186817,0.0180112,0.000670521,0.91448,20.9311,0.192085,0.0314232,0.144071,73.1786,3.51475
0,5.96964,0.521097,-0.593943,0.0105256,9.30053e-05,2.03359e-05,7.26694e-05,0.925409,21.02,0.00021375,3.44364e-05,0.144071,0.093843,2.64057
0,27.523,0.77629,-1.04021,0.0226536,0.00305043,0.00288881,0.000161621,0.946736,31.2214,0.0452343,0.0049387,0.144071,42.0543,3.40868
0,6.27188,0.558112,-0.612508,0.0118571,8.80708e-05,2.29136e-05,6.51572e-05,0.930009,22.5132,0.000257953,3.88019e-05,0.144071,0.126946,2.67467
0,62.84581,0.3374641,-1.218245,0.008463156,0.07090838,0.06890555,0.002002831,0.8444004,12.64857,0.4690369,0.1301277,0.1440707,188.0323,3.692016
0,28.061,0.538259,-1.11406,0.0176037,0.00980619,0.00944651,0.000359681,0.921391,21.5014,0.102562,0.0164096,0.144071,76.8358,3.52025
0,29.0235,0.521948,-1.1154,0.0131284,0.0133349,0.0128603,0.000474626,0.917042,20.7755,0.135395,0.0223866,0.144071,75.8926,3.52078
0,15.7237966,0.3796828155058,-1.695434180876,0.009409557058928,0.2462673378407,0.2462519818697,1.535597096691e-05,-0.0001233850309849,11.54498685714,1.8859312041,0,0.1440706666667,-539316339.2064,-104725.3075441
2,16.9552645,0.370065027109,-1.69118395915,0.0136412245281,-2.46842079956,-3.06515135978,0.596730560217,-0.0133705393546,51.7803512655,-22.8799536249,0,0.144070666667,-21135817.1746,-4102.89637416
2,17.123946,0.239759,-1.5997183,0.022293713,-0.1303838,-0.25564449,0.12526069,2.0595984,10.933419,-1.236336,0,0.14407067,8948.2969,5.9730604
0,7.34569,0.651412,-0.915406,0.0148247,0.000978385,0.000894964,8.3421e-05,0.938846,26.2534,0.0117594,0.00151896,0.144071,7.17729,3.18626
0,38.664845,0.52803689,-1.5002474,0.011431704,0.22026869,0.17686163,0.043407062,1.3422181,16.6098,1.8837491,0,0.14407067,5813.1961,5.2426408
0,12.4370267,0.450779797,-1.62458159,0.0202019986,0.476954796,0.101727079,0.375227717,-1.97388462,9.51171511,0.924966895,0,0.144070667,-11178.9836,-0.513359989
0,53.1998538,0.863959043,-1.64993247,0.016674546,0.796647035,0.5358752,0.260771835,0.283798684,7.08759397,9.33860452,16.9041145,0.144070667,80236.5456,19.979004
0,6.43026,0.453408,-0.71562,0.0205649,8.68106e-05,4.96707e-05,3.71399e-05,0.915229,18.2897,0.000454271,8.41212e-05,0.144071,0.394047,2.83603
2,29.2133406,0.991677717,-1.6803782,0.016044868,-0.543743209,-0.705784741,0.162041532,-5.31719734,61.7590748,-14.1178314,0,0.144070667,-55174.9093,-9.08288895
0,7.64973,0.620397,-0.937443,0.0243856,0.000777469,0.00072174,5.57291e-05,0.936142,25.0085,0.00903183,0.00122554,0.144071,9.10008,3.22086
2,23.5520255,0.211742321,-1.726863113,0.02133923601,-4.924021488,-8.620226871,3.696205383,-3.939556897,50.60337237,-36.81726603,0,0.1440706667,-110858.5737,-19.88512007
0,39.896285,0.36935919,-1.476403,0.018887027,0.37238313,0.24814575,0.12423737,0.6396294,9.3518747,1.8487616,1.6064155,0.14407067,5056.2564,5.0646429
1,0.31112,0.81664,-1.9059,0.01211,,,,,,,,,,
0,58.09016,0.6081294,-1.206796,0.02012552,0.02721155,0.02550553,0.001706021,0.9178105,23.86545,0.3128639,0.04723755,0.1440707,281.7658,3.719551
0,0.4661033,0.2540756922541395,-1.994616014895765,0.01540098182662505,0,0,0,-9.122567847288598e-56,10.2498682640512,0,0,0.1440706666666666,-3.021923313703601e+61,-5.86808471424458e+57
0,6.80849,0.266422,-0.618953,0.01055,8.88287e-05,2.79759e-05,6.08528e-05,0.863863,10.747,0.000150341,4.73731e-05,0.144071,0.0708703,2.65115
0,25.9233,0.688583,-1.03607,0.0200418,0.00325692,0.00309767,0.000159251,0.940453,27.6882,0.0430245,0.00529343,0.144071,35.6016,3.39473
0,49.4721,0.3968565,-1.217752,0.02157612,0.02822816,0.02719974,0.001028416,0.8864557,15.55797,0.2177326,0.0507197,0.1440707,218.9189,3.705335
2,29.2356643,0.63296603670551,-1.8848374610857,0.013372144075778,-1075.4435191414,-2279.7767585247,1204.3332393832,-0.79746744773212,27486.967001677,-29107.030428656,0,0.14407066666667,-2263092997.7234,-439454.64756536
0,20.1144546,0.89583114,-1.68702676,0.0094405231,0.231604598,0.203884285,0.0277203128,1.82842578,27.7693733,3.68413111,0,0.144070667,78578.0032,19.692963
0,15.863,0.51538,-1.01977,0.0126674,0.00415274,0.00397784,0.000174897,0.922052,20.705,0.0413524,0.00679244,0.144071,22.0227,3.35111
0,7.96553,0.672029,-0.937485,0.0227619,0.000835612,0.000773623,6.19888e-05,0.940685,27.0882,0.0104868,0.00131367,0.144071,9.81452,3.22493
0,6.30372,0.838483,-0.640091,0.00925636,0.000130131,4.18293e-05,8.83016e-05,0.952251,33.8215,0.000707457,7.08369e-05,0.144071,0.265447,2.74018
0,8.06831,0.830217,-0.937261,0.0144857,0.0013196,0.0012118,0.000107795,0.951028,33.4483,0.0202931,0.0020583,0.144071,11.9527,3.23525
0,17.3285285,0.539844493,-1.71076824,0.0227888224,0.256690077,0.174543177,0.0821468993,-11.1086904,16.1880215,1.90062625,0,0.144070667,-10227.8362,-0.237906873
2,20.7954276,0.527078161,-1.60407994,0.0170968907,-0.272323215,-0.336844414,0.0645211995,2.76847771,27.0537604,-3.58120797,0,0.144070667,17421.4585,7.65700555
2,16.0988718,0.59286237,-1.61522082,0.0240041646,0.312747573,-0.173148527,0.4858961,1.62130033,16.4371052,-2.07060786,0,0.144070667,20854.9231,8.34411261
0,47.9746146,0.313012855,-1.64834086,0.020690254,0.532680865,0.467981128,0.0646997367,0.795577415,5.90107188,2.95471559,0,0.144070667,23348.2072,8.86719059
0,46.804494,0.25433732,-1.4262118,0.020540936,0.24533774,0.17228208,0.073055665,0.69982686,7.7431538,0.88384348,0.77519822,0.14407067,2008.1568,4.3751133
0,8.46323,0.456508,-0.972791,0.00899356,0.00323305,0.0030734,0.000159649,0.913758,18.3568,0.0283004,0.00523259,0.144071,10.7758,3.26522
0,42.424717,0.74913665,-1.4990653,0.017624378,0.1560376,0.10700519,0.049032411,1.6706245,25.505821,1.6169294,0,0.14407067,7063.8252,5.4943228
0,50.86759,0.3679027,-1.336698,0.01249167,0.167587,0.137631,0.02995599,0.7881997,12.35455,1.02135,0.4037069,0.1440707,900.9788,4.029421
1,0.32199,0.6787,-1.8727,0.018386,,,,,,,,,,
2,36.8540364,0.4355614545285,-1.855455483039,0.01625758339029,-40.47039159279,-40.84187355866,0.371481965872,-0.2451101104255,728.6898863261,-358.8229946445,0,0.1440706666667,-133833331.2588,-25986.85545241
0,6.31679,0.993906,-0.651332,0.0216473,5.8901e-05,2.06649e-05,3.82361e-05,0.959449,40.0936,0.000414289,3.49947e-05,0.144071,0.360824,2.76721
0,7.6589,0.923195,-0.794313,0.0114044,0.000327863,0.000246019,8.18434e-05,0.956306,37.2311,0.00458129,0.000416818,0.144071,2.10943,3.00126
0,35.0037504,0.29841747676,-1.8107077144,0.020163536109,0.93652872744,0.37134525086,0.56518347657,-0.011714508875,0.76411130623,2.2352561502,0,0.14407066667,-1652693.4633,-319.33942264
0,7.2847,0.726467,-0.740545,0.0194638,0.000115674,7.22782e-05,4.3396e-05,0.945313,29.3036,0.00105913,0.000122419,0.144071,0.841898,2.90005
0,6.20172,0.572485,-0.629128,0.0132548,8.42824e-05,2.53751e-05,5.89073e-05,0.931648,23.0931,0.00029302,4.29705e-05,0.144071,0.16092,2.70348
2,16.82815,0.9627571,-1.363991,0.01179541,0.3156974,-0.1143202,0.4300175,2.255127,26.57787,-2.22006,0,0.1440707,961.8926,4.071904
0,7.52541,0.485243,-0.928233,0.0166241,0.00101052,0.000940735,6.97888e-05,0.919757,19.5558,0.00920772,0.00159715,0.144071,6.43465,3.19333
0,7.32846,0.318706,-0.845371,0.0107199,0.000576353,0.000504055,7.22978e-05,0.883287,12.8498,0.00324036,0.000854389,0.144071,1.51871,3.03532
0,3.4301641,0.9652689263,-1.753612389,0.01764293149,0.7767058509,0.5409062563,0.2357995946,-0.2426674442,8.695225221,10.53162777,0,0.1440706667,-436039.5753,-83.07361183
0,0.9399506,0.4143389477784301,-1.968915070145703,0.02065825520038385,0.1075162693789104,0.03509244690856582,0.07242382247034457,-3.529419174203751e-11,14.91802164405261,0.2932881937021056,0,0.1440706666666666,-8.171822452032928e+16,-15868353177871.87
0,13.1948,0.216521,-0.636999,0.019185,5.48421e-05,1.93993e-05,3.54427e-05,0.837617,8.73438,8.47253e-05,3.28467e-05,0.144071,0.0748993,2.67204
0,34.315067,0.54644166,-1.3271892,0.0085398633,0.22716342,0.17598092,0.0511825,0.77457092,17.036746,1.9397,0.52262448,0.14407067,1118.9314,4.0733668
0,25.5395644,0.458789271,-1.7006854,0.00868483433,0.736976605,0.514771855,0.222204749,0.679636322,4.86813708,4.76379669,0,0.144070667,44166.4488,12.9948534
0,7.43008,0.400136,-0.937374,0.0240156,0.000778459,0.000732236,4.62236e-05,0.904586,16.1297,0.00590995,0.00124333,0.144071,6.06864,3.19939
2,10.838292,0.4999689,-1.489955,0.014811403,-1.3286036,-1.331616,0.003012424,-16.451264,46.967097,-13.429108,0,0.14407067,-1175.0403,1.4103679
2,11.299675,0.76476824,-1.6047316,0.01535464,0.26853394,-0.034729722,0.30326366,4.2422639,22.567279,-0.53574277,0,0.14407067,9563.4526,6.1009432
0,54.65049,0.2490466,-1.192361,0.01240131,0.03583201,0.03515809,0.0006739268,0.8337677,9.68698,0.1766164,0.06368592,0.1440707,104.5904,3.61979
0,27.7961,0.467227,-1.07026,0.0172914,0.00573453,0.00553981,0.00019472,0.913936,18.7407,0.0522093,0.00951789,0.144071,38.466,3.43345
0,38.542209,0.79143286,-1.3466705,0.019138106,0.14232346,0.097860156,0.044463302,0.85369984,27.383741,1.5622306,0.29951374,0.14407067,2095.7556,4.314776
0,7.34176,0.556831,-0.938898,0.0140475,0.00136876,0.00127609,9.2669e-05,0.92904,22.4328,0.0143328,0.00216761,0.144071,8.38042,3.21795
2,1.5659231,0.675572667,-1.82254886,0.0155139006,0.577859802,-0.0187842055,0.596644007,4.94698366,11.5049291,-0.255970591,0,0.144070667,68605.4188,17.8849974
0,6.39836,0.304928,-0.547226,0.0170478,4.64581e-05,6.89064e-06,3.95674e-05,0.878995,12.3008,4.23821e-05,1.16678e-05,0.144071,0.0317279,2.53812
0,39.24918,0.503525,-1.241608,0.01037263,0.07863409,0.07329262,0.005341465,0.8717692,18.7158,0.7444001,0.1433321,0.1440707,363.8114,3.783426
0,7.74651,0.473751,-0.927914,0.0204132,0.000819266,0.000763074,5.61918e-05,0.918105,19.0963,0.00729192,0.00129538,0.144071,6.26905,3.19164
0,5.94202,0.534248,-0.560522,0.0231824,3.89422e-05,6.01084e-06,3.29314e-05,0.927144,21.5517,6.47743e-05,1.01783e-05,0.144071,0.0625177,2.58627
2,20.9849614,0.495124447,-1.70040019,0.00925648009,-21.0726439,-22.6286542,1.55601031,93.3165186,440.883549,-225.994707,0,0.144070667,29025.5578,10.032883
0,6.91675,0.735672,-0.831563,0.0162344,0.000337998,0.000278802,5.91963e-05,0.945816,29.6683,0.00413719,0.000472476,0.144071,2.74245,3.05212
0,7.71361,0.51391,-0.969357,0.0124544,0.00224536,0.00212502,0.000120342,0.923072,20.6855,0.022028,0.00361549,0.144071,11.5016,3.26528
0,7.50123,0.653409,-0.938958,0.0137818,0.00140348,0.00130165,0.000101831,0.938746,26.3227,0.0171556,0.00221112,0.144071,9.73948,3.22599
