Error,time,CO2share,E_appl,v,X_tot,X_het,X_hom,FE,CO2_out,CO_out,H2_out,delP,CD,Vcell
2,16.4266537,0.653929688347,-1.559306711332,0.02329776790811,0.008092066410456,-0.0002102672876028,0.008302333698059,-6.657448843633e-05,26.1672199428,-0.002773498514912,0,0.1440706666667,-394259933.6496,-76557.82741367
0,41.6191,0.733391,-1.06705,0.0196048,0.00493507,0.00469374,0.000241322,0.942681,29.4403,0.0694353,0.00805557,0.144071,56.2177,3.45318
2,13.2512656,0.866019947,-1.56968076,0.0164672496,-0.000691653262,-0.000692022633,3.69370964e-07,2.99508162,34.9609591,-0.0120885264,0,0.144070667,13377.6143,6.82378631
0,53.946475,0.93321987,-1.3439915,0.021589065,0.12482344,0.084110212,0.040713231,0.87228095,32.948437,1.5832805,0.25652971,0.14407067,2384.4447,4.3747869
0,82.399063,0.50637186,-1.4935827,0.023093137,0.32713579,0.22165595,0.10547985,0.69519143,13.745235,2.263988,1.6382303,0.14407067,8525.9536,5.7824283
2,0.9909801,0.6704307304338299,-1.762312165387055,0.02131680567372185,-440.2873801830775,-440.2873801830775,0,-1.861858783335711e-09,11935.22434240449,-5954.088983277119,0,0.1440706666666666,-8.723116461920739e+16,-16938876687786.19
0,45.69572,0.2312139,-1.258443,0.01509981,0.06613251,0.06146881,0.004663699,0.8072123,8.710725,0.2866777,0.1222286,0.1440707,227.0117,3.749463
0,45.22833,0.5739095,-1.245724,0.01369078,0.06423579,0.05815683,0.006078961,0.889841,21.66532,0.6732391,0.1144883,0.1440707,434.99,3.810544
0,34.2788268,0.2296930211,-1.701497953,0.01245349395,0.7631701685,0.3069400683,0.4562301002,-0.03300428179,2.194519136,1.422088276,0,0.1440706667,-414293.4976,-78.90036218
0,293.3586,0.6821448,-1.278446,0.02306443,0.05793267,0.04681191,0.01112076,0.9040397,25.9247,0.6441072,0.1034639,0.1440707,780.0009,3.940269
0,7.55264,0.867608,-0.875125,0.0236428,0.000383574,0.000334829,4.87447e-05,0.953613,34.9874,0.00585965,0.00056771,0.144071,5.6131,3.13304
0,7.66375,0.550953,-0.906109,0.0226547,0.000568923,0.000519916,4.90065e-05,0.928857,22.2138,0.00577794,0.000882077,0.144071,5.44723,3.16245
2,18.665024,0.53305718,-1.4362274,0.0094303936,0.87662967,-0.75555224,1.6321819,-0.090904437,2.6530148,-8.1238793,0,0.14407067,-6024.1557,0.3310374
2,16.7099826,0.780597693,-1.63188531,0.0194953642,0.00155932775,-0.000665882943,0.00222521069,2.84798344,31.441604,-0.0104845628,0,0.144070667,28130.4019,9.7889338
0,55.5671769,0.377711165,-1.71619552,0.0144374865,0.968661174,0.70931998,0.259341194,0.0486121117,0.477526758,5.40414741,45.7298436,0.144070667,73923.3876,18.8151434
0,50.165047,0.22164073,-1.5281508,0.015621445,0.61256731,0.26425217,0.34831514,0.46863351,3.4641843,1.18139,0,0.14407067,4969.3423,5.0986225
2,9.7404002,0.23514173915,-1.5721262827,0.018622297039,0.074998289726,-0.11035849083,0.18535678055,-0.0092629575267,8.7746020219,-0.52343245748,0,0.14407066667,-1120273.1752,-216.17064435
2,5.222618,0.4155755454702,-1.481588802864,0.02402796361715,-0.04345606651272,-0.04994808632056,0.006492019807836,-2.32344520989e-05,17.49360508055,-0.4186913683588,0,0.1440706666667,-278313734.8101,-54043.01685634
0,55.58558,0.410679,-1.273307,0.02194741,0.05371784,0.04925451,0.004463323,0.8728792,15.67755,0.4080127,0.1017832,0.1440707,457.3209,3.845036
0,42.47696,0.3697959,-1.272722,0.01704714,0.06810396,0.06365752,0.004446434,0.8544674,13.90224,0.4748287,0.1300614,0.1440707,411.1748,3.830026
0,32.125498,0.96757306,-1.4573052,0.010467127,0.51030792,0.21321796,0.29708996,1.1025523,19.114459,4.1613354,0,0.14407067,4691.2197,4.9708107
0,9.8702874,0.84678393,-1.71166422,0.0212555282,0.54761703,0.0307452179,0.516871812,2.09261134,15.453755,0.525140306,0,0.144070667,52432.0055,14.6196839
0,45.1145099,0.8261057884,-1.740341379,0.01906078286,0.9192676162,0.6620998738,0.2571677423,0.1360424073,2.690534763,11.03276432,0,0.1440706667,202950.1048,43.94607678
0,6.17521,0.905385,-0.698851,0.0227069,7.32297e-05,3.62692e-05,3.69605e-05,0.955654,36.5222,0.000662364,6.14235e-05,0.144071,0.607554,2.84155
1,0.40969,0.61918,-1.9161,0.015331,,,,,,,,,,
0,7.20448,0.977279,-0.754071,0.0233973,0.000109544,7.15329e-05,3.80111e-05,0.958755,39.4209,0.0014101,0.000121162,0.144071,1.32858,2.93712
0,16.9023245,0.3231292849,-1.829789465,0.01395227757,0.7030498804,0.5490075736,0.1540423068,0.5867295506,3.87092708,3.578325354,0,0.1440706667,213591.1776,46.10447437
2,1.6363935,0.355452387971102,-1.760141805916009,0.008475733487793702,-2957.187771710669,-2957.210740149666,0.02296843899739542,-0.001015152840353207,42419.186923381,-21202.58834781427,0,0.1440706666666666,-552982636779.0853,-107380254.0500686
0,35.3732334,0.2526028958,-1.782920641,0.01714382907,0.9982930525,0.7008661926,0.2974268599,0.002622658464,0.01739456809,3.571072003,0,0.1440706667,117604.2454,27.38783896
0,29.168773,0.74176229,-1.4728121,0.021405877,0.73508233,0.18836273,0.54671959,0.52690168,7.9274015,2.818285,0,0.14407067,4968.5384,5.0431194
0,7.8449,0.21806,-0.92001,0.024872,0.00059676,0.00056604,3.0725e-05,0.83825,8.7918,0.0024897,0.00096055,0.14407,2.8561,3.1427
0,48.561,0.983666,-1.04566,0.0186321,0.00401678,0.00376273,0.00025405,0.956462,39.5235,0.074658,0.00643964,0.144071,56.5128,3.43212
0,38.381886,0.76490493,-1.3737148,0.0085906553,0.90721984,0.14260051,0.76461933,0.17403265,2.8629763,2.2001571,0,0.14407067,1521.268,4.2138028
0,5.54621,0.70101,-0.533123,0.016915,5.24218e-05,5.79391e-06,4.66279e-05,0.943482,28.2785,8.19259e-05,9.81099e-06,0.144071,0.0566951,2.55385
0,19.0226599,0.282413934,-1.683874,0.0209334188,0.423763488,0.158829594,0.264933894,1.22756086,6.56511078,0.904779428,0,0.144070667,26571.9716,9.53537211
0,7.5091,0.971333,-0.739664,0.0216312,0.000104623,6.43047e-05,4.0318e-05,0.958517,39.1812,0.0012599,0.000108914,0.144071,1.09769,2.91285
0,31.748931,0.83187271,-1.3351634,0.021684326,0.11484749,0.079635404,0.035212084,0.87498962,29.705041,1.3362516,0.22802273,0.14407067,1913.3245,4.2631643
0,7.20253,0.386078,-0.786742,0.0163691,0.000202445,0.000155539,4.69062e-05,0.901831,15.5719,0.00121126,0.000263489,0.144071,0.848871,2.94668
0,7.47406,0.848782,-0.741848,0.0248491,9.21701e-05,5.75703e-05,3.45998e-05,0.952827,34.2382,0.000985643,9.75076e-05,0.144071,0.992392,2.90984
2,0.9247114,0.57012163,-1.939342,0.024875216,0.0037469173,-0.00083160581,0.0045785231,-878.58469,22.913549,-0.0095633534,0,0.14407067,-3448.6415,1.3629361
0,7.4025,0.452507,-0.665055,0.0166787,7.71043e-05,3.19912e-05,4.51131e-05,0.915081,18.2535,0.000291999,5.41752e-05,0.144071,0.205441,2.75197
2,11.3291611,0.235387645,-1.81103247,0.0104126286,-0.260517506,-0.260656673,0.000139166957,5.16422093,11.9698225,-1.23759254,0,0.144070667,58973.1432,15.9952757
0,48.3082,0.310676,-1.15605,0.00909793,0.0313541,0.0306542,0.000699908,0.861404,12.1402,0.192098,0.0544517,0.144071,79.5815,3.56458
0,5.9482,0.964306,-0.628239,0.0243783,4.72979e-05,1.36404e-05,3.36575e-05,0.958265,38.9,0.000265317,2.30985e-05,0.144071,0.260548,2.72737
2,4.360199,0.8305757256,-1.646401379,0.01584790069,0.7603532567,-0.0008080333815,0.76116129,-0.03436722171,8.029822255,-0.01353735156,0,0.1440706667,-717376.7322,-137.8375152
0,6.7251,0.21925,-0.69246,0.010243,0.00013187,7.4068e-05,5.7805e-05,0.83926,8.8438,0.00032757,0.00012543,0.14407,0.15432,2.7647
0,16.97134,0.8908703,-1.125902,0.01381869,0.01479416,0.01388269,0.0009114635,0.9453537,35.40761,0.2494671,0.024339,0.1440707,143.585,3.577184
0,18.1113,0.667332,-1.01878,0.0203206,0.00257998,0.00245065,0.000129329,0.939171,26.8519,0.0329874,0.0041809,0.144071,27.6869,3.36298
0,5.88744,0.94172,-0.62893,0.0207516,5.56405e-05,1.61669e-05,3.94736e-05,0.957302,37.9886,0.000307097,2.73771e-05,0.144071,0.256969,2.72735
1,0.28753,0.64612,-1.8302,0.012877,,,,,,,,,,
2,2.7151007,0.4973279183,-1.849936174,0.02222033161,-0.3280482663,-0.5511210141,0.2230727478,9.759371265,26.64476321,-5.528597603,0,0.1440706667,114494.2374,26.84956432
2,16.0734515,0.660895303,-1.71117943,0.0238780992,-0.471298829,-0.477045962,0.00574713234,12.7342223,39.2273275,-6.35942808,0,0.144070667,21735.1647,8.61312407
2,14.842528,0.825999767813458,-1.7607983350094,0.0205062414347941,-1.14183050500533,-1.34022885621932,0.198398351213986,-5.95606736290547e-05,71.3707385839566,-22.3297602486211,0,0.144070666666667,-15992029836.0041,-3105391.62957753
0,1.3035316,0.3653518532,-1.903597307,0.01246408721,0.94004243,0.6136937171,0.3263487129,-0.182226641,0.8837114949,4.52259983,0,0.1440706667,-405170.6365,-76.92560714
0,38.6927751,0.5483848727,-1.7379456,0.01306320687,0.9794854759,0.7059956647,0.2734898112,0.037734972,0.4538392765,7.809310141,0,0.1440706667,119679.0966,27.74666497
2,13.1360001,0.75219089334,-1.6239351382,0.022353364014,0.0015994607191,-0.00020687922452,0.0018063399436,-0.019063677533,30.296191987,-0.0031388468143,0,0.14407066667,-3656288.3268,-708.63260567
0,56.92918,0.4413383,-1.317074,0.02084551,0.089088,0.0729391,0.0161489,0.8555023,16.21822,0.6493177,0.1880197,0.1440707,846.906,3.996117
2,38.579932,0.9430239,-1.4464459,0.01532007,0.051815054,-0.010008369,0.061823423,1.8997388,36.072058,-0.19037555,0,0.14407067,4469.1172,4.9143305
0,7.29503,0.463354,-0.728548,0.00963306,0.000205325,0.000125183,8.01422e-05,0.916821,18.6887,0.00116999,0.000212025,0.144071,0.474552,2.85853
0,7.26233,0.872868,-0.862468,0.00884675,0.000884951,0.00076048,0.000124471,0.953553,35.1819,0.0133894,0.00128953,0.144071,4.79764,3.11216
2,44.8227324,0.7410114875819673,-1.783277622240717,0.01262149957466528,-56270.94680276429,-1397917.432628376,1341646.485825612,-1.001974560342299e-07,1682178.381207798,-20894483.10828163,0,0.1440706666666666,-2.990596625903858e+17,-58072533698514.09
0,42.4992,0.695916,-1.06844,0.00857671,0.0114173,0.010885,0.000532347,0.935738,27.754,0.152795,0.0187462,0.144071,54.3552,3.45249
0,19.7303685,0.2679159491,-1.880579892,0.00956094565,0.9203154615,0.7056131522,0.2147023094,0.1536524897,0.8612471459,3.813207211,0,0.1440706667,348438.489,72.36557101
2,6.3432703,0.75453448,-1.884873874,0.02340206014,-0.02039129776,-0.3210346408,0.300643343,-5.247916684,31.05996792,-4.886030323,0,0.1440706667,-388781.6345,-73.75973072
2,0.8849407,0.413275163123,-1.94494193318,0.0246561984874,-1.79431804439,-1.79431804439,0,-0.58201051852,46.5875967153,-14.9576684012,0,0.144070666667,-11374113.5184,-2207.04632912
0,37.49226,0.4523373,-1.251856,0.01826866,0.05084533,0.04737607,0.003469262,0.8823068,17.32027,0.4322615,0.09283085,0.1440707,379.4646,3.798878
0,51.2285398,0.257047421,-1.60219514,0.0130364284,0.518673632,0.372278722,0.146394911,0.801301507,4.9912356,1.93021922,0,0.144070667,10839.1639,6.35256307
1,51.0161,0.388837,-1.36991,0.0243004,,,,,,,,,,
0,1.2066516,0.9732282614,-1.549150086,0.008440376365,0.02616526377,0.004532474235,0.02163278954,-0.1196348144,38.23447573,0.08897648117,0,0.1440706667,-281366.4245,-53.2205487
2,21.0139085,0.262587995,-1.72831299,0.0105629629,-0.0462293044,-0.168010861,0.121781557,1.99536238,11.0829893,-0.889892191,0,0.144070667,48838.2865,13.9348425
0,7.62053,0.514849,-0.839007,0.0158487,0.000370537,0.000314219,5.63178e-05,0.924396,20.7622,0.00326316,0.000532535,0.144071,2.16071,3.0472
0,7.76112,0.287807,-0.924282,0.0111048,0.00141955,0.00133844,8.11041e-05,0.871867,11.5942,0.00777011,0.00227264,0.144071,3.82534,3.16215
2,35.5698848,0.55933915,-1.48782481,0.0126977003,-4.20532349,-4.49397421,0.288650719,-0.853792929,117.456785,-50.7026856,0,0.144070667,-55093.5254,-9.25956306
0,6.11867,0.955293,-0.700345,0.0188985,8.90921e-05,4.44215e-05,4.46706e-05,0.957861,38.5348,0.000855963,7.52307e-05,0.144071,0.651945,2.84668
0,7.24278,0.566319,-0.847805,0.00838945,0.000775635,0.000664432,0.000111203,0.930513,22.8286,0.00758991,0.00112638,0.144071,2.64249,3.06643
0,5.50514,0.997036,-0.512315,0.020075,4.4032e-05,3.73693e-06,4.02951e-05,0.959581,40.2205,7.51538e-05,6.32782e-06,0.144071,0.0606895,2.53654
0,36.740255,0.68545753,-1.3282304,0.024271902,0.093988133,0.067902673,0.02608546,0.87996642,25.053569,0.93884218,0.18635664,0.14407067,1467.8765,4.1561148
0,1.192256,0.2090373,-1.571807,0.0119571,0.06553022,0.01136585,0.05416437,11.72423,7.880327,0.04792376,0,0.1440707,791.6371,4.23665
0,43.455495,0.28850335,-1.371944,0.01550942,0.18067454,0.14254286,0.03813168,0.7565527,9.5359174,0.82950975,0.51133704,0.14407067,1139.3665,4.1230197
0,57.97237,0.4786121,-1.231505,0.02074944,0.03513534,0.03315554,0.001979803,0.8967842,18.62967,0.3200847,0.06293145,0.1440707,309.1924,3.754359
0,9.37935,0.859615,-0.961266,0.0127254,0.00202346,0.00187534,0.000148129,0.952139,34.6082,0.0325168,0.00318925,0.144071,16.8142,3.27773
1,0.61374,0.96009,-1.9047,0.0098271,,,,,,,,,,
0,34.7264453,0.759502734,-1.59364447,0.0102864846,0.99278727,0.830408544,0.162378726,0.0118479575,0.220995874,12.7217343,0,0.144070667,29082.0415,9.93719542
0,27.0938,0.481842,-1.12562,0.0149856,0.0132855,0.0128452,0.00044028,0.911425,19.1801,0.124845,0.0223639,0.144071,80.3876,3.53483
0,5.77355,0.802272,-0.513007,0.0157207,5.55544e-05,4.81457e-06,5.07398e-05,0.950255,32.3633,7.79119e-05,8.15265e-06,0.144071,0.0497531,2.52702
0,6.26982,0.669407,-0.569108,0.0200628,4.69775e-05,7.75518e-06,3.92223e-05,0.940977,27.0038,0.000104715,1.31321e-05,0.144071,0.0861807,2.61136
2,16.822334,0.30899635,-1.6017869,0.022651216,-0.056211554,-0.056746176,0.00053462151,-2.4583516,13.166169,-0.35368376,0,0.14407067,-9270.9002,-0.15601933
0,51.975108,0.88947985,-1.3509963,0.012456735,0.23370906,0.15774403,0.075965028,0.79318202,27.496978,2.8301811,0.4864556,0.14407067,2394.4009,4.3839391
0,7.90396,0.967435,-0.931081,0.0220565,0.000808821,0.000735397,7.34238e-05,0.957898,38.9965,0.0143506,0.00124863,0.144071,12.7795,3.23266
0,5.281584,0.6850422,-1.443992,0.009553448,0.05463501,0.003811692,0.05082332,10.93074,26.12595,0.05266964,0,0.1440707,545.1046,4.04179
0,5.80023,0.864842,-0.548142,0.0111941,8.24398e-05,1.06176e-05,7.18221e-05,0.953668,34.8864,0.000185221,1.79795e-05,0.144071,0.0839196,2.58903
0,51.9559,0.5233272,-1.189445,0.01562495,0.0279104,0.0266945,0.001215902,0.9078127,20.52271,0.2817865,0.04868844,0.1440707,196.0291,3.666909
0,38.114752,0.69875729,-1.344071,0.01965392,0.14027143,0.098247565,0.042023863,0.84940011,24.234992,1.3847562,0.28207579,0.14407067,1802.9467,4.2475852
2,13.5596392,0.487746712,-1.69392465,0.0178462619,-0.299261271,-0.419838113,0.120576841,6.39407023,25.5650125,-4.13048816,0,0.144070667,22602.7037,8.76634232
2,62.0830391,0.487553031,-1.56187178,0.019210776,-0.436722633,-1.52285351,1.08613088,2.38644194,28.2585556,-14.9763217,0,0.144070667,12275.554,6.59755761
0,7.1525,0.698848,-0.752931,0.0172189,0.000144995,9.57861e-05,4.92087e-05,0.943258,28.1887,0.00135024,0.000162243,0.144071,0.951599,2.91875
1,0.30784,0.79226,-1.853,0.016298,,,,,,,,,,
2,33.9646668,0.392034669,-1.64515301,0.0231387208,-0.0469922734,-0.200737764,0.153745491,1.55195544,16.558581,-1.58737204,0,0.144070667,32237.8221,10.6067987
0,33.6516564,0.7661014289,-1.805968151,0.01544426557,0.99256754,0.7304798812,0.2620876588,0.01495063117,0.229706888,11.28807021,0,0.1440706667,366298.2637,75.76160613
0,48.270355,0.21093044,-1.4386474,0.020880067,0.25825624,0.18072382,0.077532425,0.6701441,6.3117287,0.76891763,0.89468971,0.14407067,2005.4959,4.3869641
0,5.4971,0.868473,-0.512125,0.0147735,5.9396e-05,5.06552e-06,5.43305e-05,0.953867,35.0337,8.87373e-05,8.57761e-06,0.144071,0.05305,2.52944
2,0.9261372,0.4880207981259719,-1.917856725409413,0.01274074125204405,-0.1747037579548576,-0.1747037579548577,8.326672684688674e-17,-8.883754386864044e-09,23.12713604307423,-1.719751703396514,0,0.1440706666666666,-261222170102850,-50725106637.52742
0,6.1976,0.918494,-0.679312,0.0162376,9.06973e-05,3.94622e-05,5.12351e-05,0.956247,37.0503,0.000731111,6.683e-05,0.144071,0.47924,2.8098
2,3.8017317,0.203269807,-1.80699528,0.0137389556,-10.5903982,-18.2692612,7.67886303,31.5450373,95.04437,-74.906418,0,0.144070667,72785.603,18.6842068
0,7.36039,0.856281,-0.727655,0.0119033,0.000171557,0.000100153,7.14034e-05,0.953169,34.538,0.00172985,0.000169632,0.144071,0.833947,2.88667
0,6.00147,0.512497,-0.605554,0.017077,5.9182e-05,1.45505e-05,4.46315e-05,0.924275,20.6738,0.000150416,2.46393e-05,0.144071,0.107275,2.65906
0,1.3134862,0.725381418,-1.78372383,0.00989556723,0.931403368,0.197664387,0.733738981,-0.478262415,2.00735592,2.89214477,0,0.144070667,-75195.1377,-12.8830537
0,6.78033,0.250803,-0.705379,0.0106021,0.000144288,8.44719e-05,5.98163e-05,0.85657,10.1164,0.000427336,0.000143059,0.144071,0.204177,2.79197
2,0.8614573,0.2105718838413531,-1.991277488436161,0.01402301284470651,-0.004080535965300298,-0.004080739781937059,2.03816636761521e-07,-3.175005697006536e-06,8.529510281191913,-0.01733262954422207,0,0.1440706666666666,-692210299184.7931,-134416006.6524597
0,53.845245,0.26448011,-1.4642986,0.021932284,0.26680823,0.26680715,1.0806051e-06,0.68895123,7.8228639,1.4233629,1.1841697,0.14407067,3361.3398,4.7024345
0,0.5428329,0.3829633682182155,-1.947444511452279,0.01239670025198692,0,0,0,-3.888115107395956e-08,15.44942784321032,0,0,0.1440706666666666,-58305814757673.57,-11322043109.24941
0,22.2221039,0.2007360171,-1.896579591,0.01580811181,0.5941915268,0.4019158112,0.1922757156,0.6886731668,3.286257421,1.627367224,0,0.1440706667,364317.3046,75.46726882
0,39.423183,0.96376559,-1.4214847,0.012592065,0.069981624,0.055484743,0.014496881,-3.3729265,36.159142,1.0786242,0,0.14407067,-1831.0982,1.1917079
0,7.43511,0.389246,-0.793663,0.00952328,0.000373584,0.000292169,8.14152e-05,0.902444,15.697,0.00229395,0.000495004,0.144071,0.934608,2.95856
0,7.10915,0.53875,-0.758082,0.0245201,0.000105062,7.18661e-05,3.31956e-05,0.927667,21.7319,0.000780975,0.000121726,0.144071,0.796981,2.91476
0,16.8566817,0.82426625066,-1.6421494321,0.018900627735,0.29972807573,0.16571096696,0.13401710877,-0.023080387773,23.285705417,2.7551417009,0,0.14407066667,-2933005.1402,-568.15320732
0,13.7506365,0.860568328,-1.58181732,0.0234017069,0.0220210056,0.000559723667,0.021461282,3.15653508,33.9523666,0.00971592603,0,0.144070667,14406.7677,7.03957601
0,70.3188952,0.242745054,-1.65928479,0.0215545903,0.477398169,0.312210826,0.165187343,0.705945682,5.11771954,1.52870441,0,0.144070667,26263.9717,9.45037527
1,0.28485,0.80385,-1.9089,0.0093372,,,,,,,,,,
2,20.1384129,0.6428418153,-1.749983408,0.02349157467,-0.155602255,-0.2571511024,0.1015488474,2.410359704,29.96868353,-3.334399865,0,0.1440706667,144410.3517,32.57076316
1,0.27594,0.92579,-1.8628,0.0196,,,,,,,,,,
0,12.6645,0.201066,-0.723481,0.0200533,0.0303558,5.46054e-05,0.0303012,0.822696,7.86515,0.000221463,9.54342e-05,0.144071,0.208542,2.81116
0,27.392636,0.7649474165,-1.78279056,0.01520812813,0.7993914233,0.5473203872,0.2520710361,0.4081516039,6.190649915,8.444975194,0,0.1440706667,268497.4571,56.73113916
0,6.52662,0.650698,-0.678307,0.0200496,7.16671e-05,3.15503e-05,4.01168e-05,0.939367,26.2484,0.000414103,5.34299e-05,0.144071,0.341188,2.79131
0,6.90603,0.51485,-0.645662,0.0108053,0.000109512,3.84919e-05,7.10202e-05,0.924562,20.7677,0.000399738,6.51841e-05,0.144071,0.180329,2.72587
0,9.02403,0.998075,-0.957386,0.0209053,0.00118248,0.00108675,9.57383e-05,0.958879,40.2165,0.0218784,0.00184697,0.144071,18.4584,3.27897
0,64.1223,0.9015991,-1.232424,0.01790718,0.04479447,0.03767557,0.007118893,0.9258693,34.74285,0.6851702,0.07378514,0.1440707,565.1312,3.835964
0,7.26932,0.821262,-0.771214,0.0148529,0.000199898,0.000140425,5.94725e-05,0.951255,33.1245,0.00232623,0.000237875,0.144071,1.40234,2.95705
0,32.8078,0.644531,-1.093,0.00934043,0.014231,0.0136203,0.000610688,0.92968,25.6315,0.177074,0.0235975,0.144071,69.2647,3.49239
0,6.99223,0.290198,-0.757483,0.0172865,0.00014086,0.00010116,3.97003e-05,0.873572,11.7055,0.000592145,0.000171341,0.144071,0.452372,2.885
2,17.2491728,0.59603370512,-1.4910648499,0.022559295785,0.80765500855,-0.11449332841,0.92214833696,-0.00067742476025,4.6249481421,-1.3764998572,0,0.14407066667,-2850330.1913,-552.2486892
0,7.21223,0.410891,-0.804888,0.0215892,0.000185769,0.000148873,3.68954e-05,0.907213,16.573,0.00123387,0.000252219,0.144071,1.13382,2.97975
2,6.0453067,0.773654121,-1.70109472,0.0146202405,0.738394571,-0.0294900657,0.767884637,3.04054195,8.16486035,-0.460201208,0,0.144070667,16645.1382,7.60092928
0,39.0208446,0.2107715074,-1.779318583,0.02441628044,0.9899229118,0.7277226824,0.2622002294,0.01433887392,0.08568447261,3.09387657,0,0.1440706667,101168.2603,24.18490018
2,18.8872956,0.6489651666372925,-1.66150696240961,0.01433525181828808,-22.71407684087394,-51.01330594303922,28.29922910216528,-1.32876319956279e-06,620.8444104972127,-667.7748003483521,0,0.1440706666666666,-1741753306671.741,-338220228.3759606
2,19.9126,0.86909209,-1.5008811,0.02320379,-8.0291153,-8.0309151,0.0017998318,15.395262,316.56738,-140.78488,0,0.14407067,9738.4073,6.0319975
0,7.9105,0.957836,-0.932214,0.0166442,0.0010862,0.000988671,9.75285e-05,0.957318,38.5989,0.0191015,0.00167892,0.144071,12.8425,3.23406
0,6.9713,0.22582,-0.69096,0.023271,5.7981e-05,3.1982e-05,2.6e-05,0.84325,9.1095,0.00014568,5.4159e-05,0.14407,0.15519,2.7634
2,8.9830756,0.901141099,-1.59195701,0.00835220564,0.0678091936,-0.000817794244,0.0686269878,4.48580008,33.8885338,-0.0148649009,0,0.144070667,11526.1339,6.47888089
2,21.3005863,0.54147758,-1.71991322,0.0225769492,-0.36314977,-0.801733286,0.438583516,2.53669533,29.776882,-8.75660107,0,0.144070667,92657.056,22.4682415
0,29.9260222,0.576959873,-1.55619049,0.01082994,0.1046887,0.0625671708,0.042121529,1.78504708,20.8389025,0.728144038,0,0.144070667,11250.5665,6.38836027
0,23.835491,0.7603125624,-1.778746936,0.01684156591,0.7396211507,0.5105722224,0.2290489283,0.5517375092,7.986436367,7.830230023,0,0.1440706667,243270.1499,51.82329198
0,17.40017,0.8587511,-1.142453,0.02480613,0.01017388,0.009530076,0.0006438072,0.9467765,34.2911,0.1650779,0.01677025,0.1440707,171.7393,3.608402
2,8.9552177,0.21049339,-1.5639024,0.024017082,0.0059091983,-0.064687758,0.070596956,2.586477,8.4415012,-0.27465388,0,0.14407067,3472.8072,4.8253597
0,55.96676,0.4312627,-1.2915,0.01348412,0.1066892,0.09377668,0.0129125,0.8419551,15.54174,0.815759,0.2092813,0.1440707,593.7465,3.903136
0,7.14435,0.301588,-0.763679,0.0150116,0.000172649,0.000126133,4.65162e-05,0.87774,12.1645,0.000767305,0.000213648,0.144071,0.506632,2.89703
0,78.24884,0.5200098,-1.303603,0.0130047,0.1241589,0.1017306,0.02242828,0.8436034,18.3735,1.067059,0.2534937,0.1440707,818.3867,3.975348
0,19.9531258,0.3065534761,-1.828837581,0.009875019723,0.7263388206,0.5339232508,0.1924155699,0.5454955576,3.38434482,3.301491999,0,0.1440706667,198417.3459,43.15322415
0,60.57957,0.7444811,-1.202645,0.01331294,0.03986523,0.03660955,0.003255676,0.920486,28.8364,0.5497601,0.06770231,0.1440707,321.839,3.730014
0,6.05385,0.994044,-0.647864,0.0175651,7.14443e-05,2.4358e-05,4.70864e-05,0.959446,40.0986,0.000488396,4.12488e-05,0.144071,0.345149,2.76146
0,7.38467,0.750912,-0.73329,0.0214178,9.92355e-05,5.9841e-05,3.93946e-05,0.947007,30.2901,0.000906385,0.000101351,0.144071,0.791386,2.88961
0,46.155257,0.214239154,-1.75101752,0.0111505126,0.847184689,0.465173875,0.382010814,0.249256067,1.3207508,2.0102003,0,0.144070667,62367.2241,16.5972115
0,5.66961,0.802301,-0.583777,0.0125715,7.87524e-05,1.49423e-05,6.381e-05,0.950242,32.3637,0.000241814,2.5303e-05,0.144071,0.123487,2.64452
0,57.246501,0.35229023,-1.4630425,0.013397393,0.38397997,0.38397769,2.2792026e-06,0.62890411,8.754888,2.728549,1.9075259,0.14407067,4055.0314,4.8455223
2,8.8258912,0.8431385,-1.5976635,0.016884495,0.86849143,-0.02159215,0.89008358,0.81211564,4.4730953,-0.36721464,0,0.14407067,9042.6247,5.9898614
0,44.7081889,0.91370027,-1.66441227,0.0132478759,0.908085836,0.623598825,0.284487012,0.147291205,3.38798407,11.4930213,0,0.144070667,89006.7807,21.7018512
0,7.33775,0.535299,-0.721628,0.00883313,0.000214481,0.000124909,8.95718e-05,0.927165,21.5903,0.0013487,0.000211561,0.144071,0.496008,2.85388
1,256.7613,0.8736243,-1.272244,0.01229994,,,,,,,,,,
0,52.36586,0.5904578,-1.268627,0.01425241,0.081336,0.06990325,0.01143275,0.8802016,21.88269,0.832552,0.1475939,0.1440707,596.0911,3.880921
0,7.00542,0.339258,-0.601194,0.0107747,8.63695e-05,2.18054e-05,6.45641e-05,0.889864,13.6851,0.000149217,3.69244e-05,0.144071,0.0697395,2.63256
0,38.52577,0.5854075,-1.231301,0.009859288,0.07396108,0.06827588,0.005685201,0.8845723,21.86969,0.8062148,0.1320959,0.1440707,367.0131,3.774191
2,13.6353161,0.654602748,-1.60347781,0.0103336475,0.53639612,-0.0948605714,0.631256691,1.40641989,12.2427802,-1.25253171,0,0.144070667,15399.4082,7.25741483
1,0.30815,0.80463,-1.9905,0.018559,,,,,,,,,,
0,54.47706,0.9341694,-1.233065,0.009697607,0.08260676,0.0691555,0.01345126,0.9018029,34.57294,1.303099,0.1373747,0.1440707,582.148,3.841434
0,6.9926,0.23519,-0.69789,0.018153,7.8873e-05,4.4811e-05,3.4062e-05,0.84854,9.4874,0.00021259,7.5884e-05,0.14407,0.17556,2.7767
1,149.3934,0.6876971,-1.288261,0.0102141,,,,,,,,,,
0,39.54422,0.947466,-1.153095,0.02380584,0.01222725,0.01130423,0.0009230175,0.9495831,37.75512,0.2160379,0.02003465,0.1440707,216.1451,3.639484
2,54.101473,0.53753146,-1.4749282,0.013755381,-0.53030898,-0.58464221,0.054333236,6.6610205,33.184722,-6.3389777,0,0.14407067,1690.5556,4.3533107
0,9.9367525,0.852725918,-1.63637846,0.0219632699,5.03222837e-05,4.98438788e-05,4.78404941e-07,5.6000737,34.3987589,0.000857326928,0,0.144070667,16581.4494,7.52364872
2,10.36881,0.3262025,-1.679761,0.01051308,-0.007617443,-0.008119143,0.0005016996,250.4918,13.25984,-0.05342231,0,0.1440707,249.4737,4.17999
2,10.7020793,0.6378125259023053,-1.585357944673065,0.01159523203160363,-449.6429130032467,-491.6374869666665,41.99457396341978,-3.089390214949079e-05,11595.2670617462,-6325.038954848929,0,0.1440706666666666,-526097551041.1268,-102159606.8304583
0,44.1948295,0.843316328,-1.735223757,0.0154479814,0.9463768399,0.6106314354,0.3357454045,0.1461583273,1.82430765,10.38711255,0,0.1440706667,119936.4303,27.79402352
0,52.946435,0.72849454,-1.36244,0.021010479,0.1359033,0.09275429,0.043149007,0.85457811,25.394743,1.3629674,0.33407916,0.14407067,2377.4683,4.3917301
0,8.5366745,0.39310835,-1.4511868,0.024199576,0.061525033,0.0058697079,0.055655325,3.3517256,14.882988,0.046542952,0,0.14407067,1110.7422,4.1953967
0,18.0094709,0.307252545,-1.892397817,0.0173666946,0.9878231769,0.8202022307,0.1676209463,0.02397972886,0.1509331549,5.083251593,0,0.1440706667,455411.4695,93.16356305
0,23.3896,0.7620314,-1.153444,0.01830724,0.01564808,0.01474597,0.0009021121,0.9376273,30.26066,0.2266581,0.02616928,0.1440707,176.2383,3.621596
0,6.76492,0.29757,-0.744932,0.0234793,9.27008e-05,6.33927e-05,2.93081e-05,0.876344,12.0034,0.000380499,0.000107366,0.144071,0.393567,2.86528
2,17.3090961,0.750151744,-1.63808948,0.0109695166,-0.0387517234,-0.0472167486,0.00846502519,2.76955919,31.4351869,-0.714447583,0,0.144070667,31320.1417,10.4200527
0,7.21583,0.471536,-0.908094,0.01368,0.000960031,0.000883046,7.69841e-05,0.917665,19.0043,0.00839892,0.0014985,0.144071,4.83892,3.15824
0,6.17453,0.762218,-0.704423,0.0184565,9.2797e-05,4.79312e-05,4.48658e-05,0.947755,30.7464,0.000736924,8.11749e-05,0.144071,0.553995,2.84237
0,46.05542,0.5055159,-1.218516,0.01240963,0.04986175,0.04727574,0.002586011,0.8910967,19.37656,0.4820569,0.08905446,0.1440707,273.9073,3.728291
0,6.59212,0.326362,-0.500063,0.0173215,4.32098e-05,3.70039e-06,3.95094e-05,0.886036,13.1654,2.43597e-05,6.26577e-06,0.144071,0.0183815,2.46291
0,64.62597,0.2136084,-1.206437,0.01228186,0.0427449,0.04202885,0.0007160523,0.8098659,8.248996,0.1810885,0.07704888,0.1440707,109.8641,3.637417
1,208.8024,0.9417577,-1.268565,0.0135707,,,,,,,,,,
0,6.98996,0.314862,-0.732357,0.0141243,0.000139079,8.96626e-05,4.94168e-05,0.882305,12.7003,0.000569452,0.000151858,0.144071,0.351913,2.84695
2,19.807977,0.38323047,-1.4537591,0.024620945,-0.21370348,-0.3811,0.16739652,2.1653168,18.764103,-2.9459417,0,0.14407067,2240.5134,4.4534062
0,13.9287865,0.5587948859,-1.843047314,0.02223500049,0.3468370886,0.2789721023,0.06786498631,2.299352058,14.72411176,3.144404206,0,0.1440706667,245803.526,52.38006521
0,8.31845,0.264089,-1.04571,0.0227353,0.00316165,0.00308492,7.67305e-05,0.860942,10.6201,0.0164331,0.00528143,0.144071,16.8828,3.3624
0,52.469654,0.82892402,-1.3386903,0.01051494,0.22418811,0.15684419,0.067343925,0.79861871,25.943366,2.6224567,0.49203036,0.14407067,1915.6796,4.2672117
2,19.3875348,0.715789432,-1.62746476,0.0209677433,-0.109324462,-0.110852852,0.00152839035,2.56828217,32.033105,-1.60050607,0,0.144070667,30026.5325,10.1560627
2,10.0886265,0.311624708,-1.52356156,0.0243674203,0.032048011,-0.185274843,0.217322854,-0.360641792,12.1686071,-1.16459121,0,0.144070667,-21384.3134,-2.62941727
0,16.70961,0.8443099,-1.103235,0.02430141,0.006325786,0.005973845,0.0003519411,0.9485349,33.84551,0.1017375,0.01034405,0.1440707,102.2368,3.529037
0,16.3944532,0.580507579,-1.62248209,0.00953132735,0.000544507416,0.000441572832,0.000102934584,2.53309386,23.4059633,0.00517053414,0,0.144070667,20865.4887,8.35345158
0,15.397045,0.32300783,-1.4944555,0.020755903,0.26511606,0.027570016,0.23754605,1.981153,9.5760624,0.17962849,0,0.14407067,2107.8164,4.4651979
0,29.9978,0.439759,-1.13861,0.00868545,0.0266341,0.0258187,0.000815414,0.895913,17.2682,0.229021,0.0455914,0.144071,86.9948,3.55316
0,44.5733481,0.2774742489,-1.757601145,0.02328203193,0.8791144995,0.53623538,0.3428791195,0.1624370397,1.353169074,3.001257924,0,0.1440706667,106702.513,25.24058143
0,34.90066,0.2364946,-1.31967,0.0115042,0.1580747,0.1485683,0.009506337,0.7495757,8.032487,0.7087168,0.3522407,0.1440707,494.9575,3.902772
2,0.8817361,0.9788781671,-1.949410704,0.02460044826,0.006671047944,-0.003164530543,0.009835578487,44.46480964,39.22625995,-0.06248317712,0,0.1440706667,132760.031,30.50356514
0,47.769948,0.63415697,-1.3488288,0.016012371,0.17344385,0.12284222,0.050601627,0.82051552,21.145809,1.571338,0.36804429,0.14407067,1731.1335,4.2363095
0,132.7854,0.7185316,-1.271759,0.01745512,0.07113649,0.05780346,0.01333302,0.8979222,26.92483,0.8377703,0.1254591,0.1440707,748.4737,3.925339
0,6.20588,0.80574,-0.642968,0.021562,5.62932e-05,1.86335e-05,3.76598e-05,0.950458,32.5032,0.000302841,3.15543e-05,0.144071,0.265203,2.74301
1,0.66279,0.83604,-1.9603,0.0092781,,,,,,,,,,
1,0.34035,0.56294,-1.9263,0.024822,,,,,,,,,,
0,0.5675787,0.9680035223955084,-1.960463202725464,0.02041326424977107,0,0,0,-1.579783588427785e-06,39.05099498368028,0,0,0.1440706666666666,-4287431077189.618,-832549542.9946252
0,5.63808,0.928248,-0.693961,0.0248465,6.48881e-05,3.11284e-05,3.37598e-05,0.956703,37.4447,0.000582835,5.27166e-05,0.144071,0.584336,2.83466
0,45.95822,0.9554169,-1.189425,0.02146698,0.02171953,0.01945226,0.002267268,0.9436192,37.70609,0.3748764,0.03542888,0.1440707,346.4021,3.725342
0,58.101814,0.44836187,-1.3667415,0.015704778,0.18981271,0.13909734,0.050715365,0.78900534,14.654441,1.2579769,0.472334,0.14407067,1570.3905,4.2180013
0,9.44005,0.898011,-0.974664,0.0215806,0.00141345,0.00131329,0.000100168,0.954435,36.1762,0.0237884,0.00223373,0.144071,20.8261,3.3029
1,0.4744,0.57575,-1.9295,0.021435,,,,,,,,,,
2,39.201361,0.21103352,-1.5982713,0.0088047685,-0.10262627,-0.55038775,0.44776147,1.6235635,9.3871758,-2.3428548,0,0.14407067,9566.6555,6.095122
0,50.08839,0.6894099,-1.167307,0.009832338,0.03414621,0.03229636,0.001849848,0.9203819,26.86236,0.4491137,0.05822234,0.1440707,190.4407,3.642199
0,31.7461,0.369424,-1.08231,0.0138974,0.00825643,0.00802819,0.000228246,0.8928,14.7802,0.0598229,0.0138251,0.144071,36.2546,3.44203
1,0.30223,0.80703,-1.9794,0.014639,,,,,,,,,,
0,6.34175,0.450227,-0.795766,0.021527,0.000170288,0.000132803,3.74849e-05,0.914629,18.1599,0.00120604,0.00022498,0.144071,1.09605,2.96888
2,10.43756,0.59696628401,-1.5753054924,0.014373285818,0.01939900872,-0.020098354524,0.039497363244,-0.026667340313,23.615508282,-0.24201120636,0,0.14407066667,-1090934.8745,-210.46907966
0,5.79269,0.311621,-0.583856,0.016542,5.22952e-05,1.13676e-05,4.09276e-05,0.881281,12.5707,7.14532e-05,1.92489e-05,0.144071,0.0517697,2.59991
0,15.0136103,0.531595558,-1.65165777,0.0121349341,0.509748675,0.311336098,0.198412577,1.08161847,10.5136929,3.33838171,0,0.144070667,31929.3051,10.5529004
2,15.0412791,0.5185948115776,-1.615830511343,0.01079406646547,-4.237598241428,-4.237775040459,0.0001767990307906,-0.0005109510817169,109.5760184006,-44.32933707455,0,0.1440706666667,-444614933.7237,-86335.90098064
0,52.751524,0.40578846,-1.3833835,0.013251369,0.25578966,0.18532241,0.070467258,0.73648163,12.182897,1.5168855,0.69319737,0.14407067,1731.983,4.2710545
0,46.348827,0.24625037,-1.4450862,0.014425161,0.37728533,0.25773881,0.11954652,0.60301133,6.1861601,1.280212,1.4067024,0.14407067,2372.7715,4.4733627
0,6.372,0.22835,-0.71176,0.01157,0.00013688,8.4023e-05,5.2855e-05,0.84467,9.2108,0.00038701,0.0001423,0.14407,0.20463,2.7985
0,34.51004,0.2717815,-1.303859,0.01045635,0.1481207,0.1398008,0.008319906,0.7720387,9.340135,0.7663988,0.3163095,0.1440707,456.083,3.875208
0,41.917038,0.55248271,-1.3989689,0.01366785,0.31353368,0.21296191,0.10057177,0.71047367,15.300059,2.3732626,0.82103093,0.14407067,2754.4961,4.5090351
0,6.16948,0.433042,-0.795448,0.0218245,0.000167059,0.000130458,3.66012e-05,0.911546,17.4668,0.00113953,0.000221008,0.144071,1.05347,2.96652
0,27.9472776,0.86209844397,-1.8782849108,0.023834546231,0.91187143429,0.62634167789,0.2855297564,0.18283142073,3.0649876536,10.891641627,0,0.14407066667,1011843.6082,201.24056244
0,6.17576,0.354492,-0.596131,0.0115128,8.02431e-05,1.91224e-05,6.11207e-05,0.894097,14.2997,0.000136733,3.23809e-05,0.144071,0.0679594,2.62617
2,26.7004226,0.676381343,-1.53878311,0.0171227726,-5.25894029e-05,-0.000158981044,0.000106391641,-0.382363223,27.2878692,-0.0021690129,0,0.144070667,-54996.6945,-9.18971138
0,6.96084,0.446938,-0.96076,0.0244407,0.00102474,0.00097066,5.40769e-05,0.913513,18.0118,0.00875064,0.00164976,0.144071,9.06178,3.24396
0,7.63934,0.385972,-1.01435,0.0129368,0.00376842,0.00363348,0.00013494,0.899562,15.5121,0.0282881,0.00620356,0.144071,15.7741,3.32733
0,32.04571,0.3328493,-1.288821,0.009906792,0.1360763,0.1271708,0.008905536,0.8000225,11.60054,0.8538079,0.2752156,0.1440707,450.6294,3.858494
0,48.84903,0.9774818,-1.163496,0.02157543,0.01545351,0.01414802,0.001305499,0.9486929,38.82398,0.278952,0.02526556,0.1440707,254.2729,3.665637
0,5.14762,0.889212,-0.615078,0.0194044,5.63986e-05,1.44714e-05,4.19273e-05,0.954896,35.8704,0.000259562,2.45056e-05,0.144071,0.203602,2.70153
0,1.1584167,0.2684755303,-1.959465198,0.016512329089,0.56393507788,0.37937579023,0.18455928765,-0.39627969023,4.7229247672,2.0544685262,0,0.14407066667,-2040819.256,-394.56923494
0,5.10427,0.65725,-0.545855,0.0137939,6.54591e-05,8.36719e-06,5.70919e-05,0.939939,26.5129,0.000110927,1.41685e-05,0.144071,0.0628357,2.57187
0,6.49212,0.823068,-0.823268,0.0108458,0.000464377,0.000375146,8.92306e-05,0.951185,33.1886,0.00622819,0.000635748,0.144071,2.74224,3.04382
0,18.4677992,0.298547442,-1.65203887,0.017398373,0.817993054,0.787248171,0.0307448826,0.344156474,2.19208042,4.74078418,0,0.144070667,21024.9395,8.41436228
0,6.42885,0.783724,-0.79748,0.0201003,0.000190697,0.000145388,4.53083e-05,0.949051,31.6108,0.00229836,0.000246311,0.144071,1.87962,2.99846
0,6.3285,0.840654,-0.86247,0.0182831,0.00042762,0.000368079,5.9541e-05,0.952175,33.899,0.00624142,0.000623997,0.144071,4.62955,3.1103
2,1.803459,0.874383611,-1.8850982956,0.013366088999,-0.15655952832,-0.16275196809,0.0061924397679,-0.62854864146,40.796712302,-2.8704727496,0,0.14407066667,-4275922.9366,-828.70247305
0,24.6053719,0.4555381957,-1.900622144,0.01488784086,0.9831573747,0.6737097141,0.3094476607,0.03341224116,0.309520736,6.19045794,0,0.1440706667,744949.2433,149.4206108
2,15.0574484,0.7726956478798668,-1.767271279859918,0.01710926274884365,-24226.45524524965,-24226.53227002897,0.07702477932252805,-5.315321570197672e-07,755216.4346001956,-377593.8318426008,0,0.1440706666666666,-2.060600788371265e+16,-4001352361778.261
0,6.65894,0.415845,-0.880257,0.0246402,0.000380456,0.000343157,3.72994e-05,0.908093,16.7695,0.00287839,0.000581849,0.144071,3.01775,3.10578
0,6.5763874,0.27215752775312,-1.6735849399809,0.011702271494442,0.6903449146948,0.68992295419744,0.00042196049735987,-1.9635192259204e-06,3.3998028526102,3.7874430924489,0,0.14407066666667,-7537830704.0878,-1463723.3911881
0,11.80951,0.5910182,-1.139601,0.01117785,0.02120472,0.02033171,0.0008730042,0.9200265,23.33716,0.2423818,0.0358781,0.1440707,115.9505,3.574533
0,59.7761798,0.43983415,-1.72421044,0.0148342584,0.80571547,0.584384196,0.221331274,0.338204688,3.44732583,5.18456805,0,0.144070667,85024.1165,20.9859284
2,21.6242151,0.211879496,-1.63481441,0.0222427733,-0.163423954,-3.29410365,3.13067969,1.85976996,9.94448047,-14.0783372,0,0.144070667,14147.2293,7.04124084
0,6.2415,0.20165,-0.81895,0.021362,0.00020837,0.00018021,2.8166e-05,0.82761,8.1331,0.00073297,0.00030535,0.14407,0.73064,2.9711
0,33.9453458,0.5468521578,-1.791087827,0.01746772427,0.9072307838,0.6202838282,0.2869469557,0.168472019,2.046581214,6.842039217,0,0.1440706667,239228.2659,51.0499037
0,66.626997,0.40146258,-1.3875528,0.017392122,0.19452196,0.13904266,0.0554793,0.77693406,13.045296,1.125948,0.55721537,0.14407067,1854.7388,4.3025794
0,35.7664,0.373258,-1.09521,0.0149694,0.00902238,0.00877662,0.000245766,0.893256,14.922,0.0660787,0.0151479,0.144071,43.1763,3.46525
