Error,time,CO2share,E_appl,v,X_tot,X_het,X_hom,FE,CO2_out,CO_out,H2_out,delP,CD,Vcell
0,9.04365,0.577311,-0.639834,0.0183154,6.38375e-05,2.10712e-05,4.27663e-05,0.932193,23.2883,0.000245371,3.56821e-05,0.144071,0.186096,2.72166
0,16.0766,0.6539297,-1.135584,0.02329777,0.009779247,0.009332405,0.0004468423,0.93338,26.12271,0.1230977,0.0163481,0.1440707,121.5007,3.573997
0,8.67158,0.505009,-0.862385,0.0222259,0.000344535,0.000302473,4.2062e-05,0.923056,20.366,0.00308114,0.00051274,0.144071,2.86596,3.08523
0,8.11405,0.733391,-0.840229,0.0196048,0.000308099,0.000258042,5.00568e-05,0.945676,29.5772,0.00381725,0.000437318,0.144071,3.05641,3.06642
0,62.03993,0.7566868,-1.232025,0.01528505,0.05064102,0.04439084,0.006250184,0.9140766,28.98023,0.6775396,0.08600131,0.1440707,475.038,3.809148
0,25.23614,0.8660199,-1.141808,0.01646725,0.01515695,0.01419462,0.0009623243,0.9438888,34.40726,0.2479573,0.02505435,0.1440707,171.4237,3.607602
0,33.11094,0.8394425,-1.14455,0.01342521,0.01915977,0.01797492,0.001184846,0.9398801,33.21578,0.3043569,0.03183303,0.1440707,172.1505,3.610703
0,19.0807,0.93322,-1.00639,0.0215891,0.00210694,0.00196952,0.000137429,0.955594,37.5684,0.0370739,0.0033564,0.144071,32.4709,3.35972
0,41.492105,0.86593638,-1.3127854,0.019856236,0.096602618,0.069358292,0.027244326,0.88930127,31.558763,1.2114613,0.18680696,0.14407067,1500.37,4.1481047
0,40.7798,0.506372,-1.09615,0.0230931,0.00596603,0.00575714,0.000208889,0.919658,20.3061,0.0588033,0.00993839,0.144071,57.7612,3.48398
0,8.30142,0.662025,-0.874323,0.014152,0.000627987,0.000553595,7.43923e-05,0.939984,26.6905,0.0073925,0.00093872,0.144071,4.29959,3.11829
0,63.75049,0.6704307,-1.257387,0.02131681,0.04899177,0.04176555,0.007226221,0.9089593,25.72133,0.5648033,0.08541465,0.1440707,587.2739,3.867203
0,58.207202,0.71629905,-1.3539568,0.024635689,0.11588281,0.080026175,0.035856636,0.86836025,25.548145,1.1562496,0.25550393,0.14407067,2110.8582,4.325364
0,9.6306,0.23121,-0.95507,0.0151,0.0015859,0.0014602,0.00012573,0.84545,9.3128,0.0068099,0.002482,0.14407,4.7054,3.2037
0,8.2325,0.63993,-0.830272,0.0111057,0.000484276,0.000400831,8.34444e-05,0.938145,25.8034,0.00517392,0.000679316,0.144071,2.36517,3.04315
0,8.59239,0.57391,-0.947434,0.0136908,0.00156169,0.00146051,0.000101178,0.930859,23.1164,0.0169073,0.00248182,0.144071,9.6177,3.2338
0,8.70559,0.39908,-0.945284,0.00991193,0.00207806,0.00196209,0.000115976,0.903539,16.0662,0.0157944,0.00333462,0.144071,6.69896,3.2125
0,58.92103,0.229693,-1.220899,0.01245349,0.05239862,0.04876444,0.003634179,0.8146636,8.78069,0.2259312,0.09149851,0.1440707,139.9887,3.67018
0,15.84643,0.769878,-1.14185,0.02062221,0.01204262,0.01137325,0.0006693701,0.9404828,30.68424,0.1766167,0.02001716,0.1440707,153.5109,3.598495
0,8.47245,0.682145,-0.967068,0.0230644,0.00118981,0.00111496,7.48466e-05,0.941277,27.4862,0.0153413,0.00189575,0.144071,14.5532,3.27567
0,146.7466,0.9271918,-1.273633,0.01781383,0.07320615,0.05595681,0.01724933,0.908053,34.66633,1.046521,0.1259278,0.1440707,976.1414,3.985068
0,7.46639,0.867608,-0.725075,0.0236428,8.48319e-05,4.87823e-05,3.60497e-05,0.953807,34.9979,0.00085371,8.26191e-05,0.144071,0.816955,2.88303
0,6.17376,0.57144,-0.543841,0.0201441,4.38322e-05,5.58328e-06,3.82489e-05,0.931557,23.0519,6.43554e-05,9.45426e-06,0.144071,0.0537167,2.5618
0,7.45978,0.550953,-0.743665,0.0226547,0.000100216,6.46377e-05,3.55785e-05,0.929157,22.2242,0.000718332,0.000109477,0.144071,0.676173,2.89188
0,52.024911,0.61545323,-1.3870094,0.017013475,0.19227225,0.19227013,2.1157731e-06,0.80680909,20.054657,2.386888,0.56565488,0.14407067,2726.6308,4.4911422
0,42.4462,0.533057,-1.06174,0.00943039,0.00946342,0.00910234,0.000361088,0.920959,21.301,0.0978705,0.0156422,0.144071,38.8887,3.42557
0,8.24833,0.732276,-0.889689,0.0110507,0.000967573,0.000863273,0.000104299,0.945172,29.5127,0.0127511,0.00146446,0.144071,5.75974,3.14896
0,61.14529,0.7805977,-1.179131,0.01949536,0.0204164,0.01897891,0.001437492,0.9356529,30.84778,0.2988297,0.03418028,0.1440707,250.4111,3.679735
0,20.87369,0.7298319,-1.148169,0.0164186,0.01627392,0.0154039,0.0008700131,0.9350595,28.96358,0.2267664,0.02726777,0.1440707,158.0651,3.6072
0,46.47076,0.3777112,-1.229717,0.01443749,0.04823433,0.04645788,0.001776457,0.8693118,14.50257,0.353952,0.08839087,0.1440707,242.6642,3.727202
0,7.3255,0.20138,-0.57259,0.022508,0.00022422,7.2282e-06,0.00021699,0.8275,8.1224,2.9361e-05,1.2241e-05,0.14407,0.030826,2.562
0,30.7567,0.221641,-1.11689,0.0156214,0.0112085,0.0110152,0.000193278,0.834022,8.84116,0.0492457,0.0191769,0.144071,36.1968,3.47652
0,7.14884,0.279002,-0.66109,0.0143548,8.11079e-05,3.5325e-05,4.57829e-05,0.869201,11.2545,0.000198799,5.98195e-05,0.144071,0.126731,2.72316
0,18.4035,0.235142,-1.14328,0.0186223,0.0131031,0.0128726,0.0002305,0.840585,9.36174,0.0610551,0.0225765,0.144071,53.3706,3.52619
0,6.71369,0.444398,-0.684192,0.0180698,7.94052e-05,3.77552e-05,4.165e-05,0.913664,17.9264,0.000338434,6.39381e-05,0.144071,0.258379,2.78289
0,33.044,0.415576,-1.08895,0.024028,0.00521264,0.00505624,0.000156405,0.904983,16.6777,0.0423841,0.00870838,0.144071,43.9528,3.46006
0,8.0483,0.439993,-0.800407,0.0206209,0.000186268,0.000147149,3.91185e-05,0.912808,17.7468,0.00130596,0.000249293,0.144071,1.13919,2.97551
0,8.64544,0.410679,-0.963984,0.0219474,0.00118512,0.00112639,5.87287e-05,0.906539,16.5479,0.00933076,0.00191486,0.144071,8.74407,3.24529
0,36.6357,0.76580521,-1.3187699,0.012215144,0.15946561,0.11626221,0.043203402,0.84023641,25.96743,1.7958996,0.32792548,0.14407067,1411.0375,4.133588
0,8.86783,0.369796,-0.963633,0.0170471,0.00151485,0.00144344,7.14168e-05,0.897131,14.8956,0.0107668,0.00245421,0.144071,7.9178,3.23967
0,49.67433,0.9071647,-1.22178,0.009485862,0.07338776,0.0632359,0.01015186,0.9067412,33.9109,1.157111,0.1214908,0.1440707,491.2625,3.803779
0,32.1172,0.967573,-1.07438,0.0104671,0.0102447,0.00961512,0.000629557,0.95174,38.6337,0.187657,0.0165786,0.144071,80.29,3.48351
0,59.05403,0.3509716,-1.330565,0.02381984,0.08656113,0.07229425,0.01426688,0.8381356,12.93322,0.5118007,0.1956732,0.1440707,819.7847,4.002668
0,52.43501,0.8467839,-1.226999,0.02125553,0.03509502,0.03024837,0.004846648,0.9296404,32.96191,0.5166539,0.05797764,0.1440707,498.0433,3.811019
0,8.49419,0.797216,-0.8499,0.0124432,0.000542964,0.000460232,8.27329e-05,0.94964,32.1437,0.00740078,0.000780146,0.144071,3.74526,3.08666
0,67.03458,0.8261058,-1.244205,0.01906078,0.0480018,0.04015561,0.007846194,0.9199465,31.72685,0.6691246,0.08064474,0.1440707,604.2526,3.858782
0,49.370882,0.95795255,-1.385659,0.015994189,0.18936682,0.16991582,0.019450994,1.4857163,31.327341,3.2832427,0,0.14407067,2273.1936,4.3923961
0,6.32449,0.905385,-0.619311,0.0227069,4.89527e-05,1.30577e-05,3.5895e-05,0.95567,36.5231,0.000238465,2.21117e-05,0.144071,0.218714,2.70944
0,9.30056,0.480299,-1.00592,0.00876582,0.00502686,0.00481268,0.000214183,0.916446,19.2787,0.0466256,0.0082166,0.144071,17.2701,3.32385
0,39.376672,0.61917785,-1.3496523,0.015330767,0.1826155,0.12995477,0.052660734,0.81380848,20.417237,1.6230533,0.38849556,0.14407067,1703.1859,4.2308698
0,62.31466,0.7063803,-1.243417,0.01155393,0.07559491,0.06595987,0.009635041,0.8939248,26.34244,0.9398175,0.1317021,0.1440707,511.1108,3.831305
0,6.79916,0.977279,-0.652443,0.0233973,5.47435e-05,1.93941e-05,3.53495e-05,0.958791,39.423,0.000382307,3.28426e-05,0.144071,0.360136,2.76822
0,8.13002,0.590554,-0.886301,0.0175571,0.000580498,0.000520352,6.01456e-05,0.93328,23.8102,0.00619844,0.000882503,0.144071,4.50565,3.13271
0,49.86054,0.3231293,-1.297874,0.01395228,0.1066851,0.09832053,0.008364532,0.8169239,11.64491,0.6408342,0.2195131,0.1440707,497.6195,3.881768
0,6.31973,0.567117,-0.530514,0.0128681,6.71508e-05,7.365e-06,5.97858e-05,0.931057,22.877,8.42502e-05,1.24714e-05,0.144071,0.0449458,2.53931
0,49.38912,0.3554524,-1.256085,0.008475733,0.1080716,0.1035568,0.00451484,0.824992,12.78988,0.7424805,0.2112579,0.1440707,316.4057,3.781524
0,6.48304,0.595125,-0.531945,0.00844787,0.000103024,1.14266e-05,9.15978e-05,0.934063,24.006,0.000137168,1.93494e-05,0.144071,0.0478846,2.54399
0,39.10376,0.2526029,-1.269752,0.01714383,0.06410482,0.06106507,0.003039751,0.8184658,9.537196,0.3111404,0.1244872,0.1440707,283.4588,3.783143
0,6.20494,0.983841,-0.508484,0.0120819,7.28059e-05,5.91093e-06,6.6895e-05,0.959042,39.687,0.000117302,1.00092e-05,0.144071,0.0570407,2.52952
0,31.1332,0.741762,-1.08369,0.0214059,0.00557743,0.00530522,0.000272215,0.942842,29.7571,0.0793767,0.00913577,0.144071,70.3506,3.48409
0,5.93219,0.905707,-0.515564,0.00972847,9.07538e-05,8.0397e-06,8.27141e-05,0.955658,36.5345,0.000146877,1.36141e-05,0.144071,0.0577128,2.53721
0,7.0947,0.21806,-0.75201,0.024872,8.9713e-05,6.5531e-05,2.4181e-05,0.83856,8.7963,0.00028824,0.000111,0.14407,0.33009,2.8633
0,7.98736,0.850529,-0.781372,0.0126414,0.000259227,0.000187974,7.12527e-05,0.952811,34.303,0.00322487,0.000318444,0.144071,1.65193,2.97567
0,8.28578,0.983666,-0.827394,0.0186321,0.000284938,0.000230268,5.46698e-05,0.958897,39.6715,0.00456885,0.000390208,0.144071,3.42848,3.05956
0,6.47659,0.439742,-0.539558,0.0246956,3.41674e-05,4.31052e-06,2.98569e-05,0.912859,17.7394,3.82343e-05,7.299e-06,0.144071,0.0399259,2.54226
0,22.449,0.764905,-1.02423,0.00859066,0.00655897,0.00620368,0.000355292,0.943738,30.6552,0.0957154,0.0106064,0.144071,33.7352,3.37976
0,8.28156,0.745868,-0.8531,0.0108844,0.000641922,0.000548181,9.37403e-05,0.946317,30.0703,0.00824729,0.000929303,0.144071,3.66354,3.08872
0,6.2899,0.70101,-0.519874,0.016915,5.15614e-05,4.88723e-06,4.66741e-05,0.943483,28.2785,6.91055e-05,8.27567e-06,0.144071,0.0478228,2.53186
0,64.92468,0.647415,-1.21759,0.01986257,0.03202028,0.02948117,0.002539107,0.9182488,25.28158,0.3849928,0.0549812,0.1440707,342.7131,3.752241
0,32.31599,0.2824139,-1.210324,0.02093342,0.02631136,0.02571449,0.0005968685,0.8543263,11.09332,0.1464837,0.04752001,0.1440707,147.2284,3.663602
0,7.35403,0.270113,-0.662229,0.0182887,6.36192e-05,2.81354e-05,3.54837e-05,0.865488,10.8961,0.000153294,4.76442e-05,0.144071,0.125038,2.72361
0,6.62453,0.971333,-0.643799,0.0216312,5.69032e-05,1.87732e-05,3.813e-05,0.958548,39.1831,0.000367816,3.17909e-05,0.144071,0.320409,2.75357
0,26.3647,0.397768,-1.0688,0.0211467,0.004589,0.00445054,0.000138464,0.901671,15.973,0.0357082,0.00763785,0.144071,32.6129,3.42237
0,14.296,0.831873,-1.0011,0.0216843,0.00195244,0.00183263,0.000119804,0.950708,33.4937,0.0307509,0.00312185,0.144071,27.1839,3.34426
0,7.8907,0.20046,-0.78884,0.013583,0.00023565,0.00019261,4.3037e-05,0.82675,8.085,0.00077882,0.0003262,0.14407,0.49389,2.9209
0,7.83692,0.386078,-0.672045,0.0163691,8.02753e-05,3.56582e-05,4.46171e-05,0.901908,15.5738,0.000277689,6.03853e-05,0.144071,0.194548,2.75615
0,7.82617,0.522157,-0.728517,0.0110802,0.000180467,0.000108791,7.1676e-05,0.925493,21.0609,0.00114583,0.000184261,0.144071,0.529566,2.86414
0,6.75825,0.848782,-0.645109,0.0248491,4.94707e-05,1.66195e-05,3.28512e-05,0.952855,34.2397,0.000284538,2.81438e-05,0.144071,0.28644,2.74911
0,7.60565,0.709668,-0.653571,0.0126362,0.000100021,3.64338e-05,6.35873e-05,0.944102,28.6264,0.000521537,6.16994e-05,0.144071,0.269453,2.75443
0,69.589731,0.57012163,-1.3636052,0.024875216,0.11490959,0.080992185,0.033917402,0.8557164,20.356838,0.93139908,0.28643002,0.14407067,1931.9825,4.2957279
0,49.07287,0.2756276,-1.194317,0.01391022,0.03267779,0.03199315,0.0006846409,0.8476327,10.75596,0.1778709,0.05822185,0.1440707,117.1382,3.630004
0,6.82722,0.452507,-0.599033,0.0166787,5.84074e-05,1.3701e-05,4.47064e-05,0.915093,18.2539,0.000125056,2.32006e-05,0.144071,0.0879811,2.64235
0,28.5182,0.302108,-1.15351,0.0172961,0.0160646,0.0157128,0.000351844,0.868052,11.9918,0.0957505,0.0277218,0.144071,75.4997,3.55854
0,51.13854,0.2353876,-1.286619,0.01041263,0.1235353,0.1198498,0.003685529,0.7715181,8.322873,0.5690443,0.2545448,0.1440707,325.9035,3.815422
0,44.42361,0.4465278,-1.246328,0.01687646,0.05127399,0.04816973,0.003104253,0.8810591,17.0901,0.4338583,0.09360055,0.1440707,349.2501,3.783219
0,7.96909,0.310676,-0.89363,0.00909793,0.00119626,0.00110294,9.33252e-05,0.880253,12.5182,0.00691167,0.00187117,0.144071,2.75949,3.11451
0,8.0922,0.39581,-0.650149,0.0113569,0.000102943,3.87952e-05,6.41481e-05,0.904073,15.966,0.000309735,6.56971e-05,0.144071,0.150189,2.72095
0,6.13345,0.964306,-0.576944,0.0243783,4.04013e-05,7.05808e-06,3.33433e-05,0.958269,38.9003,0.000137286,1.19518e-05,0.144071,0.134815,2.64219
0,122.3423,0.7039631,-1.269719,0.02029913,0.059618,0.04886756,0.01075044,0.9045338,26.70603,0.6938982,0.1050913,0.1440707,717.9037,3.91522
0,56.90319,0.8305757,-1.187841,0.0158479,0.02808677,0.02576239,0.002324381,0.933487,32.56581,0.4316091,0.04702421,0.1440707,296.3359,3.706015
0,24.8226,0.730448,-1.08701,0.0193163,0.0064377,0.00612784,0.000309862,0.941502,29.2779,0.0902862,0.0105651,0.144071,72.336,3.48923
0,6.1147,0.21925,-0.61548,0.010243,8.4821e-05,2.7557e-05,5.7264e-05,0.83929,8.8442,0.00012187,4.6661e-05,0.14407,0.057407,2.6368
0,47.66076,0.6168364,-1.24837,0.01042724,0.08671997,0.07727532,0.009444655,0.8791285,22.72632,0.9614705,0.1555189,0.1440707,477.8224,3.826334
0,6.44976,0.89087,-0.875541,0.0138187,0.000660131,0.000575858,8.42727e-05,0.954584,35.9156,0.010348,0.000976515,0.144071,5.78698,3.13506
0,35.836702,0.51362944,-1.3416645,0.021658769,0.11263028,0.084017054,0.028613227,0.85030108,18.386949,0.8704474,0.24817404,0.14407067,1324.843,4.1365063
0,6.41579,0.667332,-0.811269,0.0203206,0.000216074,0.000171664,4.44101e-05,0.940695,26.9155,0.00231072,0.000290852,0.144071,1.92752,3.01355
0,51.79921,0.6485359,-1.198708,0.01773026,0.02810242,0.0263131,0.001789324,0.9209663,25.42785,0.3442161,0.04832822,0.1440707,269.6616,3.706856
0,4.97705,0.94172,-0.577358,0.0207516,4.74169e-05,8.33583e-06,3.90811e-05,0.957307,37.9889,0.000158342,1.41155e-05,0.144071,0.132492,2.64172
0,62.411229,0.95376466,-1.292955,0.011892184,0.12991474,0.095669658,0.034245078,0.87026605,33.4779,1.8405203,0.24177151,0.14407067,1260.6956,4.0727903
0,53.49964,0.6461227,-1.29815,0.01287659,0.1223802,0.09659467,0.02578553,0.8577887,22.87582,1.258906,0.2386964,0.1440707,934.2873,3.999206
0,7.09694,0.495589,-0.974592,0.0209276,0.00142569,0.00135293,7.27611e-05,0.921023,19.9644,0.0135245,0.00230131,0.144071,11.8993,3.27234
1,95.0795,0.497328,-1.30996,0.0222203,,,,,,,,,,
0,6.74,0.21884,-0.86206,0.010482,0.00070426,0.00064042,6.3832e-05,0.83867,8.8223,0.002827,0.0010827,0.14407,1.3607,3.0463
0,38.25533,0.6608953,-1.226708,0.0238781,0.03007051,0.02725167,0.002818837,0.9206659,25.85997,0.363288,0.05141739,0.1440707,393.0728,3.778182
0,5.29609,0.341952,-0.673655,0.00980722,0.000132537,6.07587e-05,7.17787e-05,0.890607,13.7931,0.000419082,0.000102894,0.144071,0.178136,2.75323
0,41.09962,0.8259998,-1.256479,0.02050624,0.05255581,0.0426831,0.009872712,0.9169452,31.57103,0.7111497,0.08776099,0.1440707,706.2692,3.898882
0,6.40366,0.644115,-0.924218,0.0169308,0.00095335,0.000877373,7.59768e-05,0.938219,25.96,0.0113992,0.0014894,0.144071,7.9529,3.20049
0,35.705,0.3653519,-1.342158,0.01246409,0.1775789,0.1440235,0.03355537,0.7807288,12.12162,1.061377,0.4339952,0.1440707,957.2895,4.048931
0,30.525636,0.85771126,-1.3581183,0.017984103,0.034611687,0.020257108,0.014354579,2.0519362,33.403987,0.35046425,0,0.14407067,1232.1086,4.131224
0,37.276,0.5483849,-1.242767,0.01306321,0.06450784,0.05915263,0.00535521,0.886754,20.69573,0.6543117,0.1155176,0.1440707,401.4329,3.796947
0,6.28768,0.961691,-0.812215,0.0157369,0.000286367,0.000224363,6.20043e-05,0.958001,38.7852,0.00435223,0.00038016,0.144071,2.76073,3.03312
0,44.50144,0.7521909,-1.174361,0.02235336,0.01667719,0.01560258,0.001074603,0.9363054,29.83866,0.2367281,0.02803847,0.1440707,227.6651,3.665655
0,33.042088,0.5118905,-1.3309739,0.014322695,0.14756437,0.11353007,0.034034294,0.82641725,17.60329,1.1722309,0.327136,0.14407067,1137.5877,4.0816239
0,6.94351,0.441338,-0.990245,0.0208455,0.00173521,0.0016591,7.61143e-05,0.912069,17.7735,0.0147696,0.00282489,0.144071,13.0796,3.29308
0,5.02227,0.499075,-0.527352,0.019938,4.23895e-05,4.56431e-06,3.78252e-05,0.922408,20.1327,4.59479e-05,7.72876e-06,0.144071,0.0383362,2.52797
0,26.4811,0.943024,-1.06787,0.0153201,0.00644902,0.00606111,0.000387912,0.953189,37.7979,0.115292,0.0104176,0.144071,72.1364,3.46991
0,6.10285,0.8841,-0.776474,0.0244281,0.000128193,9.13518e-05,3.6841e-05,0.9546,35.6616,0.00162908,0.000154744,0.144071,1.60961,2.96943
0,5.82881,0.463354,-0.637129,0.00963306,0.000116874,3.86939e-05,7.81798e-05,0.916877,18.6903,0.000361643,6.55256e-05,0.144071,0.146662,2.70671
0,7.371796,0.8859413,-1.392669,0.01302655,0.1509221,0.0002645843,0.1506575,4.051996,30.34643,0.004728182,0,0.1440707,883.4715,4.080984
0,6.24931,0.872868,-0.717481,0.00884675,0.000214284,0.000118246,9.60375e-05,0.953988,35.2055,0.00208191,0.000200276,0.144071,0.745279,2.87071
0,6.32084,0.780325,-0.806372,0.0162083,0.000259122,0.000202099,5.70225e-05,0.948797,31.4716,0.00318101,0.000342416,0.144071,2.09833,3.01305
0,129.4339,0.7410115,-1.269967,0.0126215,0.09466801,0.07700605,0.01766195,0.8834857,27.06375,1.150999,0.1695572,0.1440707,747.2279,3.923219
0,11.91281,0.5294183,-1.136545,0.01972686,0.01158335,0.01115682,0.0004265271,0.9191339,21.11029,0.119142,0.01954731,0.1440707,100.948,3.561445
0,6.34534,0.695916,-0.841065,0.00857671,0.000709109,0.000596085,0.000113024,0.942669,28.0546,0.00836739,0.00101042,0.144071,2.93972,3.06523
0,6.9883,0.550642,-0.970442,0.0217066,0.00130928,0.00123699,7.22874e-05,0.928346,22.1848,0.0137392,0.00210355,0.144071,12.4373,3.27056
0,50.6874,0.2679159,-1.328348,0.009560946,0.1971828,0.1792373,0.01794554,0.7384484,8.677016,0.9686169,0.4738094,0.1440707,606.7253,3.943615
0,32.14012,0.2922611,-1.238432,0.01049543,0.07194283,0.0700363,0.001906536,0.8292693,10.9421,0.4128757,0.1359925,0.1440707,214.6633,3.72418
0,32.91311,0.75453448,-1.3309243,0.02340206,0.10585511,0.074742634,0.031112475,0.87663044,27.217119,1.1375557,0.20008877,0.14407067,1657.0657,4.2017755
0,4.95338,0.890466,-0.559577,0.0162082,5.82824e-05,8.4933e-06,4.97891e-05,0.954955,35.9209,0.000152552,1.43821e-05,0.144071,0.0999446,2.60944
0,40.487988,0.41327516,-1.3669652,0.024656198,0.13010196,0.09556007,0.034541886,0.82303725,14.503166,0.79660116,0.30171891,0.14407067,1494.202,4.200875
0,4.82155,0.727045,-0.521078,0.0173201,5.05483e-05,4.84733e-06,4.5701e-05,0.945396,29.3288,7.10867e-05,8.2081e-06,0.144071,0.0502703,2.53562
0,6.41856,0.452337,-0.951114,0.0182687,0.00121652,0.00114758,6.8947e-05,0.914329,18.2259,0.0104705,0.00194992,0.144071,8.0937,3.22832
0,5.97583,0.377824,-0.739415,0.0134002,0.000158629,0.000103473,5.51566e-05,0.899931,15.2397,0.00078857,0.000175253,0.144071,0.453294,2.86704
0,36.9543,0.257047,-1.16132,0.0130364,0.0234021,0.0229598,0.00044232,0.845266,10.1271,0.119044,0.0406606,0.144071,72.3869,3.56358
0,14.40727,0.9253885,-1.131432,0.0218409,0.0101055,0.009440603,0.0006648996,0.950018,36.95457,0.1762175,0.01653295,0.1440707,160.1012,3.591516
0,7.24916,0.388837,-1.02195,0.0243004,0.00220968,0.00213285,7.68282e-05,0.901195,15.6517,0.0167283,0.00364118,0.144071,17.516,3.34065
0,27.547504,0.65917581,-1.3970615,0.021148976,0.95531858,0.28119515,0.67412343,0.089277259,1.1881831,3.7388174,0,0.14407067,1661.1137,4.2688241
0,36.03146,0.9732283,-1.12949,0.008440376,0.0253511,0.0236176,0.001733499,0.9420233,38.26644,0.4636344,0.04172774,0.1440707,163.0724,3.591096
0,5.24522,0.258457,-0.673198,0.0121461,0.000101318,4.87728e-05,5.25451e-05,0.860248,10.4256,0.000254268,8.25936e-05,0.144071,0.138579,2.73986
0,39.03609,0.262588,-1.236988,0.01056296,0.07037189,0.06876395,0.001607936,0.8184016,9.847801,0.3642175,0.132639,0.1440707,192.1618,3.712677
0,10.46863,0.4709156,-1.163743,0.01688443,0.01881999,0.01817197,0.0006480118,0.9061645,18.64004,0.1726117,0.03238742,0.1440707,128.2153,3.606223
0,5.40828,0.514849,-0.703404,0.0158487,0.000104265,5.50927e-05,4.91722e-05,0.924565,20.7678,0.000572135,9.33029e-05,0.144071,0.378598,2.82176
0,5.5887,0.598812,-0.682108,0.0132238,0.000110431,5.02277e-05,6.02033e-05,0.934437,24.1545,0.000606679,8.50615e-05,0.144071,0.331417,2.79361
0,6.23388,0.287807,-0.754569,0.0111048,0.000213222,0.000151682,6.15401e-05,0.872611,11.6082,0.000880562,0.00025692,0.144071,0.432604,2.87979
0,6.14049,0.564958,-0.75546,0.0207331,0.000121535,8.21783e-05,3.93564e-05,0.930777,22.7887,0.000936481,0.000139193,0.144071,0.805362,2.91268
0,27.8955,0.559339,-1.09269,0.0126977,0.0104,0.0100038,0.000396207,0.923534,22.3301,0.112866,0.0172903,0.144071,60.5064,3.48344
0,6.11626,0.703746,-0.800269,0.0243419,0.000161283,0.000124435,3.68488e-05,0.943619,28.3858,0.00176637,0.000210811,0.144071,1.7595,2.99783
0,4.94387,0.955293,-0.620207,0.0188985,5.91694e-05,1.58706e-05,4.32989e-05,0.95788,38.5359,0.000305811,2.68751e-05,0.144071,0.2329,2.71357
0,4.70967,0.621642,-0.559965,0.0103078,8.90977e-05,1.34217e-05,7.5676e-05,0.936704,25.0759,0.000168295,2.27278e-05,0.144071,0.0714849,2.59261
0,5.45945,0.566319,-0.708683,0.00838945,0.00020597,0.000111371,9.45985e-05,0.930877,22.8416,0.00127221,0.000188626,0.144071,0.442596,2.83507
0,49.13919,0.2714337,-1.31927,0.02363592,0.08109556,0.07164649,0.009449068,0.8165152,10.06211,0.3922688,0.1705657,0.1440707,566.274,3.923137
0,4.87259,0.997036,-0.507389,0.020075,4.38102e-05,3.5078e-06,4.03024e-05,0.959581,40.2205,7.05458e-05,5.93983e-06,0.144071,0.0569683,2.52836
0,5.67239,0.526393,-0.641745,0.0246125,4.74598e-05,1.60698e-05,3.139e-05,0.926132,21.2346,0.000170627,2.72126e-05,0.144071,0.175038,2.72042
0,9.859,0.685458,-0.996938,0.0242719,0.00164321,0.0015526,9.06106e-05,0.941249,27.6071,0.0214667,0.00264393,0.144071,21.454,3.32683
0,4.8563,0.83782,-0.596497,0.0119828,8.57856e-05,1.84586e-05,6.7327e-05,0.952244,33.7963,0.000311943,3.12577e-05,0.144071,0.15152,2.66775
0,45.0454,0.209037,-1.14308,0.0119571,0.0202878,0.0199597,0.000328074,0.820588,8.26185,0.0841597,0.0350748,0.144071,48.1295,3.51967
0,5.45056,0.340128,-0.595493,0.018088,5.07258e-05,1.20721e-05,3.86537e-05,0.890136,13.7207,8.28229e-05,2.04418e-05,0.144071,0.0649632,2.62322
0,7.11503,0.288503,-1.02317,0.0155094,0.00349233,0.00339257,9.97554e-05,0.870854,11.5981,0.0197426,0.00579523,0.144071,13.6441,3.32828
0,28.9178,0.484533,-1.11026,0.0102892,0.0158951,0.015366,0.000529133,0.910142,19.2362,0.150179,0.0267396,0.144071,66.2806,3.50682
0,6.32081,0.478612,-0.938903,0.0207494,0.000922707,0.000864187,5.85202e-05,0.918799,19.2903,0.00834289,0.00146758,0.144071,7.28725,3.21056
0,34.27902,0.7385615,-1.148828,0.01061002,0.02528034,0.02391393,0.001366407,0.9297768,29.04167,0.3562565,0.04255443,0.1440707,160.7463,3.609244
0,6.32639,0.859615,-0.77676,0.0127254,0.000246425,0.000175997,7.0428e-05,0.953293,34.6699,0.00305164,0.000298146,0.144071,1.57276,2.96852
0,41.040817,0.76352658,-1.3689044,0.010352969,0.25859454,0.25859066,3.8843479e-06,0.76944186,22.836792,3.9825585,0.73668518,0.14407067,2580.1411,4.4417538
0,41.803888,0.96009087,-1.342804,0.0098271478,0.24932655,0.16980329,0.079523262,0.78639086,29.074922,3.2883922,0.55503346,0.14407067,2298.6036,4.3550464
0,5.98359,0.301441,-0.76018,0.01731,0.000144845,0.000104581,4.02638e-05,0.877705,12.1589,0.000635886,0.000177138,0.144071,0.484162,2.89119
0,45.60596,0.7595027,-1.156187,0.01028648,0.02860665,0.02695611,0.001650532,0.9289785,29.7632,0.4129636,0.04824423,0.1440707,181.2273,3.626742
0,28.5663,0.914168,-1.01661,0.0113783,0.0045378,0.00425344,0.000284358,0.953154,36.7118,0.0784317,0.00726121,0.144071,36.2716,3.37636
0,6.39718,0.481842,-0.875375,0.0149856,0.000593527,0.000529914,6.36132e-05,0.919505,19.4268,0.00515033,0.000898552,0.144071,3.24266,3.10464
0,7.17767,0.358379,-1.00028,0.020243,0.00201632,0.001942,7.43178e-05,0.893912,14.4285,0.0140384,0.00330915,0.144071,12.3241,3.29991
0,4.675,0.802272,-0.507804,0.0157207,5.52197e-05,4.50333e-06,5.07164e-05,0.950256,32.3633,7.28753e-05,7.62561e-06,0.144071,0.0465368,2.51838
0,6.04504,0.935228,-0.78361,0.0228239,0.000147394,0.000107154,4.02402e-05,0.956959,37.7232,0.00202139,0.00018152,0.144071,1.86152,2.98409
0,4.83605,0.669407,-0.541465,0.0200628,4.45893e-05,5.43737e-06,3.9152e-05,0.940978,27.0039,7.34183e-05,9.20723e-06,0.144071,0.0604232,2.56547
0,35.1357,0.915515,-1.04434,0.0229326,0.0032001,0.00300856,0.000191533,0.954087,36.8153,0.0555584,0.00514425,0.144071,51.8862,3.42551
0,15.9145,0.308996,-1.16107,0.0226512,0.0134727,0.0131704,0.000302387,0.87205,12.2975,0.0820873,0.0233278,0.144071,84.9336,3.57399
0,40.595304,0.70003119,-1.3564263,0.022951605,0.12495204,0.086327121,0.038624923,0.86096417,24.711802,1.218961,0.28309028,0.14407067,2125.6643,4.3310677
0,21.3309,0.88948,-1.0106,0.0124567,0.00383921,0.00359965,0.000239553,0.952448,35.7454,0.0645836,0.00613972,0.144071,32.7167,3.36435
0,5.8763,0.21474,-0.5771,0.014221,0.0065218,1.205e-05,0.0065097,0.83557,8.6064,5.2193e-05,2.0528e-05,0.14407,0.034275,2.572
0,6.35462,0.967435,-0.758648,0.0220565,0.000120897,8.04749e-05,4.04224e-05,0.958346,39.0233,0.00157039,0.000136311,0.144071,1.39542,2.94423
0,12.50324,0.7911869,-1.117811,0.02138542,0.00860208,0.008142237,0.0004598436,0.9440421,31.64334,0.1299415,0.01417482,0.1440707,115.8147,3.552657
0,35.0684,0.685042,-1.0664,0.00955345,0.00998878,0.00952779,0.00046099,0.935818,27.3598,0.131654,0.0163929,0.144071,52.1885,3.44793
0,54.1163,0.941097,-1.18535,0.01423558,0.03083628,0.02784842,0.002987857,0.9369799,36.79482,0.52864,0.05070208,0.1440707,323.0686,3.713154
0,4.79163,0.864842,-0.528885,0.0111941,8.00292e-05,8.291e-06,7.17382e-05,0.953669,34.8865,0.000144633,1.40396e-05,0.144071,0.0655302,2.55706
0,5.99681,0.945892,-0.839373,0.013085,0.000462138,0.000382357,7.97806e-05,0.957218,38.1414,0.00729518,0.000648048,0.144071,3.85128,3.07759
0,6.25314,0.523327,-0.913667,0.015625,0.000902258,0.000830435,7.18223e-05,0.925186,21.0929,0.00876606,0.00140933,0.144071,5.72237,3.1726
0,38.7939,0.303214,-1.12247,0.00917107,0.0205302,0.0200769,0.000453302,0.865647,11.9811,0.122792,0.0350922,0.144071,50.7717,3.50231
0,11.1701,0.698757,-1.00644,0.0196539,0.00228773,0.00216456,0.00012317,0.941867,28.1246,0.0305085,0.00368913,0.144071,24.6779,3.34415
0,53.04062,0.6325128,-1.273915,0.009056792,0.1342982,0.112992,0.0213062,0.8483683,22.08985,1.441591,0.2485877,0.1440707,668.1895,3.906075
0,49.16799,0.4877467,-1.216355,0.01784626,0.03397131,0.03231474,0.001656572,0.8989352,19.00814,0.3179217,0.06022955,0.1440707,259.063,3.720384
0,6.08378,0.583194,-0.78515,0.0106224,0.000314373,0.000234819,7.9554e-05,0.93267,23.5197,0.0027623,0.000397816,0.144071,1.21464,2.96356
0,12.2346,0.487553,-1.13712,0.0192108,0.0119431,0.0115376,0.000405548,0.913124,19.4339,0.113465,0.0202219,0.144071,94.2396,3.55719
0,6.52478,0.59697,-0.815417,0.0136701,0.000333985,0.00026912,6.48647e-05,0.934105,24.0748,0.00324059,0.00045601,0.144071,1.83126,3.01505
0,5.9879,0.698848,-0.651759,0.0172189,7.26636e-05,2.61223e-05,4.65412e-05,0.943305,28.1907,0.00036823,4.42365e-05,0.144071,0.259465,2.75067
0,5.886,0.583003,-0.649578,0.0142733,8.54772e-05,3.0643e-05,5.48342e-05,0.932796,23.5174,0.000360352,5.18921e-05,0.144071,0.212846,2.73831
0,37.168609,0.79226377,-1.311785,0.016297935,0.11346008,0.083138124,0.030321959,0.87385212,28.335003,1.3286029,0.22468614,0.14407067,1353.4166,4.1132717
0,5.1707,0.698236,-0.608731,0.0215818,4.88008e-05,1.19928e-05,3.6808e-05,0.943273,28.1667,0.000168907,2.03082e-05,0.144071,0.149175,2.67919
0,12.1223,0.3920347,-1.187092,0.02313872,0.01819285,0.01764098,0.0005518659,0.8918069,15.52765,0.1394994,0.03189889,0.1440707,146.483,3.639964
0,14.5365,0.675234,-1.11764,0.0207735,0.00876916,0.00836917,0.000399989,0.93582,27.0013,0.113989,0.0145604,0.144071,99.4745,3.5415
1,104.2563,0.7661014,-1.283581,0.01544427,,,,,,,,,,
0,5.0458,0.942577,-0.688393,0.0247648,6.28957e-05,2.90754e-05,3.38204e-05,0.957334,38.0228,0.000552799,4.92395e-05,0.144071,0.552035,2.82616
0,10.3793,0.21093,-1.06319,0.0208801,0.0232229,0.00411627,0.0191067,0.828729,8.3117,0.0175133,0.00719772,0.144071,17.1807,3.38083
0,6.02251,0.969205,-0.674763,0.0126297,0.000113958,4.78557e-05,6.61024e-05,0.958424,39.095,0.000935565,8.10445e-05,0.144071,0.475902,2.80489
0,4.90698,0.868473,-0.507275,0.0147735,5.91393e-05,4.75958e-06,5.43797e-05,0.953867,35.0337,8.33777e-05,8.05954e-06,0.144071,0.0498459,2.52139
0,77.51232,0.869004,-1.260554,0.01615961,0.06911897,0.05514258,0.01397638,0.9080713,32.63406,0.9665716,0.1173515,0.1440707,776.7977,3.921543
0,45.18362,0.4880208,-1.350714,0.012740741,0.1889208,0.14159483,0.047325963,0.79525955,15.968229,1.3938335,0.47389043,0.14407067,1381.8402,4.1587881
0,4.66693,0.781786,-0.544198,0.0205051,4.43948e-05,5.51015e-06,3.88846e-05,0.949026,31.5372,8.68914e-05,9.33051e-06,0.144071,0.0724685,2.57754
0,4.72452,0.918494,-0.607587,0.0162376,6.58248e-05,1.57073e-05,5.01175e-05,0.956264,37.0513,0.000291007,2.65985e-05,0.144071,0.190741,2.69068
0,20.7638,0.33782,-1.07181,0.0109994,0.00911662,0.00887527,0.000241349,0.883802,13.504,0.0604773,0.0152635,0.144071,29.2396,3.41912
0,47.18367,0.2032698,-1.284197,0.01373896,0.09167866,0.08954795,0.002130708,0.7729022,7.448478,0.3671586,0.1870071,0.1440707,282.2229,3.797124
0,5.9389,0.22074,-0.82907,0.022152,0.0002269,0.00019791,2.899e-05,0.84012,8.9029,0.00088117,0.00033534,0.14407,0.89726,2.9919
0,4.89834,0.856281,-0.636593,0.0119033,9.9547e-05,3.10993e-05,6.84477e-05,0.953216,34.5405,0.000537146,5.2665e-05,0.144071,0.258919,2.7354
0,4.69171,0.733656,-0.503795,0.0242702,3.53652e-05,2.77057e-06,3.25946e-05,0.945871,29.5959,4.10003e-05,4.69143e-06,0.144071,0.0406084,2.50737
0,4.77782,0.512497,-0.563333,0.017077,5.28845e-05,8.45971e-06,4.44248e-05,0.924279,20.674,8.74525e-05,1.43251e-05,0.144071,0.0623686,2.58896
0,5.9626,0.22471,-0.94517,0.016236,0.001249,0.0011966,5.2376e-05,0.84188,9.0539,0.0054237,0.0020328,0.14407,4.0458,3.186
0,56.05164,0.7253814,-1.270234,0.009895567,0.119021,0.09761742,0.02140359,0.8658245,25.78025,1.428298,0.2170102,0.1440707,728.8118,3.918629
1,1407.1908,0.60254843,-1.2940856,0.022756728,,,,,,,,,,
0,5.50503,0.250803,-0.623227,0.0106021,8.84799e-05,2.94096e-05,5.90703e-05,0.856604,10.1169,0.000148781,4.9801e-05,0.144071,0.0710779,2.65557
0,19.6222,0.586103,-1.04221,0.0197815,0.00354511,0.00339317,0.00015193,0.930907,23.5606,0.0401148,0.00580313,0.144071,33.1161,3.39667
0,45.059145,0.21057188,-1.3947665,0.014023013,0.23770239,0.1883224,0.049379987,0.68230652,6.4756014,0.79988496,0.75818563,0.14407067,1150.1508,4.1484204
0,37.71,0.4572314,-1.285356,0.01459893,0.09261833,0.08129393,0.0113244,0.8555892,16.73714,0.749755,0.1786297,0.1440707,581.4709,3.893534
0,10.9548,0.26448,-1.07858,0.0219323,0.00496504,0.00485741,0.000107637,0.86001,10.6166,0.0259133,0.00835024,0.144071,25.7693,3.41872
0,5.56176,0.294866,-0.931945,0.0170981,0.00101408,0.000959205,5.48793e-05,0.874783,11.8834,0.00570507,0.00162871,0.144071,4.31188,3.17606
0,72.094688,0.38296337,-1.3684667,0.0123967,0.21932983,0.16585123,0.053478594,0.75572828,12.060908,1.2811533,0.61178503,0.14407067,1379.6108,4.1760249
0,4.16552,0.946462,-0.517353,0.0225748,3.92945e-05,3.5453e-06,3.57492e-05,0.957517,38.1805,6.76833e-05,6.00332e-06,0.144071,0.0615952,2.54234
0,37.74063,0.200736,-1.337948,0.01580811,0.136639,0.1272606,0.009378433,0.7433557,6.991541,0.5152812,0.3241728,0.1440707,549.3766,3.936976
0,35.55903,0.5624752,-1.246024,0.02125853,0.0419588,0.03800013,0.003958673,0.9032919,21.73916,0.4311353,0.07401703,0.1440707,431.6352,3.809796
0,27.0563,0.963766,-1.05289,0.0125921,0.00649838,0.00609736,0.000401014,0.954033,38.6274,0.118533,0.0104565,0.144071,60.7646,3.44391
0,37.2927,0.453063,-1.09765,0.0238727,0.00586953,0.00568232,0.000187208,0.911497,18.1701,0.051929,0.00980129,0.144071,53.1648,3.48033
0,4.68715,0.389246,-0.676198,0.00952328,0.000141187,6.46466e-05,7.65405e-05,0.90259,15.7007,0.000507569,0.00010948,0.144071,0.206722,2.76343
0,6.08933,0.717852,-0.967867,0.0147268,0.00188493,0.00176355,0.000121383,0.943551,28.9048,0.0255357,0.00299968,0.144071,15.425,3.27963
0,5.51725,0.53875,-0.654849,0.0245201,5.06639e-05,1.90872e-05,3.15767e-05,0.927702,21.7331,0.000207422,3.23225e-05,0.144071,0.21163,2.74329
0,31.297,0.3426398,-1.268708,0.01615961,0.06788584,0.064412,0.003473842,0.8476777,12.88434,0.445174,0.1303093,0.1440707,364.8168,3.810863
0,47.53918,0.8242663,-1.18529,0.01890063,0.02290599,0.02106578,0.001840213,0.936555,32.4907,0.3502436,0.03815799,0.1440707,285.1838,3.699327
0,5.16051,0.674568,-0.724531,0.0197721,9.95049e-05,5.79256e-05,4.15793e-05,0.941368,27.2106,0.000788173,9.81051e-05,0.144071,0.639088,2.86984
0,16.12154,0.8605683,-1.14909,0.02340171,0.01172515,0.01095756,0.0007675972,0.9458547,34.30981,0.190206,0.0193588,0.1440707,187.3084,3.622522
0,32.90709,0.2170172,-1.306392,0.02264226,0.07151365,0.06861475,0.002898892,0.7941311,8.12877,0.3003564,0.1509061,0.1440707,398.6545,3.859675
0,34.44246,0.2427451,-1.195571,0.02155459,0.02152059,0.02111998,0.0004006031,0.8394492,9.582024,0.1034116,0.03818345,0.1440707,107.0817,3.624693
0,11.7253,0.7687773,-1.13841,0.01705932,0.01391704,0.01315564,0.0007614079,0.9391918,30.58223,0.2040035,0.02315187,0.1440707,146.5885,3.59134
0,29.787363,0.80384893,-1.3453221,0.0093372084,0.26878969,0.18738021,0.081409481,0.76399683,23.712204,3.0382487,0.60336048,0.14407067,1993.0197,4.2908954
0,37.61211,0.313148,-1.314672,0.0240426,0.07541526,0.06708306,0.008332205,0.8342368,11.68023,0.4237284,0.158063,0.1440707,606.4726,3.929868
0,45.76446,0.6428418,-1.24999,0.02349157,0.04043958,0.03535888,0.0050807,0.9122986,24.88465,0.4584878,0.07048183,0.1440707,514.7795,3.838958
0,4.97594,0.386484,-0.677673,0.00898914,0.000151165,6.97971e-05,8.13677e-05,0.901956,15.5891,0.000544119,0.000118203,0.144071,0.209325,2.76555
0,25.216775,0.92578532,-1.3176875,0.019599652,0.10433093,0.073381222,0.030949707,0.88672915,33.451303,1.370315,0.20155209,0.14407067,1698.6153,4.1978793
0,40.42461,0.7313322,-1.212642,0.02398044,0.02543643,0.02310403,0.002332396,0.9290884,28.75279,0.340822,0.04273541,0.1440707,361.4976,3.753683
0,9.2781,0.20107,-0.63409,0.020053,0.0032057,1.7815e-05,0.0031879,0.82683,8.0854,7.2252e-05,3.0271e-05,0.14407,0.067661,2.6639
0,5.5655,0.550136,-0.784279,0.0176244,0.000187294,0.000139962,4.73321e-05,0.929004,22.1893,0.00155312,0.000237099,0.144071,1.13765,2.95931
0,161.7678,0.7649474,-1.269674,0.01520813,0.07957833,0.06414059,0.01543774,0.8952764,28.40361,0.9896684,0.1401914,0.1440707,770.9937,3.929151
0,6.41807,0.668723,-0.670415,0.0136422,0.000100912,4.1898e-05,5.90138e-05,0.940885,26.9748,0.000565152,7.09537e-05,0.144071,0.316313,2.77952
0,4.45514,0.650698,-0.606984,0.0200496,5.19138e-05,1.2623e-05,3.92908e-05,0.93938,26.2489,0.000165679,2.13753e-05,0.144071,0.136498,2.67287
0,5.52799,0.89084,-0.816808,0.023189,0.000203365,0.000161515,4.185e-05,0.954879,35.9308,0.00290227,0.000273668,0.144071,2.72183,3.03697
0,4.53199,0.51485,-0.587397,0.0108053,8.86181e-05,1.82122e-05,7.04059e-05,0.924576,20.7681,0.000189133,3.08401e-05,0.144071,0.0853184,2.62913
