Error,time,CO2share,E_appl,v,X_tot,X_het,X_hom,FE,CO2_out,CO_out,H2_out,delP,CD,Vcell
0,21.89763,0.7622635,-1.133246,0.01379055,0.02525893,0.01511297,0.01014597,0.9368402,29.97433,0.23237,0.02680153,0.1440707,134.7915,3.579574
0,7.84737,0.834178,-0.697855,0.0122282,0.000134498,6.64909e-05,6.80067e-05,0.952014,33.6477,0.00111878,0.000112608,0.144071,0.55473,2.83587
0,99.295693,0.2265542,-1.3944491,0.023375646,0.1547242,0.11926539,0.035458806,0.74594085,7.7254843,0.5450191,0.45298389,0.14407067,1249.9857,4.1717664
0,17.69436,0.865929,-1.113003,0.01303728,0.01330783,0.01253844,0.0007693951,0.9450998,34.46824,0.2190034,0.02185874,0.1440707,118.4652,3.549526
0,7.59269,0.951239,-0.719254,0.0142992,0.000134904,7.48453e-05,6.00586e-05,0.957659,38.3695,0.00143608,0.000126763,0.144071,0.827784,2.87789
0,8.43365,0.836532,-0.939994,0.0203247,0.000973106,0.00089459,7.85167e-05,0.951598,33.7144,0.0150949,0.00151938,0.144071,12.4707,3.24026
0,36.615423,0.38837366,-1.3577352,0.011330188,0.23350057,0.17984406,0.053656507,0.74627434,12.009274,1.4088704,0.58318023,0.14407067,1211.9801,4.1260859
0,7.83637,0.55111,-0.85308,0.0200532,0.00034428,0.000297507,4.67727e-05,0.92902,22.2251,0.0033072,0.000504269,0.144071,2.75742,3.07392
0,109.16894,0.689146,-1.3031907,0.021827564,0.077903449,0.05956973,0.018333719,0.89120585,25.63556,0.82806046,0.15023147,0.14407067,1075.1481,4.0388153
0,53.042275,0.60064709,-1.3846985,0.016434572,0.19510007,0.19509797,2.100526e-06,0.80346026,19.503674,2.3637269,0.56845324,0.14407067,2584.8926,4.4585651
0,8.09261,0.590937,-0.800636,0.0218977,0.00017846,0.000138976,3.94838e-05,0.933578,23.8352,0.00165656,0.000235448,0.144071,1.50037,2.98996
0,8.17317,0.830963,-0.74295,0.0194037,0.000118985,7.47756e-05,4.42093e-05,0.951848,33.5186,0.00125333,0.000126651,0.144071,0.986385,2.91062
0,9.24478,0.514398,-0.96416,0.0120017,0.00218408,0.00206328,0.000120795,0.923177,20.7064,0.0214083,0.00350958,0.144071,10.7685,3.25656
0,14.94123,0.5535888,-1.167609,0.0249095,0.01350734,0.01293878,0.0005685636,0.9208597,22.03111,0.1444793,0.02307084,0.1440707,156.7143,3.625936
0,8.22048,0.838012,-0.755774,0.0165993,0.00015547,0.000103056,5.24141e-05,0.952209,33.8016,0.00174199,0.000174559,0.144071,1.1724,2.93236
0,52.60853,0.7683548,-1.257256,0.02412469,0.04441364,0.03661954,0.007794107,0.9189666,29.62013,0.5675444,0.07534617,0.1440707,667.8015,3.889311
0,6.1161,0.835518,-0.529777,0.0155285,5.76276e-05,6.04569e-06,5.15819e-05,0.952137,33.7044,0.000101889,1.02374e-05,0.144071,0.064142,2.55685
0,20.462,0.370985,-1.06032,0.0150815,0.00576701,0.00559809,0.000168916,0.894752,14.8799,0.0418911,0.00960468,0.144071,27.4576,3.40405
0,6.80223,0.493925,-0.614,0.0228463,4.52927e-05,1.21225e-05,3.31703e-05,0.92166,19.9249,0.000120775,2.05276e-05,0.144071,0.115563,2.67133
0,45.648743,0.7109968,-1.3111715,0.018847438,0.097550222,0.07294904,0.024601182,0.87953668,25.884862,1.0461944,0.19276779,0.14407067,1218.7539,4.0811239
0,38.885141,0.96856832,-1.3174042,0.024699347,0.085682378,0.059666765,0.026015613,0.9012445,35.725846,1.165703,0.15935652,0.14407067,1778.4126,4.2154502
0,7.95757,0.784867,-0.764039,0.0170741,0.000162332,0.000111407,5.09247e-05,0.94914,31.6578,0.00176374,0.000188712,0.144071,1.22497,2.94289
0,8.6227,0.24625,-0.96905,0.017533,0.0015612,0.0015042,5.6986e-05,0.85344,9.9187,0.0074716,0.0025581,0.14407,5.9413,3.2299
0,9.22919,0.381921,-1.00673,0.0242823,0.00182566,0.00175814,6.75157e-05,0.899849,15.3793,0.0135442,0.00299681,0.144071,14.176,3.31391
0,8.45957,0.82571,-0.944614,0.0207711,0.00100742,0.000928716,7.87012e-05,0.950981,33.2771,0.0154681,0.00157764,0.144071,13.07,3.24741
0,7.97493,0.961619,-0.83964,0.0172873,0.000351118,0.000290422,6.06959e-05,0.957955,38.7798,0.00563323,0.000492207,0.144071,3.92619,3.07886
0,37.5277,0.986214,-1.04944,0.0154991,0.00506413,0.00474446,0.000319668,0.955879,39.5841,0.0943807,0.00812651,0.144071,59.452,3.43907
0,6.85181,0.948747,-0.678177,0.0190102,7.70925e-05,3.32192e-05,4.38733e-05,0.95759,38.2712,0.000635719,5.62568e-05,0.144071,0.487182,2.80951
0,7.8252,0.697946,-0.671672,0.00905155,0.000153302,6.41739e-05,8.91279e-05,0.943184,28.1521,0.000903453,0.00010868,0.144071,0.334676,2.78368
0,8.38107,0.260156,-0.864898,0.0194815,0.00039415,0.000356395,3.77545e-05,0.860854,10.491,0.00187021,0.000604161,0.144071,1.63494,3.05866
0,57.910793,0.93011591,-1.3403363,0.021821151,0.12671594,0.085623547,0.041092392,0.87131939,32.767837,1.6064065,0.24216036,0.14407067,2265.1055,4.3453196
0,31.12767,0.8500251,-1.144094,0.0143678,0.01782586,0.01670873,0.001117128,0.9413158,33.68026,0.286484,0.02957069,0.1440707,173.2723,3.610798
0,7.52424,0.313732,-0.77892,0.0185135,0.000163031,0.000124384,3.86471e-05,0.881916,12.6544,0.000787132,0.000210698,0.144071,0.637973,2.92414
0,68.3318,0.6726582,-1.246211,0.01249064,0.07181204,0.06295495,0.008857089,0.8939428,25.18753,0.8541801,0.1262773,0.1440707,506.551,3.832754
0,8.37258,0.801445,-0.828086,0.011421,0.000464126,0.000378977,8.51485e-05,0.949942,32.3167,0.00612649,0.000642264,0.144071,2.84437,3.05054
0,8.26431,0.976041,-0.915743,0.0214701,0.000689425,0.00062069,6.87352e-05,0.958327,39.3481,0.0122199,0.00105335,0.144071,10.5841,3.20721
0,6.32566,0.822924,-0.61757,0.0157159,6.98873e-05,1.8449e-05,5.14383e-05,0.951433,33.1959,0.000306237,3.12414e-05,0.144071,0.19526,2.70187
0,40.0144,0.616632,-1.07426,0.0148042,0.00710374,0.00680477,0.000298964,0.931707,24.6993,0.0846378,0.0117026,0.144071,52.349,3.45598
0,41.35842,0.2162784,-1.377497,0.01980369,0.1491237,0.1225026,0.02662114,0.7445316,7.423943,0.5344209,0.430067,0.1440707,967.9906,4.086919
0,32.63262,0.3152378,-1.210484,0.01771784,0.03117145,0.03036955,0.0008019062,0.8630203,12.32084,0.1931087,0.05625944,0.1440707,162.2045,3.671647
0,44.375052,0.34224811,-1.3944128,0.021833595,0.17240937,0.12371911,0.048690264,0.77800822,11.426462,0.85408877,0.48475074,0.14407067,1771.7754,4.2909779
0,30.75692,0.4255905,-1.157437,0.01079476,0.02701669,0.02619566,0.0008210252,0.8930583,16.70523,0.2248778,0.04671684,0.1440707,107.5218,3.586855
0,49.892916,0.86840844,-1.3928419,0.01530781,0.099475487,0.074117825,0.025357663,1.7399495,31.548211,1.2982905,0,0.14407067,2143.6595,4.3714109
0,7.86295,0.573465,-0.864732,0.00965053,0.000819044,0.000717741,0.000101303,0.931286,23.1156,0.00830232,0.00121701,0.144071,3.32282,3.09527
0,41.4669,0.979939,-1.04948,0.0092346,0.00848649,0.00795436,0.000532128,0.953392,39.197,0.157228,0.0136476,0.144071,59.0599,3.43871
0,8.58237,0.559305,-0.966699,0.0122557,0.00221323,0.00208743,0.000125792,0.928787,22.5134,0.0235498,0.0035508,0.144071,12.0234,3.265
0,6.18361,0.72957,-0.611683,0.0242155,4.40893e-05,1.11015e-05,3.29878e-05,0.945579,29.4309,0.000163371,1.8799e-05,0.144071,0.161499,2.68622
0,35.6291,0.66969,-1.03956,0.0125131,0.00544062,0.00518215,0.000258473,0.93752,26.8695,0.0700018,0.00886689,0.144071,36.2454,3.39927
0,5.93021,0.972049,-0.548454,0.0112233,8.28453e-05,1.06326e-05,7.22128e-05,0.95856,39.211,0.000208474,1.80048e-05,0.144071,0.0942184,2.59529
0,8.31746,0.809531,-0.743842,0.00981385,0.000236705,0.00014954,8.71654e-05,0.950562,32.6502,0.00244183,0.000253297,0.144071,0.973225,2.91082
0,8.29621,0.333934,-0.843571,0.0168432,0.000360177,0.000313512,4.66651e-05,0.888134,13.4667,0.00211174,0.000531347,0.144071,1.54675,3.03447
0,6.63379,0.845884,-0.690835,0.0162392,9.68463e-05,4.57525e-05,5.10938e-05,0.95267,34.1212,0.00078064,7.74837e-05,0.144071,0.513681,2.82489
0,50.51678,0.6897742,-1.244504,0.0127697,0.0697691,0.06095926,0.008809844,0.8965829,25.88528,0.8481482,0.1208384,0.1440707,507.7915,3.831413
0,5.94314,0.582248,-0.537388,0.0133325,6.56949e-05,7.76473e-06,5.79302e-05,0.932728,23.4874,9.11925e-05,1.31483e-05,0.144071,0.0503149,2.55198
1,135.4895,0.9813752,-1.253119,0.02458443,,,,,,,,,,
0,8.723,0.22009,-0.92893,0.0084078,0.00197,0.001876,9.3964e-05,0.83867,8.8612,0.0083282,0.0031864,0.14407,3.2265,3.1579
0,49.35885,0.3881759,-1.286686,0.02043395,0.06645643,0.06013417,0.006322262,0.8599246,14.61902,0.4708419,0.1298205,0.1440707,514.033,3.875435
0,43.310537,0.28155779,-1.368511,0.021129409,0.13725237,0.10890226,0.02835011,0.78281541,9.7995579,0.61848564,0.35914068,0.14407067,1082.7704,4.1059788
0,40.3057,0.292518,-1.16595,0.0128098,0.0252365,0.0246976,0.000538837,0.858856,11.5029,0.145725,0.0439178,0.144071,85.883,3.57962
0,25.7938,0.577157,-1.1126,0.0185233,0.00917288,0.00881434,0.00035854,0.926325,23.07,0.102615,0.0153058,0.144071,80.4817,3.52189
0,7.34088,0.684744,-0.717084,0.0166251,0.000111943,6.26069e-05,4.93363e-05,0.94218,27.6207,0.00086472,0.000106033,0.144071,0.589037,2.85819
0,8.50183,0.348998,-0.977826,0.0214154,0.00143777,0.001378,5.97777e-05,0.891761,14.059,0.00970056,0.00234428,0.144071,9.02151,3.26079
0,7.76579,0.530987,-0.816076,0.0175427,0.000260713,0.000211502,4.92109e-05,0.926588,21.4154,0.00226529,0.000358366,0.144071,1.65615,3.01051
0,6.22241,0.771897,-0.516374,0.0106565,8.21013e-05,7.41631e-06,7.4685e-05,0.948383,31.1371,0.000115471,1.25584e-05,0.144071,0.0500822,2.53073
0,7.15926,0.79531,-0.682736,0.023969,6.23097e-05,2.79355e-05,3.43743e-05,0.949838,32.0822,0.000448144,4.73087e-05,0.144071,0.436559,2.80842
0,7.56226,0.282686,-0.755526,0.0221104,0.000107843,7.71278e-05,3.07147e-05,0.870669,11.4028,0.000439785,0.000130634,0.144071,0.431169,2.88057
0,6.86559,0.5591,-0.707339,0.0202485,8.44578e-05,4.53569e-05,3.91009e-05,0.930127,22.5532,0.000511514,7.68147e-05,0.144071,0.429874,2.83223
0,33.928,0.71273,-1.08753,0.00835265,0.0149025,0.014204,0.000698452,0.934735,28.3243,0.204203,0.0245961,0.144071,70.9575,3.48849
0,8.39418,0.829101,-0.786344,0.0137754,0.000249472,0.000183873,6.55988e-05,0.951661,33.4391,0.00307504,0.000311502,0.144071,1.7186,2.98269
0,15.80294,0.799037,-1.119438,0.01293869,0.01447021,0.01368904,0.0007811693,0.9406849,31.76814,0.2206303,0.02392332,0.1440707,119.1507,3.556391
0,14.64188,0.6270659,-1.133379,0.01557535,0.01416357,0.01354913,0.0006144367,0.9281336,24.93866,0.1713759,0.02377072,0.1440707,113.3914,3.566668
0,28.93,0.992587,-1.07256,0.00975333,0.0107543,0.0100794,0.000674873,0.952406,39.6121,0.201804,0.01738,0.144071,80.3609,3.48174
0,6.55276,0.521769,-0.564917,0.0229279,3.9633e-05,6.43046e-06,3.32025e-05,0.925532,21.0483,6.76778e-05,1.08888e-05,0.144071,0.0647156,2.59244
0,15.0489,0.7585724,-1.123962,0.01647878,0.01201579,0.01139348,0.0006223064,0.939776,30.23446,0.1743326,0.01990787,0.1440707,120.2999,3.561632
0,7.66127,0.376875,-0.745396,0.0152388,0.000146893,9.82529e-05,4.86401e-05,0.899712,15.2016,0.00074691,0.000166414,0.144071,0.488386,2.87686
0,8.16641,0.326817,-0.945002,0.0118664,0.00172106,0.00163326,8.7798e-05,0.885132,13.1617,0.0107668,0.00277532,0.144071,5.58176,3.20263
0,7.58924,0.263443,-0.655155,0.0138299,8.03938e-05,3.39751e-05,4.64188e-05,0.862541,10.6269,0.00018054,5.7533e-05,0.144071,0.111738,2.71076
0,115.49962,0.83290981,-1.2880824,0.0090218599,0.15707512,0.12052372,0.036551404,0.84579322,28.32318,2.0248631,0.2993571,0.14407067,1030.8626,4.0129463
0,13.0191,0.792206,-0.991527,0.0151352,0.00247498,0.0023227,0.000152287,0.948087,31.8799,0.0371155,0.00395531,0.144071,22.9443,3.32516
0,7.87564,0.780176,-0.861992,0.0134767,0.000575123,0.000496267,7.88559e-05,0.948583,31.4556,0.00780967,0.000841362,0.144071,4.28573,3.10579
0,0.388268,0.248773,-1.2632,0.0196928,0,0,0,6.11197,10.036,0,0,0.144071,36.7184,3.62366
0,8.48545,0.635957,-0.926304,0.0237345,0.000697396,0.000642911,5.4485e-05,0.937648,25.6378,0.00824716,0.0010913,0.144071,8.07239,3.20337
0,43.61738,0.4794634,-1.182553,0.009559856,0.04137988,0.03984388,0.001536001,0.8929444,18.54202,0.3853384,0.07283565,0.1440707,164.8031,3.645037
0,6.57585,0.392815,-0.569249,0.00907089,9.66172e-05,1.71836e-05,7.94336e-05,0.903417,15.8453,0.000136153,2.90979e-05,0.144071,0.052767,2.58629
0,35.617,0.977713,-1.05228,0.016465,0.00493919,0.00463039,0.000308806,0.955621,39.2479,0.0913175,0.00793419,0.144071,61.1548,3.4437
0,7.70927,0.66446,-0.653409,0.00970268,0.000129546,4.73499e-05,8.21963e-05,0.940511,26.802,0.000634619,8.01865e-05,0.144071,0.252717,2.75097
0,7.95316,0.747695,-0.882492,0.018756,0.000524065,0.00046388,6.01848e-05,0.946517,30.1475,0.00699609,0.00078665,0.144071,5.35653,3.13796
0,8.10944,0.587873,-0.928743,0.0152182,0.00111745,0.00103432,8.31241e-05,0.932653,23.6893,0.0122649,0.00175618,0.144071,7.7375,3.20357
0,64.958345,0.48476382,-1.3712703,0.02255177,0.1378872,0.098310438,0.03957676,0.82957035,16.859685,0.96129127,0.34862927,0.14407067,1821.2855,4.2788656
0,23.3213,0.928257,-0.672701,0.0213615,6.65439e-05,2.75565e-05,3.89873e-05,0.956703,37.4451,0.000515962,4.66642e-05,0.144071,0.444703,2.79934
0,7.8671,0.20035,-0.78614,0.020845,0.00014953,0.00012156,2.7977e-05,0.82672,8.0812,0.00049123,0.00020531,0.14407,0.47682,2.9164
0,9.37825,0.310847,-1.00148,0.0139798,0.00295354,0.00285416,9.93731e-05,0.87922,12.5031,0.0178958,0.00486615,0.144071,11.0267,3.29514
0,41.707418,0.48306206,-1.3566366,0.023198147,0.1283567,0.093380154,0.034976547,0.83500356,16.986226,0.909877,0.28083942,0.14407067,1510.6271,4.1942977
0,19.52744,0.6885903,-1.151885,0.01535292,0.01815576,0.01723528,0.0009204831,0.9307853,27.27462,0.2393891,0.03058623,0.1440707,156.8424,3.61028
0,7.48882,0.394492,-0.833079,0.0243315,0.000223291,0.000189692,3.35989e-05,0.903708,15.911,0.00150943,0.000321444,0.144071,1.56957,3.02473
0,6.19437,0.782878,-0.588286,0.0146254,6.83726e-05,1.36097e-05,5.47629e-05,0.949078,31.5806,0.000214915,2.30462e-05,0.144071,0.127839,2.65081
0,7.71534,0.448823,-0.717702,0.0127809,0.000141757,8.20866e-05,5.967e-05,0.914403,18.1038,0.000743143,0.000139024,0.144071,0.400977,2.83901
0,8.22233,0.694099,-0.757359,0.0101498,0.000255525,0.000171998,8.35268e-05,0.942821,27.994,0.00240807,0.000291351,0.144071,1.0008,2.92578
0,7.59799,0.707694,-0.65899,0.00846565,0.000153363,5.83013e-05,9.50621e-05,0.943921,28.5453,0.00083224,9.87343e-05,0.144071,0.288114,2.76329
0,26.4731,0.656339,-1.02411,0.0105796,0.00529133,0.00503335,0.000257983,0.936491,26.3378,0.0666362,0.00859891,0.144071,29.1627,3.37127
0,61.04737,0.2882594,-1.313163,0.01719568,0.1002037,0.09145447,0.008749204,0.8097226,10.46364,0.5317574,0.2167586,0.1440707,549.0094,3.912086
0,41.027686,0.69766354,-1.3493268,0.013554657,0.20427953,0.14282238,0.061457147,0.80406412,22.39555,2.0098677,0.43756789,0.14407067,1882.9654,4.2706106
0,5.34554,0.671555,-0.592393,0.0159396,6.28973e-05,1.31641e-05,4.97332e-05,0.941144,27.09,0.000178319,2.22916e-05,0.144071,0.116576,2.65017
0,54.22554,0.9861595,-1.161066,0.01085676,0.02961336,0.02715577,0.002457586,0.9396809,38.60532,0.540175,0.0486666,0.1440707,247.4203,3.660472
0,37.403454,0.55361261,-1.3595992,0.012692285,0.22950704,0.1644089,0.065098142,0.77418075,17.207977,1.8359314,0.53321008,0.14407067,1714.6005,4.2433765
0,6.33,0.516829,-0.749944,0.0112606,0.000211908,0.000140954,7.09549e-05,0.924764,20.8454,0.00146943,0.000238752,0.144071,0.690758,2.89926
0,6.39069,0.468971,-0.885161,0.0138887,0.000718212,0.000648222,6.99901e-05,0.917408,18.9056,0.0061319,0.00109938,0.144071,3.58652,3.11967
2,12.4874789,0.842331093,-1.39115813,0.0210262685,0.00181889865,-0.00280658626,0.00462548491,-0.304520779,33.919336,-0.0476855062,0,0.144070667,-12887.1109,-1.08578022
0,6.08592,0.575638,-0.786494,0.0130247,0.000259672,0.000194846,6.48258e-05,0.931884,23.2162,0.00226238,0.00033009,0.144071,1.22087,2.96517
0,40.1973,0.48422,-1.0773,0.0142272,0.00762053,0.00735774,0.000262788,0.915388,19.3854,0.0718641,0.0126633,0.144071,43.4885,3.44778
0,4.86506,0.718289,-0.549986,0.0107599,8.49014e-05,1.13109e-05,7.35905e-05,0.944745,28.9746,0.000163878,1.91534e-05,0.144071,0.0720436,2.58303
0,6.79731,0.996725,-0.941206,0.00928205,0.00217809,0.00198827,0.000189819,0.958177,40.1221,0.0399738,0.00337919,0.144071,14.9703,3.25135
0,6.31953,0.684015,-0.743898,0.0224068,0.000102819,6.55482e-05,3.72708e-05,0.942128,27.5916,0.000904382,0.00011102,0.144071,0.830398,2.9027
0,21.0694,0.466698,-1.05809,0.0196658,0.00432763,0.00417669,0.000150936,0.914746,18.7459,0.0393181,0.00715772,0.144071,32.88,3.41213
0,5.15813,0.891541,-0.69359,0.0211294,7.59604e-05,3.643e-05,3.95305e-05,0.954995,35.9636,0.000655126,6.16953e-05,0.144071,0.55955,2.83205
0,21.0155,0.877432,-1.00479,0.0114651,0.00387533,0.00363181,0.00024352,0.951835,35.26,0.0642779,0.00619135,0.144071,29.9723,3.35351
0,6.23834,0.294016,-0.637058,0.0219876,4.73085e-05,1.69378e-05,3.03708e-05,0.875065,11.8606,0.000100451,2.86815e-05,0.144071,0.0974278,2.68561
0,6.31213,0.360019,-0.83467,0.00963389,0.000571473,0.000488891,8.2582e-05,0.895245,14.5155,0.00355029,0.000828606,0.144071,1.47529,3.02312
0,53.886,0.901671,-1.03877,0.0109745,0.00621689,0.00584695,0.000369943,0.951479,36.1489,0.106341,0.0100069,0.144071,47.5574,3.41462
0,6.55431,0.549406,-0.798122,0.0154459,0.000245744,0.000190763,5.49808e-05,0.928879,22.1586,0.00211404,0.000323189,0.144071,1.35734,2.98227
0,5.34543,0.92023,-0.645766,0.00925216,0.000133801,4.50123e-05,8.87886e-05,0.956298,37.1188,0.000835512,7.62279e-05,0.144071,0.312029,2.75417
0,6.32431,0.516909,-0.830643,0.0180586,0.000296399,0.000247705,4.86938e-05,0.924721,20.8468,0.0025827,0.000419761,0.144071,1.94784,3.03347
0,4.947,0.68974,-0.60794,0.0196181,5.35056e-05,1.30598e-05,4.04458e-05,0.942612,27.8239,0.000181697,2.21151e-05,0.144071,0.145972,2.67728
0,44.67976,0.8085482,-1.17244,0.02444528,0.01499539,0.01394319,0.0010522,0.9408776,32.12916,0.2274015,0.02501416,0.1440707,238.0041,3.668024
0,5.06331,0.438089,-0.549174,0.0148616,5.76909e-05,8.10441e-06,4.95865e-05,0.912544,17.6723,7.16158e-05,1.37234e-05,0.144071,0.0450197,2.55805
0,29.3944,0.596556,-1.09106,0.0159214,0.00814767,0.00781923,0.000328439,0.929037,23.8701,0.0940893,0.0135028,0.144071,62.9597,3.48432
0,6.17693,0.566628,-0.81448,0.0244703,0.000184304,0.000148555,3.57483e-05,0.930926,22.8546,0.0016979,0.000251698,0.144071,1.72351,3.01097
0,38.134044,0.77878448,-1.3088106,0.011615827,0.15132784,0.11234305,0.038984787,0.84670148,26.663209,1.7647723,0.30343549,0.14407067,1265.1323,4.089688
0,40.1883,0.50305,-1.0954,0.018347,0.00743619,0.00717715,0.000259042,0.918252,20.143,0.0728262,0.0123899,0.144071,56.8372,3.48222
0,24.8681,0.370615,-1.12537,0.016703,0.0117839,0.0114745,0.000309473,0.890871,14.7751,0.085779,0.0199987,0.144071,63.1464,3.51882
0,6.60837,0.967313,-0.910741,0.0107003,0.00130109,0.00116771,0.000133376,0.957572,38.9724,0.0227839,0.00198203,0.144071,9.83853,3.19832
0,17.8438,0.519913,-1.12859,0.0185481,0.0111463,0.010747,0.000399236,0.918178,20.7404,0.112705,0.0187689,0.144071,89.6327,3.54518
0,29.62135,0.5655025,-1.177314,0.02024806,0.01870916,0.01786447,0.000844696,0.9188714,22.38656,0.2037745,0.0321503,0.1440707,180.7751,3.647653
0,35.22797,0.2329196,-1.364799,0.01816533,0.1468673,0.1235257,0.02334159,0.7555954,8.016369,0.5803479,0.3982922,0.1440707,874.9251,4.050955
0,4.73019,0.92368,-0.526407,0.00988661,9.06552e-05,9.09331e-06,8.15619e-05,0.956482,37.2595,0.000169422,1.53983e-05,0.144071,0.0675954,2.55617
0,34.296624,0.61032048,-1.3401311,0.016474604,0.13884098,0.10138301,0.03745797,0.84312544,21.202959,1.2480969,0.31990515,0.14407067,1510.6985,4.1778084
0,5.40649,0.452698,-0.608302,0.0207994,4.83674e-05,1.23756e-05,3.59917e-05,0.915132,18.2618,0.000113006,2.09563e-05,0.144071,0.099143,2.65775
0,48.08779,0.6734484,-1.256239,0.01652785,0.0618965,0.05295997,0.008936527,0.9006299,25.4865,0.7194113,0.1085503,0.1440707,578.6934,3.863632
0,20.81394,0.8115109,-1.137459,0.0114889,0.02040132,0.01922448,0.001176839,0.9375272,32.06991,0.3146836,0.03395949,0.1440707,152.1215,3.593366
0,7.18195,0.308855,-1.02551,0.0133729,0.00417578,0.00405259,0.000123185,0.877786,12.4077,0.0252472,0.00692666,0.144071,14.9242,3.33548
0,6.5683,0.734785,-0.940042,0.0203715,0.000966522,0.000893094,7.34272e-05,0.945348,29.6139,0.0132368,0.00151684,0.144071,11.0333,3.23374
0,5.9868,0.22668,-0.81081,0.023368,0.00017575,0.00014841,2.734e-05,0.84368,9.1429,0.00067858,0.00025143,0.14407,0.72574,2.9627
0,6.53683,0.824146,-0.727558,0.0108057,0.00018887,0.000110188,7.86821e-05,0.951424,33.2412,0.00183174,0.000186629,0.144071,0.803105,2.88464
0,6.43746,0.991682,-0.89583,0.0191098,0.000609814,0.000540231,6.95832e-05,0.959003,39.9818,0.0108063,0.000916376,0.144071,8.32165,3.17451
0,33.08598,0.2191746,-1.289327,0.01870573,0.07196524,0.06985431,0.002110928,0.795231,8.205587,0.3088223,0.1467088,0.1440707,322.7636,3.817023
0,7.38025,0.444464,-1.01383,0.0118562,0.00409905,0.00393829,0.000160756,0.911127,17.857,0.0353077,0.00672447,0.144071,17.8102,3.33345
0,5.06413,0.500117,-0.518942,0.0229199,3.64684e-05,3.56396e-06,3.29045e-05,0.92256,20.1749,3.59525e-05,6.03485e-06,0.144071,0.0344772,2.51411
0,6.22662,0.69494,-0.903325,0.00842678,0.00149041,0.00134815,0.000142255,0.942089,27.9934,0.0188978,0.00228811,0.144071,6.53038,3.1692
0,5.07922,0.567378,-0.598935,0.0216812,4.61887e-05,1.05264e-05,3.56622e-05,0.9311,22.888,0.00012047,1.78249e-05,0.144071,0.108283,2.65292
0,6.16227,0.397397,-0.855766,0.0222138,0.000316432,0.000277997,3.84356e-05,0.904285,16.0266,0.00222838,0.000471202,0.144071,2.11448,3.06284
0,40.99964,0.2263877,-1.35836,0.02359438,0.1069822,0.09190401,0.01507819,0.7777316,8.155827,0.4196743,0.2823051,0.1440707,796.1646,4.024375
0,15.79933,0.6971899,-1.146489,0.01313883,0.01982226,0.01882524,0.0009970167,0.9303652,27.56837,0.2647383,0.03334713,0.1440707,147.9824,3.600176
0,49.17608,0.9788747,-1.161891,0.01733283,0.01880345,0.01723658,0.001566872,0.9465444,38.74702,0.3403325,0.03080808,0.1440707,249.1545,3.661993
0,18.2442,0.7365367,-1.157893,0.02069731,0.01461522,0.01378763,0.0008275904,0.936601,29.27894,0.2048374,0.0245086,0.1440707,180.7468,3.628219
0,4.89824,0.331978,-0.683536,0.0229036,6.00704e-05,2.95381e-05,3.05323e-05,0.887737,13.3918,0.000197796,5.00212e-05,0.144071,0.196993,2.76829
0,31.3844,0.531823,-1.06031,0.0146,0.00601556,0.00578536,0.000230204,0.923013,21.3256,0.0620615,0.0099204,0.144071,38.1429,3.42301
0,49.21664,0.7113769,-1.175576,0.01025585,0.03637346,0.03421524,0.002158223,0.9205559,27.65437,0.4909582,0.06207285,0.1440707,217.9839,3.662757
2,10.076067,0.89827057,-1.3803303,0.022067671,0.040171383,-8.2069079e-05,0.040253452,-0.40635247,34.782118,-0.0014870032,0,0.14407067,-8617.389,-0.24681873
0,5.67884,0.372477,-0.599896,0.0113299,8.3339e-05,2.03938e-05,6.29452e-05,0.898689,15.0251,0.000153222,3.4534e-05,0.144071,0.0745625,2.6347
0,32.6852,0.738765,-1.04336,0.0103889,0.00689831,0.00654862,0.000349697,0.941781,29.5975,0.0975846,0.0112143,0.144071,41.7336,3.41138
0,53.01806,0.8284201,-1.230039,0.01633045,0.04689911,0.0404467,0.006452415,0.9208114,31.85258,0.6758633,0.0784684,0.1440707,505.2476,3.816196
0,4.89854,0.733548,-0.58404,0.0140541,7.00332e-05,1.34112e-05,5.6622e-05,0.945841,29.5906,0.000198437,2.27101e-05,0.144071,0.113814,2.64059
0,53.042653,0.58003373,-1.3793572,0.014225396,0.22105133,0.15209843,0.068952909,0.78243807,18.227086,1.7795211,0.61318672,0.14407067,2316.1234,4.3953919
1,87.3291,0.874923,-1.28912,0.0111807,,,,,,,,,,
0,6.35286,0.365221,-0.752132,0.00974711,0.000243116,0.000167481,7.56351e-05,0.896784,14.7301,0.0012338,0.000283686,0.144071,0.517688,2.88659
0,44.93381,0.7443912,-1.259121,0.01913458,0.05660094,0.0469081,0.009692844,0.9093179,28.33034,0.7043268,0.09729823,0.1440707,661.1459,3.889369
0,17.2111,0.294846,-1.08239,0.0190744,0.00599645,0.00585694,0.00013951,0.871691,11.8233,0.034833,0.0100829,0.144071,29.7337,3.43065
0,20.34876,0.8520641,-1.154175,0.02471806,0.0118329,0.01104541,0.0007874819,0.9453422,33.96705,0.1898364,0.01956488,0.1440707,198.0605,3.632563
0,7.07797,0.310471,-1.02306,0.0116227,0.0046575,0.00451801,0.000139493,0.878034,12.4666,0.0282939,0.00772239,0.144071,14.5255,3.33156
0,5.91132,0.916554,-0.710966,0.0140116,0.000129149,6.86695e-05,6.04792e-05,0.956134,36.9707,0.00126954,0.000116301,0.144071,0.718202,2.86228
0,6.74622,0.750742,-0.95542,0.0220865,0.0010789,0.00100306,7.58431e-05,0.946362,30.2536,0.0151895,0.0017046,0.144071,13.7185,3.26083
0,146.12147,0.9951309,-1.2774536,0.02474426,0.05589342,0.041689929,0.01420349,0.92245657,37.901501,0.83682866,0.095217901,0.14407067,1103.4201,4.0199019
0,4.99557,0.905605,-0.6463,0.0202864,6.11353e-05,2.06713e-05,4.0464e-05,0.955672,36.5315,0.000377599,3.50053e-05,0.144071,0.309411,2.75427
0,6.20296,0.930373,-0.788211,0.0177721,0.000198008,0.000145984,5.20235e-05,0.956711,37.5255,0.00273961,0.00024731,0.144071,1.965,2.99149
0,7.06491,0.323149,-1.02468,0.0180022,0.00307405,0.00298026,9.37954e-05,0.883147,12.9963,0.019426,0.00509069,0.144071,15.372,3.33626
0,6.05821,0.320775,-0.816793,0.0126639,0.000354672,0.000295686,5.89862e-05,0.884088,12.9361,0.00191318,0.00050102,0.144071,1.0582,2.98809
0,6.31881,0.867718,-0.816811,0.0183407,0.000256828,0.000204214,5.26139e-05,0.953701,34.9963,0.00357428,0.000346025,0.144071,2.65443,3.03568
0,5.78366,0.353826,-0.617628,0.0106126,9.37638e-05,2.73412e-05,6.64227e-05,0.893911,14.2726,0.000195133,4.62991e-05,0.144071,0.0894213,2.66178
0,4.82168,0.902393,-0.528037,0.00894067,0.000100329,1.02681e-05,9.00614e-05,0.955496,36.4005,0.000186901,1.73878e-05,0.144071,0.067504,2.55773
0,39.5221,0.211393,-1.19416,0.0211948,0.0215009,0.0211521,0.000348816,0.821392,8.34461,0.0901923,0.038132,0.144071,93.586,3.61373
0,44.67961,0.2046508,-1.225754,0.01065527,0.06138381,0.06037901,0.001004796,0.7926192,7.749198,0.249244,0.1138211,0.1440707,135.1503,3.672288
0,5.2787,0.436338,-0.589249,0.0163205,5.76016e-05,1.23482e-05,4.52534e-05,0.912224,17.6016,0.000108681,2.09098e-05,0.144071,0.0750535,2.62439
0,6.25733,0.752321,-0.917442,0.0212467,0.000703543,0.000641052,6.24911e-05,0.94671,30.3286,0.00972795,0.00108792,0.144071,8.4404,3.19687
0,6.07815,0.26579,-0.835496,0.0182016,0.000300524,0.000261562,3.89621e-05,0.863454,10.7192,0.00140229,0.000443247,0.144071,1.14161,3.01071
0,6.36985,0.974903,-0.755987,0.0218364,0.000119274,7.8555e-05,4.07186e-05,0.958653,39.3246,0.00154476,0.000133057,0.144071,1.3585,2.94018
0,5.62914,0.802648,-0.646811,0.0142052,8.6897e-05,2.97146e-05,5.71824e-05,0.950257,32.3775,0.000481084,5.03202e-05,0.144071,0.277606,2.7492
0,4.77746,0.901898,-0.581556,0.00927871,0.000106896,1.96751e-05,8.72209e-05,0.955469,36.3803,0.00035793,3.33179e-05,0.144071,0.134169,2.64656
0,11.4912,0.60242,-1.00808,0.0126646,0.00360379,0.00342843,0.000175358,0.932559,24.2151,0.04166,0.00584662,0.144071,21.9152,3.33915
0,4.82528,0.617867,-0.558408,0.0197607,4.63043e-05,6.86263e-06,3.94417e-05,0.936369,24.9247,8.55285e-05,1.16207e-05,0.144071,0.0696714,2.58973
0,28.9583,0.654508,-1.0802,0.0145971,0.00777958,0.00743783,0.00034175,0.934726,26.1986,0.0981944,0.0128096,0.144071,59.7357,3.47013
0,37.8437,0.48678,-1.0986,0.0187119,0.00758339,0.00732715,0.000256238,0.915796,19.4886,0.0719437,0.0126568,0.144071,57.4463,3.48608
0,6.18608,0.863588,-0.852428,0.0176629,0.000395004,0.000334938,6.00661e-05,0.953401,34.8249,0.00583439,0.000567735,0.144071,4.17504,3.09486
0,6.3059,0.24127,-0.9594,0.02183,0.0011111,0.0010679,4.3209e-05,0.85116,9.7226,0.005197,0.001815,0.14407,5.1586,3.2129
0,5.25989,0.688831,-0.688865,0.0176245,8.70573e-05,4.11033e-05,4.5954e-05,0.942519,27.7863,0.000571104,6.96095e-05,0.144071,0.412251,2.8116
0,6.25113,0.919419,-0.892977,0.0182679,0.000614473,0.000544808,6.96651e-05,0.955949,37.0682,0.0101037,0.000924109,0.144071,7.46133,3.16588
0,28.199354,0.80477615,-1.3912964,0.017577458,0.9779097,0.01282979,0.96507991,0.041723551,0.71718623,0.20826669,0,0.14407067,1992.2641,4.3367034
0,7.50724,0.572938,-0.996418,0.00909517,0.00432285,0.00410922,0.000213637,0.92898,23.0134,0.0474889,0.00700873,0.144071,17.9996,3.31661
0,6.22683,0.809451,-0.867704,0.017186,0.000482536,0.000418764,6.37715e-05,0.950398,32.6389,0.00683731,0.000709994,0.144071,4.77636,3.11717
0,5.26616,0.600657,-0.596488,0.0228355,4.38044e-05,9.68512e-06,3.41193e-05,0.934668,24.2305,0.000117343,1.64003e-05,0.144071,0.110663,2.65159
0,6.23569,0.814988,-0.766706,0.0115278,0.000246866,0.000170751,7.61147e-05,0.950869,32.87,0.00280698,0.000289247,0.144071,1.31381,2.94917
0,4.80031,0.87508,-0.546623,0.0177248,5.19871e-05,6.5761e-06,4.5411e-05,0.954204,35.3005,0.000116076,1.11356e-05,0.144071,0.0832283,2.58708
0,40.162781,0.37319803,-1.378069,0.024113008,0.14105344,0.10327317,0.037780279,0.80719239,12.93185,0.77741337,0.35581103,0.14407067,1566.7212,4.228496
0,16.9193,0.484933,-1.05662,0.0183408,0.00455898,0.00439487,0.000164109,0.917449,19.4739,0.0429886,0.00753139,0.144071,33.4196,3.41161
0,6.26932,0.33192,-0.915354,0.0171771,0.000826322,0.000771937,5.43848e-05,0.887242,13.3792,0.00516821,0.00131006,0.144071,3.86781,3.1538
0,4.69826,0.964313,-0.590622,0.014286,7.13442e-05,1.43573e-05,5.69869e-05,0.958249,38.8993,0.000279265,2.43124e-05,0.144071,0.160709,2.66491
0,32.7969,0.797738,-1.04669,0.0130318,0.00575674,0.00544867,0.000308068,0.946287,31.9969,0.087675,0.00933069,0.144071,46.864,3.42166
0,31.9644,0.479004,-1.08724,0.0230608,0.00533535,0.00515524,0.000180112,0.916049,19.2208,0.0498096,0.008876,0.144071,48.9532,3.46485
0,4.97792,0.561677,-0.622463,0.0109243,9.9457e-05,2.82622e-05,7.11947e-05,0.930415,22.6568,0.000320198,4.78597e-05,0.144071,0.145118,2.6915
0,6.33561,0.661623,-0.893576,0.0161818,0.000689566,0.000619769,6.97966e-05,0.93991,26.6727,0.00827115,0.0010513,0.144071,5.50263,3.15045
0,5.50233,0.828671,-0.696598,0.00971613,0.000167806,8.2341e-05,8.54647e-05,0.95169,33.4245,0.00137633,0.000139454,0.144071,0.542413,2.83346
0,6.73172,0.65851,-0.937412,0.0199378,0.000952364,0.000882309,7.00551e-05,0.939476,26.5402,0.0117195,0.00149835,0.144071,9.61937,3.22379
0,4.86037,0.971556,-0.614937,0.0174832,6.28314e-05,1.60326e-05,4.67988e-05,0.958553,39.1919,0.000314193,2.71494e-05,0.144071,0.221207,2.70565
0,6.15732,0.880886,-0.862974,0.0131357,0.000599788,0.000515587,8.42016e-05,0.954136,35.5152,0.00916107,0.000874151,0.144071,4.8717,3.11347
0,12.90989,0.5328228,-1.153308,0.01206666,0.02317352,0.0222904,0.0008831168,0.9121023,20.99691,0.2395664,0.03963371,0.1440707,125.4877,3.594154
0,28.7368,0.850679,-1.06291,0.0142859,0.00646362,0.00610599,0.000357627,0.948784,34.0961,0.104773,0.0104823,0.144071,61.3395,3.45452
0,5.85933,0.388236,-0.614764,0.0169765,5.89756e-05,1.64747e-05,4.2501e-05,0.902413,15.6612,0.000129014,2.78975e-05,0.144071,0.0936852,2.66131
0,6.35684,0.721342,-0.835365,0.00934184,0.000611973,0.000508671,0.000103302,0.944626,29.0824,0.00740122,0.000862173,0.144071,2.82641,3.05749
0,9.189715,0.3958462,-1.172564,0.02277351,0.01551911,0.01506409,0.0004550195,0.8943363,15.72132,0.1202803,0.02689334,0.1440707,122.7157,3.611725
0,4.87775,0.819433,-0.505881,0.0179168,4.84338e-05,3.85495e-06,4.45788e-05,0.95125,33.0558,6.37173e-05,6.52767e-06,0.144071,0.0463242,2.51623
0,6.28122,0.339903,-0.905512,0.0184157,0.000684327,0.0006347,4.96266e-05,0.889676,13.7029,0.0043516,0.00107683,0.144071,3.48139,3.13847
0,6.11489,0.699474,-0.793737,0.0229194,0.000160176,0.000121526,3.86506e-05,0.943296,28.2135,0.00171461,0.000205875,0.144071,1.60862,2.98666
0,43.271591,0.90301247,-1.3281593,0.0091150475,0.24278404,0.16982681,0.072957239,0.78691309,27.584726,3.0933222,0.49578516,0.14407067,1805.6422,4.2322737
0,33.08502,0.829024,-1.140799,0.009606105,0.02542414,0.02390561,0.001518531,0.9352052,32.59402,0.3997533,0.04239584,0.1440707,161.7853,3.601747
0,6.26042,0.323329,-0.80792,0.00901867,0.000452756,0.000370478,8.22787e-05,0.884836,13.0378,0.0024162,0.000627747,0.144071,0.950836,2.9737
0,6.05747,0.73976,-0.774202,0.0115768,0.000262479,0.000187206,7.5273e-05,0.946147,29.8354,0.00279342,0.000317132,0.144071,1.3196,2.9569
0,28.957,0.870881,-1.05933,0.0154881,0.00570534,0.00538253,0.000322817,0.950316,34.9324,0.0945518,0.00923489,0.144071,59.9278,3.44948
0,5.03198,0.632028,-0.600576,0.0168729,6.03154e-05,1.38143e-05,4.65011e-05,0.937696,25.4956,0.000176112,2.33927e-05,0.144071,0.122323,2.66083
0,47.205337,0.84979683,-1.3249447,0.0088872004,0.23490878,0.16719541,0.067713363,0.79041697,26.229106,2.8659238,0.48792727,0.14407067,1640.154,4.1919848
0,13.274,0.693327,-0.993646,0.00861224,0.00443986,0.00419028,0.000249577,0.940059,27.8459,0.0586011,0.00714287,0.144071,20.7698,3.32174
0,6.5107,0.22129,-0.9071,0.018906,0.00067026,0.000631,3.9263e-05,0.84019,8.9214,0.0028166,0.0010705,0.14407,2.4497,3.1218
0,33.4897,0.714825,-1.08035,0.0204106,0.0055986,0.00533356,0.000265046,0.940927,28.6759,0.0769027,0.00917944,0.144071,65.0833,3.47573
0,6.58891,0.291069,-0.864695,0.0174146,0.000442059,0.000397645,4.44135e-05,0.873716,11.7371,0.00233463,0.000674105,0.144071,1.79749,3.06336
0,6.62968,0.585954,-0.947873,0.015446,0.00139283,0.00130197,9.08522e-05,0.932273,23.6055,0.0153883,0.00221222,0.144071,9.86169,3.23557
0,6.3006,0.2399,-0.91121,0.017252,0.00077445,0.00072886,4.5583e-05,0.85064,9.6705,0.0035269,0.0012368,0.14407,2.7648,3.1322
0,6.35128,0.370936,-0.755725,0.012669,0.000193843,0.000134942,5.89012e-05,0.898242,14.9613,0.00100965,0.000228567,0.144071,0.549757,2.89328
0,9.7024,0.21332,-0.63691,0.0091813,0.00010398,4.0777e-05,6.3205e-05,0.83555,8.6049,0.00017546,6.8553e-05,0.14407,0.073883,2.6712
0,5.67596,0.493095,-0.630308,0.0219781,5.02378e-05,1.55375e-05,3.47003e-05,0.921536,19.8913,0.000154538,2.63108e-05,0.144071,0.14227,2.69833
0,5.90398,0.342741,-0.77153,0.0152737,0.000185069,0.000137117,4.79516e-05,0.890798,13.8242,0.000947945,0.000232264,0.144071,0.627514,2.9159
0,6.75847,0.408644,-0.978283,0.018374,0.00169157,0.00161531,7.62591e-05,0.905801,16.4575,0.0133145,0.00274842,0.144071,10.4582,3.26912
0,5.3758,0.2273,-0.6628,0.0095369,0.00011734,5.4354e-05,6.2987e-05,0.84408,9.1686,0.0002492,9.2043e-05,0.14407,0.10868,2.717
0,5.15653,0.409453,-0.513344,0.022088,3.64519e-05,3.44162e-06,3.30103e-05,0.907012,16.5175,2.84245e-05,5.82766e-06,0.144071,0.0267188,2.49541
0,6.4238,0.249713,-0.874242,0.0128494,0.000666211,0.000609096,5.71156e-05,0.855716,10.0672,0.00306798,0.0010328,0.144071,1.77957,3.07239
0,5.6644,0.23217,-0.57639,0.02362,3.2737e-05,7.2338e-06,2.5503e-05,0.84689,9.3658,3.3876e-05,1.2249e-05,0.14407,0.036468,2.5744
0,6.25434,0.271628,-0.893491,0.023737,0.000455798,0.00042212,3.36776e-05,0.865897,10.953,0.00231279,0.000715901,0.144071,2.45008,3.1082
0,7.08345,0.539508,-0.979626,0.0119374,0.00266624,0.00252786,0.000138385,0.926123,21.7067,0.027509,0.00430393,0.144071,13.7258,3.28506
0,6.26267,0.880925,-0.907894,0.0151095,0.000886787,0.000797484,8.93026e-05,0.953952,35.5066,0.0141705,0.00135324,0.144071,8.67452,3.18877
0,52.03644,0.9479585,-1.180215,0.01811387,0.02277928,0.02064834,0.002130938,0.9426213,37.37121,0.3948204,0.03730267,0.1440707,305.3433,3.701677
0,6.21286,0.862897,-0.815904,0.0125503,0.000371615,0.000294963,7.66521e-05,0.953381,34.7979,0.00513395,0.000499817,0.144071,2.60968,3.03389
0,39.23218,0.7238345,-1.250036,0.009447236,0.09956225,0.08542364,0.01413861,0.8789432,26.29348,1.247219,0.1753649,0.1440707,564.9005,3.853511
0,11.8205,0.535398,-1.02895,0.0164629,0.00359222,0.0034421,0.000150123,0.925017,21.5213,0.0371728,0.00588082,0.144071,25.6744,3.36889
