Error,time,CO2share,E_appl,v,X_tot,X_het,X_hom,FE,CO2_out,CO_out,H2_out,delP,CD,Vcell
0,58.34639,0.4891228,-1.208199,0.01213659,0.04484911,0.04283706,0.002012051,0.8920881,18.84712,0.4226323,0.07975629,0.1440707,233.0968,3.70176
0,8.82362,0.473682,-0.941362,0.0161151,0.00122406,0.00114816,7.59007e-05,0.917837,19.0858,0.0109702,0.00195026,0.144071,7.44917,3.21418
0,9.31487,0.529433,-0.666601,0.0219207,6.01742e-05,2.48291e-05,3.53451e-05,0.926517,21.357,0.000265154,4.20464e-05,0.144071,0.242162,2.76197
0,6.23952,0.714117,-0.516511,0.0119998,7.23797e-05,6.5978e-06,6.57819e-05,0.944449,28.8067,9.50373e-05,1.11723e-05,0.144071,0.0466088,2.52717
0,8.01237,0.898246,-0.770643,0.0189478,0.000156516,0.000109279,4.72372e-05,0.955264,36.2312,0.00197996,0.000185106,0.144071,1.51626,2.96051
0,45.452,0.875665,-1.04645,0.00881357,0.00850942,0.00802014,0.000489278,0.948727,35.0253,0.141659,0.0137536,0.144071,51.0089,3.42658
0,7.39662,0.812986,-0.615427,0.022063,4.93733e-05,1.27849e-05,3.65884e-05,0.950882,32.7957,0.000209655,2.16497e-05,0.144071,0.187777,2.69771
0,8.8516,0.968111,-0.932029,0.0181948,0.0009919,0.000902314,8.95859e-05,0.957807,39.0166,0.0176201,0.00153219,0.144071,12.944,3.2343
0,8.51509,0.41111,-0.653824,0.0211871,5.65139e-05,2.18012e-05,3.47127e-05,0.907339,16.584,0.000180785,3.69181e-05,0.144071,0.162955,2.72882
0,8.23838,0.439515,-0.83409,0.014773,0.00037379,0.000316481,5.73087e-05,0.912603,17.7242,0.00280574,0.000536343,0.144071,1.75402,3.03149
0,43.8619,0.894086,-1.05369,0.013555,0.00607786,0.0057246,0.000353257,0.95121,35.8498,0.10324,0.00981394,0.144071,57.1469,3.44085
0,7.81653,0.574926,-0.745241,0.0219048,0.000105297,6.8217e-05,3.70801e-05,0.931904,23.1911,0.000791096,0.000115541,0.144071,0.717895,2.89654
0,74.74574,0.6111763,-1.284939,0.01134116,0.1207818,0.09956861,0.0212132,0.8557619,21.67796,1.227479,0.2287125,0.1440707,748.9453,3.938643
0,16.65151,0.7145393,-1.14289,0.01839508,0.01360063,0.01290361,0.0006970272,0.9357078,28.43374,0.1859784,0.02274226,0.1440707,144.8994,3.594896
0,7.11765,0.87773,-0.574027,0.0182592,5.32806e-05,9.07689e-06,4.42037e-05,0.954335,35.4073,0.000160703,1.53704e-05,0.144071,0.118685,2.63273
0,9.1867,0.717768,-0.818484,0.017209,0.000276378,0.000222367,5.40106e-05,0.944584,28.9481,0.00321944,0.00037679,0.144071,2.26502,3.02912
0,25.8203,0.987441,-1.07473,0.0187846,0.00575227,0.00539178,0.000360493,0.955478,39.606,0.107391,0.009279,0.144071,82.3534,3.48556
0,13.1868,0.639511,-1.00191,0.024795,0.00170798,0.00161951,8.84746e-05,0.93732,25.755,0.0208908,0.00275872,0.144071,21.423,3.33171
0,65.22364,0.8004506,-1.179753,0.01756404,0.02284448,0.0211745,0.001669978,0.9352492,31.55393,0.3418793,0.03824305,0.1440707,258.3095,3.683487
0,7.32546,0.59888,-0.714056,0.0160501,0.0001124,6.23764e-05,5.00239e-05,0.934442,24.1572,0.000753504,0.000105641,0.144071,0.499623,2.84669
0,7.9561,0.334987,-0.734606,0.00902537,0.000223361,0.000144423,7.89379e-05,0.888531,13.5109,0.000975862,0.000244615,0.144071,0.382647,2.85351
0,14.6243,0.80225,-0.996499,0.0153035,0.00260652,0.00244782,0.000158703,0.9486,32.2799,0.0396109,0.00416979,0.144071,24.7509,3.33437
0,10.1518,0.331127,-1.03995,0.0208914,0.00321366,0.00312037,9.32883e-05,0.885515,13.3153,0.0208414,0.00533754,0.144071,19.1118,3.36345
0,8.42791,0.720535,-0.74287,0.00851216,0.000269195,0.000170266,9.89286e-05,0.944789,29.0598,0.00247462,0.000288408,0.144071,0.860682,2.90352
0,64.89952,0.500861,-1.285572,0.01290159,0.1053608,0.09077968,0.01458115,0.8537395,18.07675,0.9171303,0.2026932,0.1440707,631.1241,3.907603
0,65.14276,0.4895433,-1.229114,0.02101539,0.03391484,0.03198259,0.001932244,0.8992065,19.07927,0.3158129,0.06025577,0.1440707,306.2497,3.750905
0,8.19373,0.339815,-0.914051,0.0135619,0.00103072,0.000961421,6.92972e-05,0.889435,13.6946,0.00658994,0.00163174,0.144071,3.8837,3.15271
0,8.8432,0.249384,-1.01856,0.0140258,0.00363343,0.00353671,9.67196e-05,0.853742,10.024,0.0177907,0.00603969,0.144071,11.3369,3.3137
0,6.34066,0.888141,-0.524934,0.0111785,7.98339e-05,7.89172e-06,7.19421e-05,0.954829,35.8263,0.000141377,1.33635e-05,0.144071,0.0638877,2.5518
0,57.645566,0.45709042,-1.3820528,0.0083981138,0.35386383,0.25482533,0.099038501,0.67047473,11.914651,2.3494699,1.0752577,0.14407067,1829.071,4.2913791
0,44.429615,0.82009596,-1.3396502,0.023003742,0.11669792,0.080382989,0.036314928,0.87318576,29.223289,1.329701,0.22769598,0.14407067,1998.0834,4.2863372
0,57.2355,0.5113699,-1.202727,0.02052251,0.02502185,0.02385807,0.001163784,0.9080886,20.11339,0.2460909,0.04396474,0.1440707,227.7872,3.694072
0,8.00199,0.775637,-0.73656,0.0207257,0.000105268,6.44916e-05,4.07765e-05,0.948604,31.2873,0.00100899,0.000109229,0.144071,0.851077,2.89663
0,7.61124,0.631323,-0.745719,0.0209044,0.000111455,7.19215e-05,3.95338e-05,0.937598,25.4659,0.000915874,0.000121816,0.144071,0.788354,2.90184
0,53.28035,0.2613212,-1.189442,0.01120346,0.03823998,0.03749079,0.0007491965,0.8380148,10.13903,0.197617,0.06790083,0.1440707,104.9082,3.617089
0,8.01308,0.577262,-0.918073,0.0125525,0.00118851,0.00109363,9.48795e-05,0.931467,23.2601,0.0127341,0.00185642,0.144071,6.63269,3.18476
0,51.54133,0.7225815,-1.157293,0.01122594,0.02654814,0.0250947,0.001453441,0.9278283,28.37635,0.3657581,0.04483936,0.1440707,175.4722,3.625072
0,8.14982,0.53852,-0.920258,0.0233256,0.000655556,0.000605413,5.01433e-05,0.927286,21.7106,0.00657625,0.00102746,0.144071,6.39575,3.18503
0,18.9869,0.804163,-1.10321,0.00969739,0.0157185,0.0148892,0.000829318,0.940173,31.9315,0.241513,0.0259136,0.144071,97.2819,3.5255
0,8.4748,0.24483,-0.88093,0.01012,0.00091536,0.00084256,7.28e-05,0.85312,9.8679,0.0041609,0.001429,0.14407,1.9066,3.0826
0,13.70591,0.5920447,-1.146099,0.02308582,0.01120125,0.01072843,0.0004728205,0.9265998,23.61661,0.1281197,0.01888401,0.1440707,126.6492,3.587644
0,54.3851,0.612668,-1.175776,0.009009516,0.04100226,0.03900479,0.001997471,0.9092597,23.70271,0.4820236,0.07084184,0.1440707,189.6438,3.650298
0,7.92797,0.894929,-0.66481,0.016265,8.34441e-05,3.27011e-05,5.0743e-05,0.955153,36.1,0.000590305,5.53786e-05,0.144071,0.388033,2.78443
0,27.8562,0.941704,-1.07611,0.0212698,0.00515869,0.00484825,0.000310433,0.953974,37.7941,0.0920926,0.0083412,0.144071,80.1153,3.48508
0,55.91849,0.5171875,-1.189252,0.01686424,0.02580912,0.02470147,0.001107649,0.9083662,20.32578,0.257689,0.04499883,0.1440707,193.5493,3.66558
0,16.2223,0.364875,-1.13735,0.0170555,0.0133807,0.0130349,0.000345852,0.888438,14.5228,0.0959349,0.0228435,0.144071,72.5916,3.5398
2,43.548744,0.97007539,-1.3614732,0.020832213,0.27944846,-0.66437916,0.94382762,1.3882784,28.19848,-13.000099,0,0.14407067,1605.0125,4.2205765
0,8.6904,0.419289,-0.974555,0.0136324,0.00217691,0.00207516,0.000101751,0.907642,16.878,0.0175505,0.00353118,0.144071,10.2032,3.26407
0,9.8481,0.20578,-0.6218,0.015845,0.0015999,1.9293e-05,0.0015806,0.83035,8.2883,8.008e-05,3.2714e-05,0.14407,0.058977,2.6446
0,13.89972,0.6816822,-1.139309,0.02222989,0.01075564,0.01023703,0.000518605,0.93505,27.2045,0.1407606,0.0179731,0.1440707,132.4962,3.584308
0,8.53879,0.466615,-0.66681,0.00913515,0.000142956,5.97382e-05,8.32176e-05,0.917393,18.8214,0.000562259,0.000101167,0.144071,0.216116,2.75632
0,22.1673,0.543841,-1.12694,0.00908312,0.022186,0.0213626,0.0008234,0.914102,21.4528,0.234343,0.0375246,0.144071,91.1753,3.54471
0,44.32101,0.5730754,-1.243241,0.01667777,0.05155256,0.04679425,0.004758313,0.8981161,21.92705,0.5409155,0.09103407,0.1440707,422.5004,3.80414
0,34.178832,0.50679924,-1.3415887,0.023878317,0.10533261,0.078447487,0.026885123,0.85427108,18.291644,0.80193684,0.2248868,0.14407067,1310.5754,4.1331037
0,6.65846,0.53408,-0.518294,0.00860765,9.78938e-05,9.41084e-06,8.8483e-05,0.927086,21.5436,0.000101382,1.59359e-05,0.144071,0.0363327,2.51615
0,9.3786,0.513957,-0.66097,0.0217576,5.8653e-05,2.327e-05,3.5383e-05,0.924474,20.7327,0.00024124,3.94059e-05,0.144071,0.219165,2.75121
0,7.15508,0.298971,-0.55389,0.0124923,6.36194e-05,1.02438e-05,5.33757e-05,0.87687,12.0603,6.17752e-05,1.73458e-05,0.144071,0.0339699,2.54829
0,7.09062,0.671649,-0.640355,0.0140777,8.41e-05,2.75978e-05,5.65022e-05,0.941138,27.0932,0.000373888,4.6735e-05,0.144071,0.215883,2.72981
0,44.4392,0.963995,-1.05737,0.0236516,0.00366682,0.00344096,0.000225865,0.955892,38.7467,0.0669081,0.00589659,0.144071,64.4355,3.45211
0,45.299887,0.33098831,-1.3958012,0.024809905,0.1569722,0.11237712,0.044595081,0.78494897,11.256665,0.75026678,0.43427396,0.14407067,1761.1426,4.2899923
0,8.63761,0.555187,-0.955325,0.0219076,0.00107524,0.00101002,6.52233e-05,0.929035,22.3731,0.0113108,0.00171641,0.144071,10.3217,3.24546
1,298.0178,0.8050404,-1.284703,0.01888303,,,,,,,,,,
0,61.751,0.891062,-1.03713,0.0136669,0.00489005,0.00460081,0.000289239,0.951839,35.7712,0.0826927,0.00786848,0.144071,46.0645,3.41106
0,7.8943,0.547118,-0.861981,0.022845,0.000334643,0.000292756,4.18868e-05,0.928546,22.0643,0.00323081,0.000496263,0.144071,3.07063,3.08841
0,68.86241,0.9632645,-1.165151,0.01166084,0.02895212,0.0265505,0.002401621,0.9392047,37.73474,0.5158737,0.04775154,0.1440707,254.9973,3.667578
0,8.11283,0.909479,-0.895754,0.00901573,0.00128601,0.00114357,0.000142444,0.955056,36.6428,0.0209788,0.00194045,0.144071,7.65069,3.16998
0,68.92562,0.4787355,-1.293903,0.01068761,0.1354542,0.1161464,0.01930784,0.8303369,16.69701,1.12157,0.2723165,0.1440707,667.0772,3.925761
0,8.27833,0.624722,-0.916703,0.0246458,0.000597101,0.000547463,4.96373e-05,0.936669,25.1873,0.00689869,0.000929012,0.144071,7.01776,3.18637
0,11.7246,0.512747,-1.13135,0.012025,0.0177684,0.0171008,0.000667604,0.912987,20.3176,0.176866,0.0299972,0.144071,91.4973,3.54936
0,6.79299,0.745528,-0.617733,0.0227107,4.80673e-05,1.27937e-05,3.52736e-05,0.946678,30.0745,0.000192391,2.16645e-05,0.144071,0.178161,2.69732
0,8.42208,0.257929,-0.766726,0.00848427,0.000309578,0.000232065,7.75123e-05,0.859875,10.4021,0.00120736,0.000393107,0.144071,0.459883,2.89509
0,7.98122,0.687432,-0.812571,0.0233561,0.000190865,0.000151873,3.89919e-05,0.942342,27.727,0.00210589,0.000257319,0.144071,2.0156,3.01717
0,41.24765,0.2431645,-1.293254,0.01553306,0.09117655,0.08769208,0.003484475,0.7961327,8.915276,0.430116,0.1858139,0.1440707,368.4017,3.836607
0,42.28419,0.4846394,-1.247672,0.01733645,0.0513067,0.04758446,0.003722233,0.8871013,18.54811,0.4651671,0.09270351,0.1440707,383.0189,3.795863
0,8.24981,0.723279,-0.912529,0.011302,0.00124387,0.00113123,0.000112642,0.944356,29.1421,0.0165037,0.00192009,0.144071,7.63309,3.18663
0,8.5445,0.20753,-0.7055,0.018127,0.0050156,4.9233e-05,0.0049664,0.83103,8.3303,0.0002061,8.3806e-05,0.14407,0.17357,2.7837
0,19.575,0.348592,-1.06822,0.0152817,0.00628119,0.00610922,0.000171969,0.888616,13.9745,0.0429564,0.0104917,0.144071,28.7393,3.41455
0,8.83672,0.7033,-0.976072,0.020354,0.00150978,0.00141747,9.23136e-05,0.942715,28.3296,0.0201085,0.00241158,0.144071,16.8131,3.29253
0,12.49614,0.5912007,-1.151838,0.01929681,0.01437133,0.01375665,0.0006146827,0.9244644,23.50734,0.1640487,0.02432037,0.1440707,136.0211,3.598871
0,8.13015,0.708403,-0.89255,0.0115364,0.000957778,0.00085785,9.99279e-05,0.943455,28.5509,0.0122579,0.00145533,0.144071,5.79118,3.15211
0,0.440012,0.418574,-0.761399,0.018586,0,0,0,-6.90463,16.886,0,0,0.144071,-0.0868234,1.39877
0,40.558987,0.52129234,-1.3306098,0.019941945,0.10824987,0.082627404,0.025622462,0.85436105,18.753386,0.86882162,0.23385943,0.14407067,1166.8042,4.0882362
0,8.61784,0.343611,-0.967902,0.0194703,0.00139645,0.00133488,6.15707e-05,0.890288,13.8425,0.00925196,0.00226987,0.144071,7.83241,3.24337
0,56.170735,0.60538837,-1.3643415,0.0094691551,0.33166033,0.23320297,0.098457363,0.70196741,16.322492,2.847694,0.75959379,0.14407067,1906.3362,4.2907974
0,42.702778,0.78245271,-1.3838575,0.010451374,0.94275666,0.038941889,0.90381477,0.12757539,1.8069171,0.61461093,0,0.14407067,1492.0049,4.2172651
0,8.29723,0.761162,-0.813682,0.0140615,0.000322165,0.000255865,6.62997e-05,0.947538,30.6967,0.00392838,0.000433547,0.144071,2.25113,3.024
0,12.30662,0.3878676,-1.173023,0.02240901,0.01584903,0.01539386,0.0004551753,0.89236,15.39928,0.1204359,0.02749234,0.1440707,121.1803,3.611238
0,53.7617,0.458446,-1.0972,0.0167184,0.00832565,0.00805771,0.000267939,0.910843,18.3406,0.0745118,0.0139148,0.144071,53.3924,3.48014
0,26.9195,0.441675,-1.06937,0.024269,0.00403806,0.00390637,0.000131696,0.910669,17.746,0.0348018,0.0067042,0.144071,36.1391,3.4289
0,6.07181,0.376846,-0.724204,0.0222971,8.404e-05,5.11519e-05,3.2888e-05,0.899745,15.2014,0.000388822,8.66305e-05,0.144071,0.37198,2.84165
0,5.32436,0.655478,-0.600087,0.0215327,4.73385e-05,1.07571e-05,3.65814e-05,0.939798,26.4419,0.000142226,1.82156e-05,0.144071,0.125788,2.66178
0,33.2162,0.440151,-1.08163,0.0160635,0.00711338,0.00688747,0.000225903,0.908442,17.6302,0.0611487,0.0118565,0.144071,42.1301,3.45021
0,6.92385,0.756686,-0.941618,0.0127658,0.00157378,0.00145378,0.000119999,0.946436,30.478,0.0221891,0.00247002,0.144071,11.574,3.23788
0,5.68376,0.692134,-0.721273,0.0171119,0.00011231,6.41874e-05,4.81221e-05,0.942761,27.9188,0.000896118,0.00010871,0.144071,0.627914,2.86567
0,5.99374,0.430296,-0.626833,0.00898071,0.00011868,3.63635e-05,8.23163e-05,0.911063,17.3569,0.000315615,6.15788e-05,0.144071,0.120089,2.68614
0,5.07993,0.876182,-0.607021,0.0240404,4.43053e-05,1.05324e-05,3.37729e-05,0.954264,35.3452,0.000186143,1.78352e-05,0.144071,0.181016,2.68742
0,18.784,0.243709,-1.10906,0.0200792,0.007933,0.00778302,0.000149985,0.848262,9.75366,0.03826,0.0134919,0.144071,35.5053,3.46756
0,30.050937,0.75183386,-1.3808645,0.024939811,0.026175712,0.017478544,0.0086971675,2.0617339,29.536406,0.26506495,0,0.14407067,1452.2049,4.2051543
0,44.15196,0.3669363,-1.306058,0.02002,0.08394721,0.07365927,0.01028794,0.8436997,13.56021,0.5451842,0.1699396,0.1440707,623.2676,3.925919
0,6.43797,0.970639,-0.87208,0.0168044,0.000523284,0.000453,7.02844e-05,0.958216,39.1368,0.00886913,0.000768099,0.144071,6.00898,3.13358
0,6.64611,0.305474,-0.855193,0.014104,0.000489571,0.000434609,5.49622e-05,0.87891,12.3173,0.00267792,0.000736707,0.144071,1.65976,3.04974
0,4.81906,0.9407,-0.540407,0.0176973,5.17454e-05,6.08086e-06,4.56645e-05,0.95726,37.9476,0.000115383,1.02969e-05,0.144071,0.0823393,2.58031
0,4.87488,0.993535,-0.566267,0.0190356,5.05812e-05,7.88068e-06,4.27005e-05,0.95944,40.0789,0.000157933,1.33447e-05,0.144071,0.120952,2.62594
0,27.775169,0.82293364,-1.3158451,0.010642574,0.17709297,0.12836589,0.048727076,0.83093975,27.319375,2.130785,0.36250305,0.14407067,1445.7623,4.1386554
0,0.32429,0.21665,-1.0966,0.017005,0,0,0,5.9777,8.7402,0,0,0.14407,3.8476,3.3348
0,6.35566,0.448268,-0.731831,0.0100691,0.000201128,0.000124921,7.62076e-05,0.914268,18.0803,0.00112953,0.000211582,0.144071,0.480217,2.86242
0,6.37482,0.589332,-0.872823,0.0164159,0.000529694,0.00046817,6.15242e-05,0.933184,23.7621,0.0055653,0.000793809,0.144071,3.78213,3.1101
0,124.89711,0.95782458,-1.2923526,0.02005002,0.078778151,0.057725983,0.021052168,0.90555398,35.596342,1.1152763,0.14229571,0.14407067,1278.3064,4.0763205
0,6.40568,0.461008,-0.879696,0.0208476,0.000448274,0.000402659,4.5615e-05,0.91628,18.5896,0.00374431,0.000682759,0.144071,3.29157,3.10974
0,41.715069,0.58612981,-1.3933003,0.013294369,0.25277774,0.25277502,2.7157617e-06,0.76063492,17.668463,2.9884992,0.78481973,0.14407067,2762.4695,4.5050633
0,17.329,0.232946,-1.12704,0.0225748,0.00881832,0.0086621,0.000156212,0.841992,9.31458,0.0407008,0.0151179,0.144071,43.0336,3.49688
0,32.692562,0.35101034,-1.3585953,0.015757876,0.16563267,0.12914829,0.036484385,0.78509491,11.814963,0.91439478,0.42397474,0.14407067,1146.0015,4.1112578
0,7.27637,0.650885,-0.959864,0.00973254,0.00257188,0.00240779,0.000164084,0.937774,26.1903,0.0316118,0.00409552,0.144071,12.6886,3.26106
0,31.8563,0.9635,-1.03226,0.0197644,0.003195,0.00299285,0.000202152,0.956179,38.7451,0.0581649,0.00511134,0.144071,46.6587,3.40697
0,7.2592,0.831043,-0.964451,0.0200402,0.00133534,0.0012408,9.45448e-05,0.951063,33.481,0.0207994,0.00210971,0.144071,16.9649,3.2814
0,6.64334,0.535481,-0.852573,0.014607,0.00046935,0.000405761,6.35881e-05,0.927025,21.5921,0.00438268,0.000687797,0.144071,2.66725,3.07169
0,4.92122,0.586458,-0.525521,0.0202499,4.2529e-05,4.38953e-06,3.81394e-05,0.933193,23.6578,5.19255e-05,7.43284e-06,0.144071,0.0434928,2.53262
0,5.87673,0.699551,-0.710536,0.00946946,0.00018801,0.000101046,8.69634e-05,0.943284,28.2158,0.00142582,0.000171139,0.144071,0.552539,2.84835
0,6.38737,0.467926,-0.782325,0.0218696,0.000146734,0.000110002,3.67316e-05,0.917603,18.8742,0.00103825,0.00018634,0.144071,0.955426,2.94836
0,6.34865,0.943529,-0.807172,0.0184917,0.000230973,0.000178972,5.20013e-05,0.957266,38.0549,0.00340617,0.000303232,0.144071,2.54078,3.02377
0,13.22801,0.8784202,-1.113889,0.01479268,0.01188071,0.01118157,0.0006991432,0.9466565,35.01603,0.1981209,0.01948553,0.1440707,121.5265,3.552318
0,8.929189,0.4659543,-1.15128,0.01884898,0.01447801,0.01399827,0.0004797392,0.90815,18.52528,0.1315658,0.02472037,0.1440707,108.3396,3.581247
0,6.94086,0.961695,-0.923097,0.0133726,0.00120941,0.00109477,0.000114638,0.9574,38.7496,0.0212366,0.00185872,0.144071,11.4668,3.21886
0,5.19779,0.589858,-0.61397,0.0121762,8.67084e-05,2.2736e-05,6.39724e-05,0.933524,23.7939,0.000270512,3.8501e-05,0.144071,0.136195,2.67974
0,6.03086,0.526616,-0.730578,0.0248773,8.1605e-05,4.97568e-05,3.18482e-05,0.92614,21.2429,0.000528532,8.42699e-05,0.144071,0.548087,2.86797
0,6.10011,0.632764,-0.671802,0.0148531,9.28202e-05,3.91744e-05,5.36458e-05,0.937744,25.5245,0.000499999,6.6341e-05,0.144071,0.30571,2.77915
0,47.48322,0.5984051,-1.194422,0.01180552,0.03951811,0.03739091,0.002127196,0.9088032,23.18674,0.451322,0.06869415,0.1440707,235.8371,3.689115
0,6.35238,0.398627,-0.842625,0.013424,0.0004507,0.000388598,6.21023e-05,0.904467,16.0741,0.00312458,0.000658632,0.144071,1.79099,3.0411
0,49.344,0.7985901,-1.196874,0.0179659,0.0277903,0.02539606,0.002394236,0.9318582,31.32125,0.4090868,0.04658366,0.1440707,320.6337,3.723816
0,5.05626,0.693044,-0.581096,0.0225764,4.30905e-05,8.03899e-06,3.50515e-05,0.942876,27.9574,0.00011238,1.36128e-05,0.144071,0.103867,2.63294
0,12.08805,0.6840902,-1.143604,0.01946339,0.01294869,0.01231456,0.0006341259,0.9338178,27.24007,0.1699251,0.02169199,0.1440707,140.3788,3.593103
0,39.16086,0.2062897,-1.207956,0.01809016,0.02974931,0.02921166,0.000537659,0.8130488,8.074517,0.1215511,0.05334092,0.1440707,109.2295,3.638515
1,99.5856,0.431389,-1.3076,0.0172348,,,,,,,,,,
0,32.34609,0.6165146,-1.156278,0.01028894,0.02827786,0.02700204,0.001275821,0.9179672,24.168,0.3357879,0.04828938,0.1440707,149.0984,3.610567
0,14.47066,0.9707452,-1.12112,0.02001606,0.009705713,0.009057507,0.0006482059,0.9522156,38.78151,0.1773532,0.01580215,0.1440707,146.8322,3.574182
0,7.08648,0.402527,-0.986709,0.0236163,0.00146203,0.00139985,6.21741e-05,0.904665,16.2149,0.0113659,0.00238274,0.144071,11.4961,3.28261
0,40.9958,0.487878,-1.09054,0.0216636,0.00592445,0.00572214,0.000202317,0.917019,19.5653,0.0563112,0.00985829,0.144071,51.9371,3.47178
0,40.2603,0.6662707,-1.21898,0.01664032,0.03883298,0.0355692,0.003263781,0.9153601,25.83478,0.4780243,0.06680947,0.1440707,357.643,3.758721
0,6.51235,0.719708,-0.887477,0.0144749,0.000719166,0.000640709,7.84571e-05,0.944438,29.0134,0.00930127,0.00108671,0.144071,5.50796,3.1444
0,10.27985,0.630227,-1.398457,0.01673547,0.04679689,0.009869969,0.03692693,20.45049,24.2347,0.1254694,0,0.1440707,150.5831,3.853544
0,47.96339,0.9251661,-1.242542,0.01402644,0.06503819,0.05325009,0.0117881,0.9133558,34.89545,0.9937227,0.1072734,0.1440707,655.2476,3.871184
0,6.18045,0.391161,-0.787142,0.0183605,0.000181388,0.000139384,4.20034e-05,0.902995,15.7773,0.00109975,0.000236121,0.144071,0.863381,2.94795
0,39.37721,0.5428848,-1.247371,0.02320531,0.03894473,0.0354066,0.003538129,0.9029712,21.04802,0.387719,0.06899095,0.1440707,425.3575,3.809171
0,6.11705,0.69326,-0.736729,0.0206878,0.000104975,6.47504e-05,4.02246e-05,0.942853,27.9644,0.000905449,0.000109667,0.144071,0.766992,2.89144
0,45.06391,0.7687086,-1.168934,0.01820456,0.01912445,0.01790609,0.001218361,0.9357732,30.41801,0.2776436,0.03211024,0.1440707,216.5815,3.655512
0,49.9014,0.783289,-1.06047,0.0160853,0.00554935,0.00526119,0.000288166,0.945548,31.4239,0.0831248,0.00902231,0.144071,54.9745,3.44521
0,43.249228,0.26950567,-1.3987121,0.018146345,0.22243543,0.1655792,0.056856223,0.722279,8.4539475,0.90011682,0.61636496,0.14407067,1492.1723,4.2321579
0,6.61415,0.962211,-0.900182,0.0241421,0.00050785,0.000452191,5.56588e-05,0.957878,38.7976,0.00877642,0.000767062,0.144071,8.54944,3.18029
0,30.9033,0.585816,-1.08931,0.00949435,0.0133295,0.0128011,0.000528412,0.924576,23.3179,0.151263,0.0221399,0.144071,60.4261,3.47997
0,7.0479,0.20273,-1.0046,0.0085868,0.0049571,0.0048325,0.00012463,0.82553,8.1381,0.019762,0.0082499,0.14407,7.9598,3.281
0,33.01876,0.2730459,-1.249565,0.02167353,0.04010734,0.03901482,0.00109252,0.8419138,10.57337,0.2148772,0.07597829,0.1440707,235.7231,3.744211
0,31.0253,0.650639,-1.03754,0.0103792,0.006385,0.00608663,0.000298369,0.935292,26.0803,0.0798807,0.0104162,0.144071,34.3618,3.39414
0,7.10307,0.659499,-0.971802,0.01366,0.00212749,0.00199929,0.0001282,0.938803,26.5488,0.0265959,0.00340161,0.144071,14.9776,3.28197
0,25.5961,0.657339,-1.08755,0.0114009,0.0109106,0.0104328,0.000477849,0.932943,26.2289,0.138329,0.0180248,0.144071,65.8526,3.48368
0,17.5757,0.885364,-1.01323,0.0160617,0.0030779,0.00288779,0.000190108,0.952744,35.6072,0.0515719,0.00492569,0.144071,33.7021,3.36871
0,51.00995,0.877166,-1.196402,0.01391577,0.03608659,0.03253704,0.003549547,0.9305448,34.10947,0.5756852,0.0597784,0.1440707,347.5573,3.732715
0,47.79291,0.2255125,-1.35594,0.01038042,0.2267521,0.2001919,0.0265602,0.6995804,7.034682,0.9106307,0.6220273,0.1440707,740.0624,4.007306
0,6.6397,0.24409,-0.9859,0.024515,0.0013791,0.0013348,4.4372e-05,0.85245,9.8333,0.0065716,0.0022716,0.14407,7.3219,3.2578
0,47.992465,0.52648314,-1.3771228,0.022926017,0.14259456,0.099389811,0.043204749,0.83279084,18.210668,1.0554836,0.36971228,0.14407067,2112.612,4.3489132
0,50.58246,0.7269137,-1.243684,0.02118475,0.04213533,0.03633113,0.005804201,0.9177366,28.08938,0.5327052,0.07207557,0.1440707,532.6879,3.837887
0,4.96768,0.664961,-0.505397,0.0233403,3.65057e-05,2.94087e-06,3.35649e-05,0.940612,26.8248,3.94455e-05,4.97979e-06,0.144071,0.0377817,2.50527
0,50.76452,0.2909159,-1.268977,0.008987901,0.1183512,0.1142865,0.004064677,0.7987074,10.34709,0.6706374,0.2350992,0.1440707,312.0163,3.792846
0,6.42809,0.789216,-0.822838,0.013343,0.00037504,0.00030327,7.17703e-05,0.949268,31.8265,0.00482781,0.000513917,0.144071,2.62049,3.04103
0,34.733,0.601643,-1.06983,0.0104297,0.0095149,0.00912088,0.000394013,0.928673,24.0404,0.110688,0.0156928,0.144071,48.2934,3.44662
0,5.66555,0.619826,-0.640099,0.00886815,0.000132476,4.36649e-05,8.8811e-05,0.936502,25.0016,0.000545917,7.39451e-05,0.144071,0.199544,2.72551
0,5.87219,0.31229,-0.592271,0.00952118,9.32121e-05,2.2004e-05,7.12081e-05,0.88148,12.5972,0.000138607,3.72604e-05,0.144071,0.0577878,2.61398
0,8.28432,0.415184,-1.02064,0.0175611,0.00301248,0.00290247,0.000110012,0.906297,16.6988,0.0243071,0.00495486,0.144071,18.274,3.34167
0,29.9238,0.509197,-1.05887,0.0154643,0.0055705,0.00536357,0.000206926,0.920302,20.4275,0.055089,0.00919434,0.144071,35.9727,3.41814
0,33.9133,0.4052206,-1.180503,0.008509903,0.04517253,0.0438051,0.001367435,0.8773562,15.60887,0.3580481,0.07969536,0.1440707,137.5278,3.628394
0,6.07712,0.535562,-0.651519,0.0132081,9.2472e-05,3.39501e-05,5.8522e-05,0.927276,21.6035,0.000366755,5.74925e-05,0.144071,0.201653,2.73747
0,5.56495,0.325371,-0.670316,0.0205333,6.15806e-05,2.78027e-05,3.37779e-05,0.885718,13.1252,0.000182469,4.70815e-05,0.144071,0.16329,2.74542
0,4.94834,0.678438,-0.528136,0.012281,7.15113e-05,7.48492e-06,6.40264e-05,0.941701,27.3675,0.000102429,1.26745e-05,0.144071,0.0515614,2.54399
0,6.529,0.22056,-0.86442,0.013772,0.00055003,0.00050102,4.9014e-05,0.83981,8.8928,0.0022289,0.00084937,0.14407,1.4118,3.0506
0,35.1611,0.430628,-1.095,0.0188101,0.00719068,0.00697034,0.000220342,0.906644,17.2474,0.0605455,0.0120219,0.144071,49.0329,3.47271
0,19.4924,0.505627,-1.12197,0.0232401,0.008191,0.0079062,0.000284807,0.918131,20.2308,0.080635,0.0137593,0.144071,80.312,3.53111
0,16.7731,0.474607,-1.05251,0.0169767,0.00467385,0.00450653,0.000167319,0.915787,19.057,0.0431421,0.00771844,0.144071,31.08,3.40332
0,7.17755,0.284845,-0.990271,0.0130704,0.00273944,0.00264566,9.37835e-05,0.8699,11.4597,0.0152009,0.00450688,0.144071,8.84512,3.27218
0,6.46438,0.793745,-0.853304,0.0181872,0.000386105,0.000328965,5.71401e-05,0.949534,32.0087,0.00526691,0.000557612,0.144071,3.89665,3.09213
0,22.3008,0.37369,-1.12599,0.0194975,0.0101841,0.00991459,0.000269507,0.892629,14.9218,0.0747328,0.0172693,0.144071,64.1564,3.52045
1,80.8677,0.675505,-1.27488,0.016538,,,,,,,,,,
0,38.80139,0.5456537,-1.247193,0.01106,0.07982102,0.07288536,0.006935655,0.8762362,20.25558,0.8021999,0.1444219,0.1440707,420.8709,3.807577
0,54.22656,0.2667419,-1.244915,0.01434296,0.05746089,0.0560267,0.001434189,0.8283441,10.14252,0.3014473,0.1081534,0.1440707,216.4967,3.731456
0,35.7054,0.510712,-1.07679,0.00836854,0.0128606,0.0123989,0.000461758,0.915841,20.3381,0.127727,0.0213884,0.144071,45.3059,3.44972
0,41.484578,0.66983562,-1.3073917,0.014711551,0.11814898,0.090418052,0.02773093,0.86239428,23.829703,1.2216549,0.23525717,0.14407067,1090.0625,4.0466204
0,17.0938,0.540718,-1.12795,0.0210519,0.00976223,0.00939903,0.000363199,0.921722,21.6006,0.102513,0.0164023,0.144071,92.2354,3.54652
0,7.04359,0.250615,-1.02642,0.0240721,0.00233958,0.0022796,5.99745e-05,0.855138,10.0866,0.0115237,0.00389324,0.144071,12.6,3.32724
0,42.695583,0.3158363,-1.3902195,0.014194407,0.24363083,0.18053012,0.063100705,0.72137172,9.6372034,1.1501034,0.70653617,0.14407067,1527.1472,4.2316473
0,9.99499,0.234078,-1.05282,0.010395,0.00753385,0.00737106,0.000162788,0.843397,9.37198,0.0348029,0.0126547,0.144071,16.6614,3.36878
0,6.63278,0.67144,-0.853438,0.0214794,0.000325232,0.000279032,4.62001e-05,0.940965,27.0783,0.00377908,0.000472955,0.144071,3.33217,3.08412
0,6.85586,0.322034,-0.644964,0.0175228,6.28208e-05,2.35251e-05,3.92957e-05,0.88467,12.9906,0.000152813,3.98368e-05,0.144071,0.116835,2.70286
0,6.53727,0.554527,-0.886687,0.0137265,0.000744228,0.000668831,7.53968e-05,0.929169,22.354,0.00748108,0.0011344,0.144071,4.26995,3.13029
0,42.6887,0.21531,-1.19293,0.0119038,0.0374214,0.0368118,0.00060962,0.814188,8.36096,0.159874,0.0668381,0.144071,93.1277,3.61217
0,6.8577,0.629243,-0.940405,0.0089591,0.0021941,0.00203901,0.000155085,0.936066,25.3291,0.0258799,0.00346513,0.144071,9.57491,3.22653
0,53.28874,0.8797269,-1.173504,0.01263384,0.02947755,0.02716274,0.002314817,0.9351149,34.44361,0.4819995,0.04906612,0.1440707,260.2545,3.678001
0,5.33684,0.363152,-0.527566,0.0143684,5.54625e-05,6.35103e-06,4.91115e-05,0.896375,14.6494,4.65219e-05,1.07542e-05,0.144071,0.0287841,2.51346
0,7.75128,0.956375,-0.967855,0.0153849,0.00182586,0.00168803,0.000137825,0.956775,38.5114,0.0325638,0.00287092,0.144071,20.2644,3.29458
0,41.43489,0.5451419,-1.217414,0.008501952,0.07158872,0.06754032,0.004048394,0.8818071,20.41762,0.7426734,0.1281586,0.1440707,287.5645,3.732341
0,51.17076,0.81433639,-1.3537147,0.017031901,0.16189108,0.11054921,0.051341865,0.84363211,27.533377,1.8158696,0.36842438,0.14407067,2334.2921,4.3736789
0,5.40349,0.985286,-0.699921,0.0128007,0.000131356,6.52249e-05,6.61311e-05,0.959062,39.743,0.00129629,0.000110465,0.144071,0.667899,2.8475
0,64.278586,0.34555048,-1.3627878,0.019037243,0.14444087,0.11179042,0.032650455,0.79869416,11.926601,0.77918621,0.37035756,0.14407067,1200.0484,4.1283131
0,92.81268,0.3798431,-1.320741,0.01852067,0.1020328,0.08597341,0.0160594,0.8349993,13.76004,0.6587089,0.2218265,0.1440707,771.6869,3.980398
0,5.69314,0.66085,-0.73222,0.0226286,9.22869e-05,5.58667e-05,3.64201e-05,0.940229,26.6574,0.0007447,9.46194e-05,0.144071,0.691926,2.88162
0,4.38342,0.782483,-0.564056,0.0103787,9.1016e-05,1.40491e-05,7.69669e-05,0.949039,31.5639,0.000221742,2.37904e-05,0.144071,0.0936029,2.61055
0,13.23987,0.9733267,-1.09792,0.01086195,0.01328158,0.01244399,0.0008375881,0.9499807,38.74423,0.2443112,0.02161552,0.1440707,109.1448,3.528423
0,33.51375,0.3619533,-1.263542,0.01852421,0.05630843,0.05331646,0.002991971,0.8602259,13.77964,0.3892593,0.1063777,0.1440707,359.7933,3.804009
0,15.3631,0.524675,-1.03252,0.0124186,0.00497775,0.00477483,0.000202918,0.922757,21.061,0.0505328,0.00816105,0.144071,26.3661,3.37395
0,36.15398,0.348929,-1.236396,0.01675719,0.04502214,0.04345025,0.001571887,0.8641458,13.44267,0.305812,0.08297636,0.1440707,246.5422,3.735449
0,6.10611,0.916573,-0.811805,0.0227562,0.000196765,0.000154348,4.24163e-05,0.956091,36.9689,0.00285361,0.000261515,0.144071,2.62284,3.03005
0,5.36956,0.967007,-0.65155,0.0215596,5.91644e-05,2.08072e-05,3.83573e-05,0.958369,39.0085,0.000405852,3.52356e-05,0.144071,0.352441,2.76622
0,40.207,0.5850307,-1.186554,0.02045642,0.02079701,0.01975917,0.001037834,0.919648,23.11035,0.23317,0.03583315,0.1440707,209.9602,3.67025
0,5.97983,0.447017,-0.862119,0.0230193,0.000330141,0.000291054,3.90869e-05,0.913968,18.0275,0.00262436,0.000493376,0.144071,2.55336,3.07897
0,6.31684,0.268527,-0.95666,0.00962926,0.00243879,0.00233602,0.00010276,0.863343,10.8064,0.0126529,0.00397254,0.144071,5.45755,3.2131
0,4.73229,0.690061,-0.557734,0.021952,4.2058e-05,6.12441e-06,3.59336e-05,0.942644,27.8371,8.52465e-05,1.03706e-05,0.144071,0.076629,2.59395
0,6.2005,0.540948,-0.893171,0.0100195,0.0011003,0.000995588,0.000104713,0.927303,21.7988,0.0108633,0.00168908,0.144071,4.53464,3.13992
0,5.14346,0.496473,-0.714549,0.0142228,0.000125772,7.08373e-05,5.49345e-05,0.92198,20.0261,0.000709387,0.000119971,0.144071,0.422449,2.83854
0,5.75454,0.381465,-0.646054,0.0231401,4.92519e-05,1.80653e-05,3.11866e-05,0.900859,15.3882,0.000139003,3.05915e-05,0.144071,0.137827,2.71244
0,5.20144,0.609587,-0.687097,0.0202941,7.42958e-05,3.48952e-05,3.94006e-05,0.935543,24.59,0.000429068,5.90952e-05,0.144071,0.359297,2.80276
0,42.47376,0.5097812,-1.267037,0.02453591,0.04585603,0.0407117,0.005144333,0.8942492,19.62243,0.4186279,0.08400049,0.1440707,515.4844,3.856212
0,8.55986,0.932837,-0.671781,0.0100166,0.000141046,5.80728e-05,8.29732e-05,0.956858,37.627,0.00109271,9.83478e-05,0.144071,0.441544,2.79805
0,122.20596,0.99707028,-1.2915275,0.01899162,0.082726269,0.060271678,0.022454591,0.90438403,36.896052,1.2121719,0.14864215,0.14407067,1312.7085,4.0835403
0,18.2873,0.60949,-1.11249,0.0184484,0.00921635,0.00883738,0.00037897,0.929648,24.3613,0.108646,0.0153458,0.144071,84.5604,3.52511
0,15.0188,0.370179,-1.05863,0.0164963,0.00516132,0.00500958,0.000151735,0.894935,14.8566,0.0374058,0.00859178,0.144071,26.8186,3.40102
0,5.90748,0.758167,-0.907907,0.010658,0.00124958,0.00113056,0.000119014,0.946743,30.5476,0.0172896,0.00191878,0.144071,7.52111,3.18123
0,4.58513,0.881745,-0.508015,0.0237903,3.67518e-05,2.98391e-06,3.37679e-05,0.954544,35.5699,5.30705e-05,5.05267e-06,0.144071,0.0510556,2.52336
0,6.02827,0.990334,-0.846246,0.0124188,0.000526949,0.000440008,8.69413e-05,0.959004,39.9308,0.00878957,0.000745838,0.144071,4.39592,3.09137
0,20.2298,0.961844,-1.0018,0.0108283,0.00396737,0.0037,0.000267371,0.955607,38.6485,0.0717846,0.00630835,0.144071,31.4897,3.35335
0,5.41887,0.482728,-0.632327,0.0162474,6.8131e-05,2.15698e-05,4.65612e-05,0.919975,19.4728,0.000210026,3.65262e-05,0.144071,0.143179,2.70067
0,4.92152,0.932625,-0.638331,0.0158663,7.55806e-05,2.38584e-05,5.17222e-05,0.956891,37.6209,0.000448822,4.04026e-05,0.144071,0.287269,2.74248
0,11.651512,0.98678534,-1.3814319,0.022011762,0.16194382,0.0013675033,0.16057631,2.6434594,33.361916,0.027219256,0,0.14407067,1288.684,4.1678304
0,6.01011,0.680635,-0.901566,0.0121229,0.0010138,0.000916426,9.73788e-05,0.94127,27.4302,0.0125816,0.00155496,0.144071,6.26148,3.16523
0,18.4329,0.492049,-1.12639,0.0185389,0.01083,0.0104625,0.000367442,0.914501,19.6352,0.103841,0.0182556,0.144071,82.826,3.5376
0,5.88214,0.959655,-0.761948,0.0238319,0.000115239,7.7704e-05,3.7535e-05,0.958027,38.7097,0.00150412,0.000131618,0.144071,1.44463,2.94932
0,23.1615,0.298353,-1.0988,0.0225047,0.00625382,0.00611207,0.000141745,0.872812,11.9608,0.0367827,0.0105511,0.144071,37.0894,3.45985
0,30.9978,0.542241,-1.05946,0.0103039,0.00842399,0.00809673,0.000327265,0.922769,21.6907,0.0885578,0.0139032,0.144071,38.3827,3.42252
0,7.5174,0.20611,-0.62439,0.010614,0.00020368,2.9816e-05,0.00017386,0.83077,8.3131,0.00012396,5.0493e-05,0.14407,0.061125,2.649
0,45.02424,0.2882795,-1.204571,0.009929929,0.05142743,0.05027833,0.0011491,0.8408235,11.03162,0.2923612,0.09304123,0.1440707,138.1636,3.652823
0,15.8024,0.227529,-1.06757,0.00916112,0.0102853,0.0100795,0.000205878,0.838044,9.08452,0.0462594,0.0173542,0.144071,19.6438,3.39257
0,46.21047,0.3349351,-1.303507,0.02014711,0.08013034,0.07211567,0.008014669,0.8376229,12.42917,0.4872093,0.1634248,0.1440707,556.8799,3.90469
0,5.93681,0.634537,-0.810337,0.0204963,0.000211651,0.000168169,4.34819e-05,0.93783,25.5929,0.00215243,0.000284928,0.144071,1.81653,3.00955
0,4.54962,0.743742,-0.538154,0.0217942,4.12016e-05,4.797e-06,3.64046e-05,0.946562,30.0026,7.19642e-05,8.12286e-06,0.144071,0.0639583,2.56508
0,119.42938,0.26830924,-1.3702585,0.022458061,0.12853682,0.10281336,0.02572346,0.78415871,9.4327827,0.55642973,0.34556385,0.14407067,1064.0787,4.1032019
0,6.19355,0.334299,-0.962036,0.014018,0.00180127,0.00171962,8.16427e-05,0.887343,13.4619,0.0115956,0.00292395,0.144071,7.08772,3.23223
0,6.08107,0.727904,-0.894051,0.0117338,0.000959645,0.000859816,9.98298e-05,0.944869,29.3368,0.0126242,0.00145871,0.144071,6.05736,3.15597
0,33.06897,0.5559866,-1.243682,0.02317375,0.0376466,0.03426913,0.003377469,0.9053474,21.5851,0.3843197,0.06588761,0.1440707,414.9313,3.802182
0,4.48007,0.983305,-0.555361,0.0162383,5.80064e-05,8.03066e-06,4.99757e-05,0.959031,39.666,0.000159281,1.35987e-05,0.144071,0.104103,2.60732
0,43.81761,0.6843445,-1.253703,0.01253558,0.07908415,0.06794402,0.01114013,0.8899642,25.42435,0.9378886,0.1385338,0.1440707,565.4769,3.857342
0,10.19947,0.7313056,-1.120397,0.008597336,0.02185472,0.02077988,0.001074842,0.9315263,28.85742,0.3065258,0.03644991,0.1440707,110.6522,3.551897
0,10.7203,0.686124,-1.00682,0.0195516,0.00230923,0.00218651,0.000122717,0.940871,27.6156,0.0302607,0.00372656,0.144071,24.3754,3.34384
0,5.90346,0.37434,-0.896238,0.0194134,0.000582202,0.000534592,4.76102e-05,0.898829,15.0927,0.00403658,0.000906777,0.144071,3.36922,3.12749
0,6.3184,0.21161,-0.90504,0.019948,0.00072211,0.0006861,3.6005e-05,0.83411,8.5304,0.0029285,0.00098812,0.14407,2.2978,3.1164
