Error,time,CO2share,E_appl,v,X_tot,X_het,X_hom,FE,CO2_out,CO_out,H2_out,delP,CD,Vcell
0,10.3116,0.61557,-0.924334,0.0201127,0.000802466,0.000739722,6.2744e-05,0.935661,24.8133,0.00918483,0.00125563,0.144071,7.63372,3.19844
0,9.0427,0.720699,-0.659157,0.024369,5.33815e-05,2.02978e-05,3.30837e-05,0.94494,29.0727,0.000295072,3.43731e-05,0.144071,0.293749,2.76446
0,7.77209,0.768083,-0.675672,0.0172164,8.29311e-05,3.5519e-05,4.74122e-05,0.94814,30.9833,0.000550293,6.0151e-05,0.144071,0.385725,2.79499
0,9.27595,0.517751,-0.959303,0.0124174,0.00198799,0.00187424,0.000113753,0.923754,20.8455,0.0195736,0.00318694,0.144071,10.1788,3.24869
0,13.9688,0.732477,-1.0162,0.0208364,0.00244378,0.0023124,0.000131372,0.944231,29.4772,0.0341651,0.00394437,0.144071,29.2446,3.36352
0,8.60215,0.984546,-0.736499,0.00950805,0.000232076,0.00014046,9.16155e-05,0.958967,39.7091,0.00278942,0.000237913,0.144071,1.06766,2.90826
0,39.1628,0.48085,-1.11206,0.0220396,0.0076251,0.00737202,0.000253074,0.914873,19.2504,0.0715025,0.0127749,0.144071,67.5272,3.50981
0,63.95539,0.8789002,-1.170922,0.01334195,0.02709339,0.0250047,0.002088686,0.936648,34.49577,0.4432885,0.04494612,0.1440707,251.7319,3.672053
0,33.9347,0.903658,-1.06295,0.0101552,0.00911071,0.00858198,0.000528724,0.949683,36.1231,0.156429,0.0147547,0.144071,64.9621,3.45822
0,6.54806,0.872919,-0.694447,0.0147798,0.000109084,5.26566e-05,5.64271e-05,0.954059,35.2113,0.000927154,8.91772e-05,0.144071,0.554457,2.83244
0,6.91765,0.37554,-0.5679,0.0235565,3.67616e-05,6.50337e-06,3.02582e-05,0.899461,15.1494,4.92629e-05,1.10122e-05,0.144071,0.0498006,2.58196
0,6.07789,0.755104,-0.581117,0.0224238,4.36604e-05,8.09585e-06,3.55646e-05,0.947321,30.4609,0.000123309,1.37091e-05,0.144071,0.112668,2.63714
0,11.3182,0.888651,-0.980742,0.0228719,0.00143834,0.00133945,9.88865e-05,0.95397,35.7982,0.0240095,0.00227877,0.144071,22.2928,3.31276
0,43.24277,0.4230788,-1.198148,0.02042481,0.0235691,0.02274558,0.0008235218,0.8947768,16.66548,0.194108,0.04165166,0.1440707,180.6054,3.668406
0,8.20752,0.678731,-0.90975,0.00992661,0.00136606,0.00124281,0.000123247,0.94089,27.3438,0.0170149,0.0021095,0.144071,6.93646,3.1788
0,79.743345,0.49537769,-1.3632252,0.017267446,0.16476525,0.1192491,0.04551615,0.81259053,16.691684,1.1915622,0.41061736,0.14407067,1660.0882,4.2347569
0,6.66714,0.713084,-0.539916,0.0164629,5.45067e-05,6.49582e-06,4.80108e-05,0.944384,28.7655,9.34329e-05,1.09996e-05,0.144071,0.0628699,2.56596
0,8.31099,0.449913,-0.653322,0.0104046,0.000116151,4.41071e-05,7.20435e-05,0.914608,18.1482,0.000400279,7.46936e-05,0.144071,0.17577,2.73221
0,37.87027,0.3785256,-1.204461,0.01491044,0.03452694,0.03345145,0.001075489,0.8783303,14.74316,0.2554085,0.06187541,0.1440707,176.5138,3.672747
0,45.974832,0.87884797,-1.3478679,0.014162326,0.20827968,0.14096596,0.067313725,0.81112718,28.06989,2.4989247,0.41101815,0.14407067,2296.0676,4.3595612
0,7.79912,0.351671,-0.630729,0.0183588,5.72722e-05,1.87016e-05,3.85706e-05,0.893353,14.1862,0.00013266,3.16686e-05,0.144071,0.105234,2.68325
0,8.15495,0.320319,-0.880479,0.0191792,0.000485514,0.000442104,4.341e-05,0.883861,12.916,0.00285649,0.000749654,0.144071,2.39481,3.094
0,164.28049,0.95678066,-1.2926999,0.022547416,0.070773624,0.051784616,0.018989008,0.91094353,35.866507,0.99939764,0.12710049,0.14407067,1286.1125,4.0784964
0,6.63762,0.458886,-0.520769,0.0226913,3.64623e-05,3.68531e-06,3.2777e-05,0.916188,18.5116,3.41118e-05,6.24032e-06,0.144071,0.032611,2.51308
0,8.26446,0.755016,-0.835798,0.0226728,0.000253889,0.000210791,4.30979e-05,0.94718,30.451,0.00321021,0.000357219,0.144071,2.96787,3.06046
0,42.4519,0.309085,-1.181048,0.01687239,0.02301391,0.02248389,0.0005300215,0.8661137,12.18208,0.1401763,0.04047815,0.1440707,109.4917,3.611781
0,47.680609,0.59527549,-1.3185496,0.021540541,0.089918931,0.068596231,0.0213227,0.87498077,21.855123,0.82365137,0.18543367,0.14407067,1137.2011,4.0691071
0,6.15446,0.628995,-0.510818,0.0190022,4.48415e-05,3.87272e-06,4.09688e-05,0.937425,25.3736,4.91347e-05,6.55772e-06,0.144071,0.0384451,2.51158
0,7.55708,0.974614,-0.829542,0.0203777,0.000266621,0.000216433,5.01886e-05,0.958545,39.3072,0.00425482,0.000366766,0.144071,3.49334,3.06268
0,27.5485,0.251337,-1.13922,0.0139007,0.0166792,0.0163684,0.000310782,0.846702,9.97025,0.0829828,0.0287091,0.144071,53.5635,3.52235
0,8.80796,0.359202,-1.00314,0.0247314,0.0017112,0.00164904,6.21596e-05,0.894318,14.4661,0.011948,0.00281004,0.144071,12.8132,3.30487
0,8.33522,0.962422,-0.922254,0.0161069,0.000993953,0.000899222,9.47305e-05,0.95757,38.7873,0.0174565,0.00152657,0.144071,11.3524,3.21748
0,28.0425,0.505118,-1.0583,0.0216,0.00395898,0.00381262,0.000146361,0.920765,20.2967,0.0388455,0.00653394,0.144071,35.4604,3.41672
0,28.4637,0.623865,-1.04646,0.0228862,0.00324048,0.00309651,0.000143974,0.934887,25.0863,0.0389661,0.00529716,0.144071,37.0793,3.4075
0,23.1302,0.800637,-1.0919,0.0206852,0.00641948,0.00608369,0.000335784,0.946027,32.0918,0.098249,0.0105056,0.144071,84.0245,3.50408
0,7.8791,0.579675,-0.84167,0.0114333,0.000531699,0.000450684,8.10153e-05,0.932151,23.3727,0.00526965,0.000763889,0.144071,2.49609,3.05734
0,18.3731,0.752235,-1.10449,0.0127451,0.0121447,0.0115411,0.000603604,0.939278,29.9779,0.175115,0.0200438,0.144071,92.9323,3.52358
0,6.04639,0.899976,-0.587946,0.00841333,0.000119886,2.35542e-05,9.63319e-05,0.95537,36.3023,0.000427587,3.98882e-05,0.144071,0.145349,2.65706
0,8.79148,0.330135,-1.01625,0.0142928,0.00348247,0.00337028,0.000112185,0.885048,13.2719,0.0224431,0.00575394,0.144071,14.0568,3.32298
0,7.88712,0.697907,-0.734535,0.0153422,0.000139087,8.48835e-05,5.42035e-05,0.94319,28.1509,0.00119494,0.000143768,0.144071,0.750377,2.88811
0,7.01652,0.63594,-0.63463,0.0232147,4.95518e-05,1.55494e-05,3.40024e-05,0.938063,25.6537,0.00019946,2.63313e-05,0.144071,0.190542,2.71767
0,42.823975,0.71851928,-1.313334,0.023218759,0.081708358,0.060577041,0.021131317,0.89078341,26.617927,0.87795378,0.16088335,0.14407067,1272.3,4.0958935
0,8.25648,0.674811,-0.884045,0.0156566,0.000636892,0.000566864,7.00284e-05,0.941041,27.2058,0.00771589,0.000961368,0.144071,4.95993,3.13548
0,46.10594,0.403043,-1.261174,0.01859622,0.0553853,0.05186125,0.003524051,0.8701651,15.35894,0.4216184,0.1027909,0.1440707,384.5708,3.809874
0,51.53891,0.3733556,-1.3307,0.02326623,0.08875502,0.07302373,0.01573129,0.8421327,13.72502,0.5499355,0.2006788,0.1440707,867.3558,4.01494
0,6.65251,0.558296,-0.616148,0.0166701,6.34715e-05,1.70783e-05,4.63931e-05,0.930046,22.5212,0.000192325,2.89201e-05,0.144071,0.133064,2.68073
0,6.74253,0.614655,-0.627538,0.020503,5.43409e-05,1.60732e-05,3.82677e-05,0.936053,24.795,0.000199278,2.72181e-05,0.144071,0.168491,2.70425
0,48.87519,0.4821223,-1.187829,0.01644073,0.02591466,0.02490693,0.001007726,0.9033334,18.94564,0.2422159,0.04532172,0.1440707,178.1256,3.656895
0,8.43393,0.766602,-0.899303,0.0160348,0.000749389,0.000673109,7.62807e-05,0.947613,30.9029,0.0104083,0.00114192,0.144071,6.80624,3.16736
0,5.91268,0.884678,-0.564642,0.0218616,4.36139e-05,6.72029e-06,3.68936e-05,0.954684,35.6879,0.000119922,1.13797e-05,0.144071,0.106002,2.61753
0,49.89977,0.9555264,-1.191374,0.008870615,0.05307262,0.04757486,0.005497753,0.9227078,36.50182,0.9169494,0.08791174,0.1440707,351.6319,3.729077
0,7.64083,0.882779,-0.7454,0.0240459,9.83226e-05,6.22695e-05,3.60531e-05,0.954555,35.6094,0.0011088,0.000105468,0.144071,1.07836,2.91767
0,47.85117,0.8915964,-1.250388,0.02420772,0.04203821,0.03395168,0.008086535,0.9272635,34.45654,0.6105971,0.0687477,0.1440707,704.8843,3.892421
0,6.72717,0.929662,-0.702758,0.0204291,8.36828e-05,4.2387e-05,4.12959e-05,0.956754,37.5011,0.000794845,7.1785e-05,0.144071,0.655185,2.84935
0,51.27897,0.525681,-1.186964,0.01674668,0.02535229,0.02425412,0.001098173,0.909763,20.66927,0.2571775,0.04400203,0.1440707,190.8252,3.662034
0,25.6764,0.86788,-0.995969,0.00891716,0.00445572,0.00416993,0.000285784,0.950979,34.8558,0.0729985,0.00710758,0.144071,26.4783,3.33764
0,16.44914,0.9651065,-1.116828,0.02469987,0.007454158,0.006965077,0.0004890809,0.9534594,38.6439,0.1355896,0.0121187,0.1440707,138.2824,3.565147
0,7.60875,0.820297,-0.71206,0.00877989,0.000206878,0.000111135,9.57424e-05,0.951196,33.0854,0.00183885,0.000188229,0.144071,0.655208,2.85865
0,7.87788,0.940232,-0.84037,0.0134657,0.00045398,0.000376335,7.76452e-05,0.956978,37.9134,0.00713731,0.000637848,0.144071,3.87861,3.07896
0,49.49505,0.5951155,-1.183204,0.02332263,0.01753543,0.01665841,0.0008770156,0.9228161,23.58703,0.1999678,0.03010574,0.1440707,204.5607,3.664513
0,7.6414,0.28528,-0.820695,0.0201441,0.000231088,0.00019545,3.5638e-05,0.871617,11.506,0.00112469,0.000331165,0.144071,1.00376,2.98927
0,62.78761,0.9682806,-1.162526,0.01553328,0.02116484,0.01941703,0.001747816,0.9445522,38.23543,0.3792356,0.03465852,0.1440707,248.3993,3.662325
0,43.33479,0.2066561,-1.370784,0.01062209,0.2461851,0.2123731,0.03381194,0.6756593,6.284462,0.8852643,0.7355629,0.1440707,828.3374,4.045081
0,7.8156,0.396693,-0.843952,0.0194614,0.00031553,0.000272668,4.2862e-05,0.904132,15.9982,0.00218179,0.000462118,0.144071,1.81386,3.04309
0,8.44678,0.823289,-0.956608,0.0227087,0.00106876,0.000990514,7.82464e-05,0.950805,33.1775,0.0164489,0.00168338,0.144071,15.2042,3.26759
0,7.12168,0.742065,-0.647195,0.0195664,6.28677e-05,2.16798e-05,4.11879e-05,0.946433,29.9343,0.000324505,3.67131e-05,0.144071,0.258969,2.74601
0,8.37267,0.530376,-0.659947,0.00868274,0.000146648,5.75472e-05,8.91011e-05,0.926583,21.3932,0.000615649,9.74563e-05,0.144071,0.222687,2.751
1,138.7691,0.9573954,-1.277259,0.02071449,,,,,,,,,,
0,39.8699,0.443601,-1.07313,0.0149544,0.00686913,0.00664619,0.000222943,0.909214,17.7727,0.059469,0.0114185,0.144071,38.0454,3.43567
0,21.3722,0.589052,-1.12325,0.0174059,0.0111564,0.0107082,0.000448227,0.926318,23.4983,0.127232,0.0186758,0.144071,93.9917,3.54313
0,6.61407,0.629221,-0.576316,0.0230975,4.12565e-05,7.38977e-06,3.38667e-05,0.937448,25.3829,9.37906e-05,1.25134e-05,0.144071,0.0892007,2.62034
0,6.30542,0.513656,-0.563724,0.0205535,4.39883e-05,7.06426e-06,3.69241e-05,0.924442,20.7209,7.31921e-05,1.19621e-05,0.144071,0.0628141,2.58972
0,8.68274,0.436613,-0.980005,0.0106811,0.00297622,0.00283875,0.000137471,0.910426,17.5613,0.0250006,0.00483369,0.144071,11.3513,3.27522
0,14.71321,0.7196939,-1.129604,0.01630591,0.01299502,0.01234954,0.0006454798,0.9364766,28.65644,0.1792766,0.02163094,0.1440707,123.0221,3.568951
0,8.6508,0.23331,-0.95609,0.011916,0.0019507,0.0018744,7.6374e-05,0.84637,9.394,0.0088211,0.0031867,0.14407,4.804,3.2059
0,8.96135,0.50888,-1.00007,0.0233522,0.00175879,0.0016791,7.96943e-05,0.922693,20.493,0.0172352,0.00286095,0.144071,16.9131,3.31686
0,7.97788,0.428662,-0.917817,0.0131445,0.00112103,0.00104097,8.00561e-05,0.910121,17.2736,0.00900077,0.001767,0.144071,5.02462,3.16993
0,7.17626,0.519169,-0.732889,0.023496,8.79401e-05,5.42689e-05,3.36712e-05,0.925156,20.9424,0.00056831,9.19125e-05,0.144071,0.557207,2.87114
0,71.50871,0.9560708,-1.250094,0.009717487,0.1007627,0.08090779,0.01985489,0.8903798,34.68323,1.560291,0.1706147,0.1440707,736.1257,3.900422
0,68.405679,0.53357523,-1.3698373,0.018892015,0.16139489,0.11393928,0.047455608,0.81982823,18.051294,1.2262931,0.40857553,0.14407067,1937.1953,4.3031106
0,9.78507,0.443132,-1.01527,0.0101809,0.00485829,0.00466956,0.000188731,0.910408,17.7899,0.0417383,0.00797727,0.144071,18.089,3.33574
0,10.4558,0.398208,-1.15448,0.0198091,0.0142785,0.0138724,0.00040606,0.895636,15.835,0.111426,0.0245081,0.144071,97.836,3.57716
0,56.497103,0.74797388,-1.3575603,0.023065983,0.1224822,0.083848322,0.03863388,0.86579698,26.478753,1.265045,0.28581969,0.14407067,2298.174,4.3697097
0,36.32481,0.80040825,-1.3340119,0.024632458,0.10540129,0.073235803,0.032165482,0.87969138,28.886504,1.1823884,0.19778471,0.14407067,1823.4861,4.2420965
0,8.66061,0.376428,-0.983812,0.0139996,0.00237356,0.00227459,9.89672e-05,0.898206,15.1497,0.0172708,0.0038727,0.144071,10.4231,3.27447
0,18.4313,0.99873,-0.982544,0.016255,0.00208081,0.00192826,0.000152544,0.958318,40.2067,0.0388454,0.00328148,0.144071,25.5084,3.32211
0,26.6379,0.404555,-1.06908,0.0126964,0.00766416,0.00743034,0.000233817,0.901174,16.1954,0.0606333,0.0127671,0.144071,33.2043,3.42369
0,66.81176,0.9068565,-1.251644,0.01409899,0.07205804,0.05808413,0.0139739,0.9078707,33.94803,1.062481,0.119957,0.1440707,720.8441,3.897926
0,6.63243,0.626016,-0.717182,0.0233323,7.93863e-05,4.46667e-05,3.47197e-05,0.937124,25.2526,0.00056402,7.56472e-05,0.144071,0.542121,2.85402
0,34.7442,0.587729,-1.03703,0.0099341,0.00660396,0.00631669,0.000287269,0.929113,23.5535,0.0748845,0.0108113,0.144071,31.0336,3.38775
0,67.28763,0.9251774,-1.231723,0.01427083,0.05561443,0.04665728,0.008957153,0.919705,35.2476,0.8707022,0.091757,0.1440707,572.014,3.837222
0,6.66677,0.87312,-0.611377,0.0121814,8.8574e-05,2.19818e-05,6.65921e-05,0.954082,35.2201,0.000387135,3.72242e-05,0.144071,0.190794,2.69448
0,6.6201,0.483791,-0.672036,0.0205408,6.55634e-05,2.84129e-05,3.71505e-05,0.920138,19.5157,0.000277267,4.81159e-05,0.144071,0.238932,2.76671
0,7.8421,0.787725,-0.832464,0.010672,0.000520749,0.00042901,9.17388e-05,0.949083,31.7617,0.00681659,0.000727102,0.144071,2.95991,3.05698
0,16.05803,0.6293014,-1.146357,0.01696562,0.01529305,0.01460486,0.0006881937,0.9276074,24.9989,0.1853879,0.02578157,0.1440707,134.361,3.592437
0,7.9134,0.649596,-0.729907,0.0168012,0.00012211,7.30401e-05,4.907e-05,0.939238,26.2027,0.00095704,0.000123706,0.144071,0.660907,2.87694
0,6.8154,0.23314,-0.53093,0.013522,5.185e-05,7.0474e-06,4.4802e-05,0.84743,9.405,3.3142e-05,1.1933e-05,0.14407,0.020411,2.4992
0,7.87166,0.443581,-0.797608,0.0201704,0.000185069,0.000145125,3.9944e-05,0.913452,17.8915,0.0012985,0.00024586,0.144071,1.10714,2.97124
0,48.04138,0.8372768,-1.204599,0.0214276,0.0261233,0.02344874,0.002674557,0.9350948,32.89487,0.3960169,0.04313269,0.1440707,370.5867,3.748681
0,5.81116,0.251023,-0.554185,0.0247254,3.0424e-05,5.19539e-06,2.52287e-05,0.856747,10.1264,2.63061e-05,8.79702e-06,0.144071,0.0293034,2.541
0,5.5089,0.659529,-0.62982,0.0232897,4.8579e-05,1.45708e-05,3.40082e-05,0.940145,26.6053,0.000193839,2.4674e-05,0.144071,0.185359,2.71144
0,6.31845,0.266662,-0.911991,0.0211527,0.000639864,0.000600476,3.93887e-05,0.863631,10.7507,0.00322985,0.00101886,0.144071,3.05793,3.1382
0,26.6465,0.446913,-1.11065,0.0131097,0.0125365,0.012147,0.000389508,0.90619,17.8032,0.1095,0.0210908,0.144071,61.916,3.50285
0,49.89877,0.85529913,-1.2924087,0.0083464517,0.17652818,0.13372212,0.042806061,0.83304777,28.413317,2.3069939,0.34207211,0.14407067,1109.964,4.0364316
0,22.9691,0.491571,-1.06158,0.0235731,0.00377887,0.00364296,0.00013591,0.918936,19.7559,0.0361215,0.00624539,0.144071,36.0766,3.42102
0,5.7705,0.647805,-0.646623,0.0128987,9.41396e-05,3.26453e-05,6.14943e-05,0.939099,26.1312,0.000426571,5.52833e-05,0.144071,0.226164,2.73847
0,5.07881,0.970625,-0.633047,0.0174951,6.72157e-05,2.02173e-05,4.69984e-05,0.958512,39.1541,0.000395822,3.42363e-05,0.144071,0.278882,2.73567
0,12.95723,0.9448037,-1.097755,0.01287586,0.0111764,0.01049094,0.0006854561,0.9501717,37.68909,0.1999315,0.01819612,0.1440707,105.9268,3.526096
0,5.97546,0.744784,-0.651504,0.0216466,5.80002e-05,2.07116e-05,3.72886e-05,0.946622,30.0442,0.000311149,3.50735e-05,0.144071,0.274657,2.75335
0,33.0195,0.709937,-1.03919,0.0136901,0.00496266,0.0047162,0.000246457,0.940979,28.498,0.0675363,0.00806614,0.144071,38.1192,3.40185
0,4.65729,0.843401,-0.551355,0.0223352,4.14891e-05,5.54575e-06,3.59433e-05,0.952574,34.0229,9.43451e-05,9.39077e-06,0.144071,0.0853889,2.59313
0,6.14071,0.904169,-0.890281,0.018802,0.000577755,0.000511352,6.64032e-05,0.955269,36.4547,0.00932598,0.000867299,0.144071,7.09312,3.16051
0,4.62199,0.987902,-0.5129,0.0156637,5.64761e-05,4.82541e-06,5.16507e-05,0.959214,39.8515,9.61553e-05,8.17101e-06,0.144071,0.0606091,2.53706
0,7.06944,0.366275,-1.01909,0.019845,0.00260631,0.00251788,8.84289e-05,0.895568,14.7377,0.0186024,0.00429798,0.144071,15.9987,3.33284
0,6.21302,0.543186,-0.823861,0.00842466,0.000591044,0.000486621,0.000104423,0.927904,21.9001,0.00533168,0.000824709,0.144071,1.86911,3.02455
0,6.95734,0.632339,-0.906041,0.0112118,0.00115375,0.00104936,0.000104387,0.937022,25.4802,0.0133844,0.00178079,0.144071,6.18838,3.16908
0,7.15082,0.607838,-0.900037,0.00841754,0.00142741,0.00129392,0.000133493,0.934501,24.4863,0.0158642,0.0021959,0.144071,5.52048,3.15708
0,6.55519,0.650611,-0.809265,0.0205678,0.000208779,0.000165293,4.34858e-05,0.939272,26.2413,0.00216921,0.000280053,0.144071,1.83426,3.00898
0,10.869,0.717803,-0.988031,0.0102623,0.00347852,0.00327415,0.000204366,0.942517,28.8567,0.0474056,0.0055773,0.144071,19.9739,3.31396
0,55.302,0.7411549,-1.293739,0.00871622,0.1694548,0.1319067,0.03754808,0.8319247,24.8329,1.971974,0.3332058,0.1440707,988.1468,4.008134
0,50.63356,0.6053929,-1.208505,0.01874146,0.02991217,0.0280162,0.001895975,0.9157668,23.6921,0.3421146,0.05185164,0.1440707,286.5641,3.723059
0,6.34325,0.747521,-0.755987,0.00837644,0.000306905,0.00020477,0.000102135,0.946646,30.1471,0.00308756,0.000346867,0.144071,1.05467,2.92711
0,6.28846,0.48074,-0.905954,0.0140329,0.000912542,0.000837558,7.49841e-05,0.919133,19.3762,0.00812176,0.0014212,0.144071,4.79216,3.15559
0,6.15537,0.720219,-0.872654,0.0213243,0.000410071,0.000359643,5.04272e-05,0.944675,29.043,0.00522471,0.000609767,0.144071,4.55654,3.11965
0,9.870627,0.5794101,-1.160159,0.02479183,0.01240939,0.0118744,0.0005349915,0.9244795,23.08438,0.1387787,0.02106501,0.1440707,148.6376,3.614199
0,4.97671,0.875738,-0.542607,0.0248745,3.67944e-05,4.45035e-06,3.2344e-05,0.954247,35.3275,7.86127e-05,7.53588e-06,0.144071,0.0791005,2.58045
0,12.00397,0.7088369,-1.150178,0.02461632,0.01115343,0.01056997,0.0005834573,0.9368786,28.27681,0.1511281,0.01866251,0.1440707,158.0438,3.609198
0,4.90277,0.943284,-0.55815,0.0219843,4.30002e-05,6.1481e-06,3.68521e-05,0.957378,38.0521,0.000116979,1.04108e-05,0.144071,0.103688,2.60991
0,4.98595,0.536998,-0.5173,0.01748,4.82073e-05,4.57551e-06,4.36318e-05,0.927484,21.6624,4.95607e-05,7.74775e-06,0.144071,0.0360542,2.51476
0,6.18414,0.312826,-0.805499,0.0100561,0.000394785,0.000322097,7.26879e-05,0.881471,12.615,0.00203242,0.000545745,0.144071,0.895229,2.96817
0,6.13084,0.371856,-0.642532,0.0104551,0.000106728,3.82143e-05,6.85137e-05,0.898522,14.9997,0.000286633,6.47131e-05,0.144071,0.128739,2.70541
0,6.37762,0.597601,-0.751813,0.020889,0.00011718,7.78335e-05,3.93466e-05,0.934308,24.1055,0.000938215,0.000131832,0.144071,0.80984,2.90932
0,6.36638,0.344933,-0.645152,0.0212824,5.24399e-05,1.94161e-05,3.30238e-05,0.891499,13.9145,0.00013509,3.28787e-05,0.144071,0.124486,2.70631
0,44.87287,0.9551135,-1.197283,0.01931467,0.02684849,0.02378683,0.003061661,0.9401831,37.49649,0.458265,0.04355908,0.1440707,382.4559,3.745289
0,20.766,0.435301,-1.1241,0.0210003,0.00927066,0.00898957,0.000281095,0.90619,17.398,0.0789321,0.0156498,0.144071,71.9208,3.52595
0,6.25202,0.684208,-0.775586,0.00885181,0.000346527,0.000249219,9.7308e-05,0.941986,27.5926,0.00343949,0.000422204,0.144071,1.24778,2.95539
0,6.30291,0.809283,-0.811878,0.0202265,0.000220349,0.000173815,4.65338e-05,0.950558,32.6407,0.00283735,0.000294501,0.144071,2.33145,3.02401
0,5.27961,0.578082,-0.702018,0.021637,7.65194e-05,3.96427e-05,3.68767e-05,0.932269,23.3191,0.000462251,6.71365e-05,0.144071,0.414155,2.82499
0,4.78299,0.735228,-0.502224,0.01101,7.78666e-05,5.98526e-06,7.18814e-05,0.945953,29.6581,8.87626e-05,1.01351e-05,0.144071,0.0398775,2.50487
0,17.6855,0.518137,-1.12507,0.0220019,0.00900196,0.00868109,0.000320875,0.919317,20.7144,0.0907286,0.0151233,0.144071,85.458,3.5384
0,6.06156,0.547554,-0.722589,0.0179271,0.000106855,6.23137e-05,4.45412e-05,0.928745,22.0869,0.000688234,0.000105536,0.144071,0.512848,2.85656
0,6.41004,0.297054,-0.633239,0.0208023,4.92294e-05,1.70458e-05,3.21835e-05,0.876183,11.9831,0.000102136,2.88645e-05,0.144071,0.0936021,2.67973
0,6.3257,0.779572,-0.91328,0.011251,0.0012645,0.00114732,0.000117174,0.948099,31.4096,0.0180413,0.0019475,0.144071,8.27397,3.19165
0,4.78864,0.8146,-0.571896,0.0120908,7.96876e-05,1.33374e-05,6.63502e-05,0.950955,32.8598,0.000219149,2.25852e-05,0.144071,0.107552,2.62553
0,6.54703,0.823479,-0.920644,0.0212421,0.000734238,0.000668047,6.61902e-05,0.951033,33.1962,0.0110965,0.00113384,0.144071,9.5825,3.20681
0,6.16304,0.996084,-0.850438,0.0133528,0.000514001,0.000431852,8.21498e-05,0.959237,40.1632,0.00867672,0.000732039,0.144071,4.66495,3.09866
0,6.49239,0.855923,-0.891643,0.0108821,0.00101198,0.000898896,0.000113081,0.952605,34.4945,0.0155192,0.00152495,0.144071,6.84928,3.16003
0,14.54172,0.8836677,-1.107189,0.00888351,0.01811215,0.01705943,0.001052715,0.9428344,35.00306,0.3040736,0.02977122,0.1440707,111.9152,3.539518
0,6.31311,0.975903,-0.736024,0.0129012,0.000170309,0.000102891,6.7418e-05,0.95866,39.363,0.00202539,0.000174272,0.144071,1.05225,2.90703
0,4.73414,0.822794,-0.539557,0.0153051,5.9258e-05,6.95499e-06,5.2303e-05,0.951433,33.191,0.000115428,1.17772e-05,0.144071,0.0716733,2.57233
0,6.89083,0.275682,-1.01795,0.0108455,0.00466881,0.00453579,0.000133012,0.865011,11.0696,0.0252224,0.00775016,0.144071,12.2605,3.3173
0,5.15581,0.332758,-0.525181,0.00931611,8.38036e-05,9.49966e-06,7.43039e-05,0.887956,13.4229,6.37619e-05,1.60859e-05,0.144071,0.025821,2.50549
0,40.874396,0.60576284,-1.3937859,0.016244809,0.21152611,0.21152381,2.2955851e-06,0.79224399,19.268376,2.5845627,0.64629706,0.14407067,2910.5178,4.53698
0,18.6217,0.748162,-1.10218,0.0157505,0.00955939,0.00908688,0.000472517,0.940689,29.8937,0.137131,0.0157457,0.144071,89.8311,3.51893
0,11.70393,0.6136071,-1.13257,0.01491766,0.01462363,0.01400445,0.0006191726,0.9265559,24.39202,0.1733332,0.02456231,0.1440707,109.947,3.563605
0,33.01371,0.40534181,-1.3569093,0.013374819,0.19646059,0.14986211,0.046598481,0.77551597,13.139649,1.2252887,0.48881514,0.14407067,1262.5916,4.13719
0,6.19393,0.715856,-0.808282,0.0219238,0.000194691,0.000153125,4.15665e-05,0.944497,28.8733,0.00221104,0.000259434,0.144071,1.98187,3.012
0,6.27759,0.864137,-0.742815,0.0199784,0.000115649,7.24992e-05,4.31496e-05,0.95361,34.8568,0.00126369,0.000122795,0.144071,1.0221,2.91232
0,9.89836,0.496693,-0.664195,0.0197992,6.53781e-05,2.66536e-05,3.87245e-05,0.92205,20.0362,0.000267036,4.51353e-05,0.144071,0.221341,2.75494
0,6.65795,0.345889,-0.934034,0.00915992,0.00194975,0.0018382,0.000111542,0.890581,13.9266,0.0128249,0.00312286,0.144071,5.09862,3.18691
0,42.38395,0.5058771,-1.19517,0.01568408,0.02983306,0.02854326,0.001289801,0.9042181,19.79915,0.2912552,0.0522058,0.1440707,204.3566,3.676388
0,46.59005,0.2249461,-1.239856,0.01050798,0.07336753,0.07196466,0.001402871,0.7977171,8.408936,0.3265298,0.1383371,0.1440707,174.6576,3.707238
0,6.02159,0.364856,-0.848747,0.021891,0.0002952,0.0002578,3.74003e-05,0.896659,14.7146,0.00189727,0.00043693,0.144071,1.78911,3.04717
0,5.1144,0.77448,-0.633793,0.0115271,0.00010097,3.09796e-05,6.99909e-05,0.948534,31.2408,0.000483963,5.24622e-05,0.144071,0.227025,2.72584
0,35.5965,0.988729,-1.04053,0.0187158,0.00375096,0.00351146,0.000239501,0.956837,39.7375,0.070031,0.00600266,0.144071,53.1805,3.42323
0,6.18253,0.903087,-0.825423,0.0212879,0.000243193,0.000196512,4.66806e-05,0.955436,36.4233,0.00357968,0.000332993,0.144071,3.08022,3.05201
0,6.54518,0.822257,-0.930593,0.0104865,0.00167862,0.00153653,0.000142087,0.950352,33.1156,0.0254844,0.00260986,0.144071,10.8701,3.22349
0,36.54833,0.5123907,-1.17691,0.01319027,0.02828042,0.02716009,0.001120324,0.9061311,20.08618,0.2807099,0.0490978,0.1440707,163.6287,3.638799
0,20.68068,0.3048927,-1.214336,0.02237591,0.02588182,0.02522845,0.0006533748,0.8628881,11.98157,0.1551539,0.04680753,0.1440707,165.7651,3.677307
2,3.7053989,0.761098090371478,-1.36949969553974,0.0209298582988247,-11.283886203622,-11.3196676067639,0.0357814031419341,-4.16737420377464e-07,377.165172396697,-173.779873633133,0,0.144070666666667,-79281859900.2589,-15395250.1112138
0,56.29238,0.4691604,-1.314643,0.02035308,0.08910055,0.07234769,0.01675286,0.859957,17.24039,0.6846541,0.1866473,0.1440707,868.0797,3.999066
0,35.0885,0.980719,-1.04397,0.0106758,0.00685161,0.00641913,0.000432481,0.954492,39.2929,0.126983,0.0109975,0.144071,55.09,3.42884
0,7.21507,0.421451,-0.998524,0.0201278,0.00199068,0.00190927,8.14118e-05,0.908183,16.9682,0.0162308,0.00325387,0.144071,13.9476,3.30483
0,19.60083,0.3873085,-1.168365,0.01624523,0.02056015,0.01997869,0.0005814639,0.8892521,15.30347,0.1560807,0.03572084,0.1440707,113.8282,3.601936
0,6.09618,0.979178,-0.761905,0.0215115,0.000127693,8.60372e-05,4.16554e-05,0.95882,39.4967,0.00169931,0.000145734,0.144071,1.47196,2.95024
0,40.06087,0.3085703,-1.230114,0.01653314,0.04181199,0.04065479,0.001157198,0.8541262,11.92779,0.253041,0.07758083,0.1440707,204.1668,3.711247
0,42.41958,0.2439297,-1.242596,0.01758028,0.0479211,0.04693462,0.0009864832,0.8250549,9.368991,0.2309315,0.08564753,0.1440707,194.8892,3.719538
0,11.28692,0.6116052,-1.146606,0.01385818,0.01871492,0.01789991,0.0008150091,0.9237101,24.21149,0.2208245,0.03166376,0.1440707,131.0967,3.590788
0,29.569815,0.7589063,-1.3278767,0.012429824,0.1686129,0.1214822,0.047130704,0.83346944,25.453447,1.8596275,0.36225183,0.14407067,1567.3639,4.1784496
0,5.04452,0.668311,-0.582551,0.0190872,5.09657e-05,9.68786e-06,4.12778e-05,0.940883,26.9595,0.000130597,1.64049e-05,0.144071,0.102265,2.6336
0,6.35991,0.393689,-0.824976,0.00968862,0.000512553,0.000429259,8.32935e-05,0.903349,15.874,0.00340877,0.000727461,0.144071,1.41169,3.01115
0,15.5037,0.602977,-1.02487,0.0225865,0.00249796,0.00238324,0.00011472,0.933326,24.2644,0.0289864,0.00406746,0.144071,27.2236,3.36812
0,5.45996,0.880561,-0.705345,0.0172671,0.000100704,5.18432e-05,4.88612e-05,0.954444,35.5198,0.000920823,8.78009e-05,0.144071,0.643098,2.85097
0,17.9483,0.395661,-1.07138,0.0133996,0.0074674,0.00724477,0.000222632,0.899394,15.8425,0.0578193,0.0124603,0.144071,33.5221,3.42654
0,5.95941,0.839375,-0.664475,0.00922998,0.000146264,5.73766e-05,8.88873e-05,0.952289,33.8569,0.00097144,9.71689e-05,0.144071,0.36345,2.78073
0,6.2131,0.622616,-0.815974,0.0169568,0.000271365,0.000218521,5.28445e-05,0.936679,25.1106,0.00274434,0.000370262,0.144071,1.91849,3.01801
0,44.68188,0.804693,-1.238677,0.02470098,0.03477352,0.02957503,0.005198496,0.9275509,31.33391,0.4800434,0.05796517,0.1440707,551.3094,3.838262
0,52.57032,0.7566482,-1.247564,0.01762265,0.0532294,0.04515477,0.008074633,0.9123628,28.89974,0.6891644,0.09107247,0.1440707,579.4581,3.855174
0,5.30319,0.291604,-0.54695,0.0181355,4.30931e-05,6.4545e-06,3.66386e-05,0.874164,11.7633,3.79648e-05,1.09293e-05,0.144071,0.0304014,2.53565
0,59.124417,0.29831009,-1.3906533,0.011224004,0.29072389,0.21918881,0.071535075,0.68300687,8.5356863,1.3188989,0.89851191,0.14407067,1436.5553,4.2113475
0,34.50656,0.4119794,-1.255066,0.01432296,0.06614679,0.06227436,0.003872423,0.8649822,15.52063,0.5174995,0.1233876,0.1440707,361.4463,3.796089
0,15.3351,0.486311,-1.13017,0.0231262,0.00911162,0.0088045,0.000307116,0.91475,19.4399,0.0863663,0.0153627,0.144071,86.06,3.54398
0,13.60343,0.8896172,-1.106003,0.01278521,0.01244532,0.01171592,0.0007293933,0.9468339,35.4421,0.2102349,0.02037311,0.1440707,111.1343,3.537821
0,7.1021,0.21345,-0.86974,0.019402,0.0031822,0.00037956,0.0028026,0.83505,8.5836,0.0016342,0.00064556,0.14407,1.4675,3.0579
0,5.63511,0.269843,-0.565774,0.0106335,7.44803e-05,1.40189e-05,6.04614e-05,0.865365,10.8851,7.63045e-05,2.37383e-05,0.144071,0.0361909,2.56343
0,6.41405,0.80519,-0.812072,0.0124076,0.000359822,0.000284032,7.579e-05,0.950229,32.4711,0.00461309,0.000481279,0.144071,2.3259,3.02408
0,5.656,0.24249,-0.55291,0.018399,4.025e-05,6.868e-06,3.3382e-05,0.85244,9.7819,3.3593e-05,1.1629e-05,0.14407,0.027986,2.5374
0,6.31169,0.826772,-0.909932,0.0157369,0.000870366,0.000785981,8.43847e-05,0.951129,33.3244,0.0131076,0.00133376,0.144071,8.38218,3.18899
0,12.48711,0.5254232,-1.168972,0.0198097,0.01719352,0.01651078,0.0006827379,0.9150111,20.83207,0.1749855,0.02952286,0.1440707,151.7678,3.624692
0,6.18654,0.751647,-0.783611,0.0121351,0.000274423,0.000201526,7.28969e-05,0.946943,30.3144,0.00305542,0.000341407,0.144071,1.51175,2.97333
0,11.52804,0.6335324,-1.141864,0.01761499,0.01394065,0.01331647,0.0006241854,0.9288734,25.20154,0.17017,0.02343875,0.1440707,127.6805,3.584027
0,7.03053,0.435942,-0.997841,0.0154421,0.00257467,0.00246697,0.000107704,0.910557,17.5414,0.0216929,0.00420419,0.144071,14.2555,3.30533
0,4.70728,0.88524,-0.565166,0.0224714,4.24792e-05,6.58208e-06,3.58971e-05,0.954712,35.7106,0.00011753,1.11457e-05,0.144071,0.106783,2.61843
0,9.00174,0.42073,-1.14377,0.0161652,0.0153281,0.0148745,0.000453629,0.899581,16.7128,0.126232,0.026174,0.144071,89.5981,3.56034
0,5.60928,0.619494,-0.677882,0.0127178,0.000112281,4.94667e-05,6.2814e-05,0.936483,24.9887,0.000618123,8.37727e-05,0.144071,0.324036,2.78823
0,6.24849,0.942091,-0.817763,0.0219555,0.000217514,0.000172694,4.48201e-05,0.957213,37.9974,0.00328167,0.000292613,0.144071,2.90682,3.04134
0,5.01946,0.916207,-0.594631,0.0146911,6.9944e-05,1.46993e-05,5.52448e-05,0.956157,36.9588,0.000271653,2.48915e-05,0.144071,0.161114,2.66904
0,5.14389,0.693547,-0.626698,0.0238985,4.69671e-05,1.36416e-05,3.33256e-05,0.942913,27.9776,0.000190838,2.31004e-05,0.144071,0.18671,2.70869
0,6.40232,0.938045,-0.845523,0.00896379,0.000722358,0.000603917,0.000118441,0.956708,37.8151,0.0114268,0.00102376,0.144071,4.13441,3.08744
0,4.93275,0.573545,-0.5229,0.0122865,6.96599e-05,6.99497e-06,6.2665e-05,0.931775,23.1362,8.09241e-05,1.18448e-05,0.144071,0.0411883,2.52721
0,14.1758,0.317092,-1.05985,0.0144524,0.00596071,0.00580448,0.000156228,0.879414,12.7158,0.0371257,0.00996234,0.144071,23.7296,3.39536
0,15.0359,0.293444,-1.06843,0.0199258,0.00481591,0.0046997,0.000116209,0.871903,11.781,0.0278177,0.00806808,0.144071,24.7594,3.40633
0,43.5878,0.9329839,-1.206876,0.02405688,0.02446645,0.02142426,0.00304219,0.9408077,36.71737,0.4031857,0.03955834,0.1440707,423.3362,3.768038
0,22.2957,0.609955,-1.10418,0.0173896,0.00880817,0.00844705,0.000361123,0.929958,24.39,0.103927,0.0146319,0.144071,76.0635,3.5097
0,45.77733,0.2726333,-1.337268,0.02439285,0.08966442,0.07808076,0.01158366,0.8108232,10.01234,0.4293862,0.208259,0.1440707,715.0115,3.982001
0,6.19264,0.452081,-0.771636,0.0122965,0.000234729,0.000170541,6.41875e-05,0.914908,18.2335,0.00155514,0.000288891,0.144071,0.806948,2.92896
0,23.1208,0.921531,-1.02886,0.0211818,0.00284837,0.00267325,0.000175125,0.95459,37.0703,0.0496906,0.00456511,0.144071,42.8016,3.39838
0,6.23224,0.421708,-0.933869,0.0190103,0.000943181,0.000884327,5.88542e-05,0.908896,16.9964,0.00752229,0.00150154,0.144071,6.08426,3.19602
0,19.1172,0.90403,-1.08136,0.0226161,0.00517366,0.00487297,0.00030069,0.952269,36.2815,0.0888591,0.00839245,0.144071,82.4268,3.49225
0,44.70456,0.8117007,-1.242863,0.0135695,0.06628264,0.05595415,0.01032849,0.9069033,30.575,0.9161222,0.1113443,0.1440707,580.597,3.850794
0,5.62457,0.302196,-0.709553,0.00899387,0.000180972,0.000105058,7.59132e-05,0.877951,12.1889,0.000640391,0.000177928,0.144071,0.253235,2.80722
0,4.85132,0.70601,-0.613165,0.00930433,0.000115051,2.94472e-05,8.56037e-05,0.94382,28.4784,0.000419353,4.98666e-05,0.144071,0.159573,2.68708
0,49.38742,0.4024416,-1.238195,0.01331882,0.05783189,0.05528183,0.002550061,0.8685541,15.2963,0.4487561,0.1068383,0.1440707,285.6402,3.752404
0,6.32382,0.765124,-0.854127,0.0201565,0.000351148,0.000299983,5.11655e-05,0.947776,30.8556,0.00462971,0.000508482,0.144071,3.80327,3.09169
0,4.8099,0.643058,-0.518585,0.0133877,6.44422e-05,6.07344e-06,5.83688e-05,0.938696,25.9404,7.8779e-05,1.02844e-05,0.144071,0.0433684,2.52554
0,6.30446,0.524327,-0.90242,0.0101202,0.00121579,0.00110974,0.000106043,0.925117,21.1266,0.0117368,0.00188322,0.144071,4.96089,3.15386
0,6.22674,0.866047,-0.829994,0.0197995,0.000274319,0.000224049,5.02693e-05,0.953605,34.9283,0.00391391,0.000379675,0.144071,3.13843,3.05756
0,46.88591,0.2876469,-1.237243,0.01446227,0.05195888,0.05059493,0.001363956,0.8402406,11.00125,0.2935565,0.09719494,0.1440707,209.776,3.720858
0,5.30531,0.615801,-0.694467,0.0104488,0.000151004,7.4501e-05,7.6503e-05,0.936102,24.8388,0.000925397,0.000126174,0.144071,0.39873,2.81549
0,4.9589,0.62658,-0.542538,0.0242198,3.67569e-05,4.56665e-06,3.21903e-05,0.937204,25.2764,5.77165e-05,7.73278e-06,0.144071,0.0575738,2.56406
0,6.3035,0.306456,-0.913713,0.0158863,0.000873708,0.000817288,5.64196e-05,0.879012,12.3522,0.00505206,0.00138696,0.144071,3.52917,3.14738
0,6.37241,0.786057,-0.897388,0.0196907,0.000597046,0.000534872,6.21745e-05,0.948931,31.692,0.00848065,0.000907308,0.144071,6.80095,3.1654
0,43.014013,0.43504529,-1.3918838,0.023136087,0.16889163,0.11703656,0.051855075,0.79904616,14.586372,1.0270254,0.44283919,0.14407067,2131.811,4.3678672
0,4.91108,0.985305,-0.612158,0.0247202,4.40406e-05,1.09413e-05,3.30993e-05,0.959119,39.7472,0.000217453,1.85278e-05,0.144071,0.216345,2.70173
0,37.895326,0.87974347,-1.3483667,0.012757685,0.20561823,0.13989749,0.065720744,0.81306375,28.192948,2.4825108,0.45920481,0.14407067,2315.4294,4.3642513
0,11.5846,0.267607,-1.0721,0.0189152,0.00530388,0.00518564,0.000118241,0.861182,10.7385,0.0279914,0.00890941,0.144071,23.9522,3.40814
0,5.53506,0.454436,-0.606,0.0125768,7.91422e-05,1.98701e-05,5.92721e-05,0.915409,18.3313,0.000182137,3.36476e-05,0.144071,0.0965918,2.65411
0,32.993868,0.59075245,-1.3290485,0.014057406,0.15084472,0.11311336,0.037731366,0.83285054,20.237078,1.3478594,0.32516771,0.14407067,1265.9911,4.1101275
0,43.58458,0.4138009,-1.282698,0.02252427,0.0581732,0.05232109,0.005852113,0.8706174,15.72236,0.4367102,0.1118921,0.1440707,518.7736,3.872839
0,5.01959,0.381311,-0.536459,0.0130953,6.24021e-05,7.81163e-06,5.45904e-05,0.900815,15.3818,6.00823e-05,1.32275e-05,0.144071,0.0337134,2.53047
0,38.20209,0.3141585,-1.280506,0.02039596,0.06180463,0.05845717,0.00334746,0.8431105,11.89042,0.3704348,0.1201376,0.1440707,393.8886,3.832246
0,41.50022,0.5076361,-1.317407,0.0178379,0.1051914,0.08346445,0.02172691,0.8547065,18.32474,0.8546321,0.2206618,0.1440707,961.8984,4.025321
0,5.10455,0.941598,-0.619013,0.0199041,5.58996e-05,1.48395e-05,4.106e-05,0.957296,37.9836,0.000281846,2.51291e-05,0.144071,0.226208,2.71088
1,61.7731,0.362406,-1.37098,0.0243379,,,,,,,,,,
0,21.5029,0.258732,-1.16229,0.0208144,0.0148717,0.0145875,0.000284205,0.851309,10.2825,0.0761301,0.0257865,0.144071,73.8932,3.56591
0,5.28582,0.466452,-0.559498,0.0242142,3.65115e-05,5.67953e-06,3.08319e-05,0.917434,18.8168,5.34373e-05,9.6172e-06,0.144071,0.0544412,2.57814
0,6.09479,0.275411,-0.784226,0.0114107,0.000276006,0.00021603,5.9976e-05,0.867602,11.1075,0.00120011,0.000365965,0.144071,0.609375,2.92708
0,5.33937,0.389444,-0.678111,0.0244725,5.56183e-05,2.57837e-05,2.98346e-05,0.902688,15.71,0.000202543,4.36632e-05,0.144071,0.211968,2.76663
1,116.3736,0.821773,-1.271448,0.01166439,,,,,,,,,,
0,41.379625,0.70551044,-1.3724084,0.014783437,0.23314914,0.15741082,0.075738324,0.78370359,21.825767,2.2400782,0.53965738,0.14407067,2532.4948,4.4350479
