Error,time,CO2share,E_appl,v,X_tot,X_het,X_hom,FE,CO2_out,CO_out,H2_out,delP,CD,Vcell
0,41.9078879,0.307886463,-1.74431114,0.0238607007,0.660587264,0.38328012,0.277307144,0.509230512,4.21574075,2.38030199,0,0.144070667,89398.3596,21.8580139
0,23.1384766,0.739507937,-1.67214436,0.0175107297,0.781327434,0.725662406,0.0556650286,0.464297708,6.52367484,10.8243701,0,0.144070667,60046.458,16.0657347
0,64.91105,0.9441083,-1.183906,0.008886909,0.04804953,0.04351803,0.004531498,0.9256328,36.25695,0.828736,0.07972438,0.1440707,316.3237,3.709315
0,7.02138,0.626532,-0.640523,0.010977,0.000107321,3.54696e-05,7.18515e-05,0.937154,25.2727,0.000448254,6.00659e-05,0.144071,0.20267,2.72673
0,6.83427,0.291972,-0.738304,0.0176558,0.000116023,7.74226e-05,3.86008e-05,0.874258,11.7773,0.000455967,0.000131127,0.144071,0.355486,2.85342
0,10.31873,0.7231736,-1.4964068,0.018687975,0.45185688,0.048306139,0.40355074,2.3255567,15.991592,0.70464449,0,0.14407067,3074.7789,4.6743187
0,7.22165,0.409648,-0.791939,0.0100239,0.000349751,0.000271503,7.82477e-05,0.906855,16.5202,0.00224342,0.000459982,0.144071,0.957397,2.95808
0,17.087051,0.9699656,-1.5621298,0.017793268,0.11251875,0.11200547,0.00051327778,4.1212433,34.727273,2.1913953,0,0.14407067,8764.4282,5.8987007
0,17.8433,0.917781,-1.08983,0.0196597,0.00662688,0.00623436,0.000392517,0.951954,36.7796,0.115413,0.0107644,0.144071,93.1955,3.50912
1,0.61093,0.45498,-1.9549,0.024868,,,,,,,,,,
0,7.86372,0.473133,-0.852406,0.00916662,0.000742801,0.000645105,9.76966e-05,0.918056,19.0729,0.00615657,0.00109365,0.144071,2.37394,3.06548
1,0.29122,0.72764,-1.9107,0.017674,,,,,,,,,,
0,6.79132,0.96828,-0.69722,0.0133908,0.000123424,6.02254e-05,6.31988e-05,0.958379,39.0573,0.00117627,0.000101996,0.144071,0.634447,2.84215
0,26.9047,0.366488,-1.07858,0.0172962,0.00633046,0.00615508,0.000175374,0.893281,14.6912,0.0455008,0.0105883,0.144071,34.3309,3.43512
0,8.0197,0.21645,-0.83316,0.015939,0.00036065,0.00028989,7.0768e-05,0.8374,8.7287,0.0012656,0.00049123,0.14407,0.93026,2.9978
0,8.5697,0.2078,-0.96351,0.019495,0.045607,0.001205,0.044402,0.82455,8.0007,0.0050506,0.0021426,0.14407,4.6196,3.2112
0,30.3225,0.554576,-1.1088,0.00939175,0.0171523,0.0165097,0.000642599,0.918631,21.9889,0.184682,0.0287472,0.144071,73.6617,3.51221
0,7.521,0.697595,-0.838263,0.023662,0.000249219,0.000208474,4.07444e-05,0.943095,28.1352,0.00293347,0.000353296,0.144071,2.84264,3.06068
0,5.46519,0.983985,-0.595425,0.0149602,6.9118e-05,1.45829e-05,5.45351e-05,0.959051,39.693,0.000289439,2.46944e-05,0.144071,0.174279,2.67388
2,37.0388854,0.587313321,-1.57350076,0.0150478254,-131.912377,-253.705389,121.793011,41.1939771,3149.12895,-3005.55523,0,0.144070667,92017.4828,22.1972785
0,6.2897,0.23025,-0.7655,0.020406,0.00012554,9.4993e-05,3.055e-05,0.84576,9.2876,0.00044118,0.00016089,0.14407,0.41096,2.8881
0,41.116604,0.32212583,-1.50186,0.010049212,0.64105428,0.43463987,0.20641441,0.40684963,4.6645472,2.8241013,4.1869751,0.14407067,5498.513,5.1802875
0,6.2906,0.21588,-0.64839,0.010739,0.00087939,4.0065e-05,0.00083932,0.83708,8.7015,0.00017446,6.7924e-05,0.14407,0.086425,2.6908
0,21.982989,0.811079625,-1.66150183,0.0156072544,0.518818584,0.474789245,0.0440293388,1.06498815,15.7444504,7.76764797,0,0.144070667,55106.8447,15.0914885
0,14.9924,0.391128,-1.05848,0.0145012,0.00586795,0.00568844,0.000179507,0.899404,15.6862,0.0448784,0.00975562,0.144071,28.1228,3.40357
0,15.85166,0.7797517,-1.11637,0.01605159,0.01122904,0.01064017,0.0005888778,0.941634,31.10335,0.1673516,0.01853874,0.1440707,112.0368,3.548779
0,8.2869,0.505558,-0.993453,0.0242105,0.00156125,0.00148848,7.2775e-05,0.922358,20.3633,0.0151789,0.00253459,0.144071,15.4418,3.30528
1,121.4025,0.3221735,-1.380929,0.01829682,,,,,,,,,,
0,51.02644,0.5453168,-1.214148,0.01169453,0.05025207,0.04745257,0.002799498,0.8959483,20.89356,0.5219558,0.089344,0.1440707,277.7249,3.725376
0,20.5391869,0.893797692,-1.69567158,0.0182834075,0.27633522,0.190533919,0.0858013011,1.64264877,26.0934697,3.43507876,0,0.144070667,91838.3455,22.2845636
0,43.669044,0.42983761,-1.4619463,0.014000211,0.43226069,0.29013405,0.14212664,0.60302567,9.8448373,2.5155229,1.7998711,0.14407067,4689.0627,4.9750093
0,51.61296,0.3421272,-1.213982,0.009077115,0.06285521,0.06108274,0.001772476,0.8509101,12.9345,0.4215327,0.1148615,0.1440707,180.6448,3.684259
0,5.79019,0.594571,-0.535131,0.0197043,4.43951e-05,5.10371e-06,3.92914e-05,0.934043,23.985,6.12089e-05,8.64219e-06,0.144071,0.0498419,2.54924
0,0.8839426,0.904774081,-1.93148645,0.0189730033,0.680565905,0.680565905,0,22.8402434,11.6594103,12.4203979,0,0.144070667,61022.9589,16.5155263
0,55.2188643,0.519476612,-1.70665607,0.0206277103,0.860331163,0.598614344,0.261716819,0.195596712,2.92698625,6.27246561,28.3155478,0.144070667,99625.9443,23.8119556
0,34.926721,0.45100822,-1.3482216,0.022341205,0.1163357,0.087666839,0.028668861,0.83865298,16.077812,0.79752623,0.2617353,0.14407067,1277.7647,4.1320625
0,48.998917,0.44585633,-1.4184383,0.022688501,0.18855118,0.1885498,1.3741407e-06,0.78901958,14.59524,1.6956889,0.63513053,0.14407067,3038.2924,4.5886517
2,11.291766,0.72305272,-1.5277392,0.014427306,-0.0046626544,-0.014754286,0.010091632,3.6153985,29.305247,-0.21518567,0,0.14407067,5420.3122,5.1902454
0,7.91391,0.499175,-0.879793,0.0179139,0.000523703,0.000469168,5.45347e-05,0.922115,20.1271,0.00472396,0.000795566,0.144071,3.54567,3.11371
1,0.51555,0.40315,-1.9783,0.014152,,,,,,,,,,
0,5.85774,0.74518,-0.571533,0.00984715,9.71252e-05,1.63001e-05,8.08251e-05,0.946623,30.059,0.000245006,2.76023e-05,0.144071,0.0983762,2.62059
2,0.9038317,0.86628646897,-1.8101133798,0.020087426066,-0.0043092437889,-0.0043092437889,-1.9949319974e-17,-0.54690589247,35.098144458,-0.075298749832,0,0.14407066667,-1613674.2196,-311.76188535
0,32.5271396,0.8095985384,-1.709106529,0.02363233521,0.7772707767,0.3984499752,0.3788208015,0.3752564411,7.274482177,6.50681846,0,0.1440706667,133185.5133,30.34604715
0,7.38461,0.464063,-0.881641,0.0213858,0.000447258,0.000402446,4.48118e-05,0.916784,18.7128,0.00376712,0.000682415,0.144071,3.39533,3.1133
0,41.99353,0.8990642,-1.22124,0.008963516,0.07675176,0.0663819,0.01036986,0.9040784,33.48608,1.203831,0.1276827,0.1440707,483.1766,3.800816
1,19.941,0.593384,-1.36819,0.0169103,,,,,,,,,,
2,43.724472,0.71481809068365,-1.4651099073037,0.021644218688891,-38.597000187148,-38.754711337168,0.1577111500199,-0.00013153331889017,1141.8603346479,-558.78560809521,0,0.14407066666667,-2596799025.3032,-504255.36994079
0,0.5469075,0.6760562134373,-1.947444477864,0.01613655249609,0,0,0,-0.01759646897127,27.27331790518,0,0,0.1440706666667,-227431618.1096,-44162.05921645
2,46.2464841,0.267675560411,-1.61848075567,0.0168830698548,-0.425003770855,-9.92165635093,9.49665258008,-0.0024455002744,15.3879193101,-53.5695590684,0,0.144070666667,-13497218.5994,-2619.65413965
0,0.5609077,0.3500823976367095,-1.915134311339729,0.01759599109531813,0,0,0,-4.459911286636708e-38,14.12295062744633,0,0,0.1440706666666666,-3.068294928498289e+43,-5.958130865554108e+39
0,6.63839,0.336001,-0.580603,0.0183073,4.76815e-05,9.85121e-06,3.78303e-05,0.888939,13.5542,6.67659e-05,1.66812e-05,0.144071,0.053075,2.59794
2,26.738605,0.44056362,-1.5409759,0.009115521,-0.51424866,-0.56428899,0.050040326,3.0032344,26.912931,-5.0145893,0,0.14407067,7103.0903,5.5441429
0,7.59786,0.85001,-0.861892,0.0172661,0.000449981,0.000386873,6.31079e-05,0.95266,34.2755,0.00663312,0.000655862,0.144071,4.64398,3.10988
0,7.38726,0.842191,-0.857627,0.0158726,0.000465935,0.000398422,6.75124e-05,0.952233,33.9597,0.0067683,0.00067541,0.144071,4.35785,3.1023
0,7.60876,0.522087,-0.927996,0.0176327,0.000952082,0.000884256,6.7826e-05,0.924991,21.0419,0.00931206,0.00150121,0.144071,6.86348,3.19649
0,6.63981,0.995555,-0.701964,0.0159648,0.000106851,5.36892e-05,5.31618e-05,0.959482,40.1582,0.00107815,9.09272e-05,0.144071,0.692519,2.85141
0,53.8164181,0.769796039,-1.53949718,0.011607228,0.336809651,0.234272422,0.10253723,-0.721250201,20.5953433,3.6376592,0,0.144070667,-22208.008,-2.77537179
0,29.6683,0.638894,-1.09945,0.00837434,0.0171837,0.0164537,0.000730023,0.927263,25.3312,0.21204,0.0285919,0.144071,74.5564,3.50365
0,39.20312,0.97535026,-1.3263631,0.017929246,0.12691429,0.087327612,0.039586674,0.87307783,34.353631,1.7180562,0.2463032,0.14407067,1980.565,4.2691957
0,65.35964,0.6890275,-1.298323,0.01249735,0.1262103,0.09821353,0.02799672,0.8584316,24.28839,1.365001,0.2464866,0.1440707,993.4396,4.01402
2,16.6323788,0.707278764,-1.60939757,0.0129610972,-0.000391298355,-0.000523481511,0.000132183156,-0.773429618,28.5440563,-0.00746822057,0,0.144070667,-70446.0924,-12.1318403
0,6.84541,0.926974,-0.663303,0.0242778,5.56642e-05,2.14885e-05,3.41756e-05,0.956653,37.3937,0.00040179,3.63898e-05,0.144071,0.393614,2.78366
0,6.08036,0.946747,-0.646238,0.0220608,5.63238e-05,1.89935e-05,3.73303e-05,0.957518,38.1913,0.000362713,3.2164e-05,0.144071,0.322587,2.75636
1,0.29169,0.93837,-1.9927,0.012824,,,,,,,,,,
0,13.2300028,0.5677949888,-1.786557143,0.02416217946,0.1295470909,0.1295098395,3.725143817e-05,-2.133084503,19.93847795,1.483267534,0,0.1440706667,-173668.5019,-32.04516013
2,11.255033,0.37835438,-1.6180388,0.019832092,0.94054546,-0.0069578849,0.94750334,0.19621113,0.907484,-0.053100813,0,0.14407067,9864.6554,6.1743324
0,46.54744,0.2034028,-1.336023,0.01284232,0.1635635,0.153114,0.01044953,0.7278042,6.863491,0.6281986,0.3892913,0.1440707,537.3856,3.931589
0,0.8088412,0.692448796,-1.81352039,0.0206537834,0.0019228436,0.00192281048,3.31170797e-08,12.675351,27.8809101,0.026856494,0,0.144070667,57782.599,15.7655314
0,7.04211,0.431178,-0.913239,0.0181159,0.000769559,0.000712372,5.71866e-05,0.910817,17.3811,0.00619568,0.00120888,0.144071,4.7635,3.16256
0,53.551009,0.2366862,-1.4789711,0.021301437,0.29903612,0.29903504,1.081552e-06,0.65467427,6.693045,1.4276449,1.472105,0.14407067,3654.1256,4.7782526
2,9.5280149,0.893242773312,-1.56633230799,0.0209896265895,-5.4230930503e-05,-5.45062084753e-05,2.75277972295e-07,-0.000473009883012,36.0369667435,-0.00098206595272,0,0.144070666667,-83637842.611,-16239.9710367
0,21.5380842,0.939360648,-1.6451425,0.00856609469,0.64787509,0.588661963,0.0592131268,0.890422833,13.3439461,11.1538168,0,0.144070667,45274.2444,13.1556993
2,33.691304,0.57855902,-1.5446736,0.012237043,0.65200948,-0.28571633,0.9377258,-1.20799,8.1221359,-3.3343248,0,0.14407067,-5588.6835,0.5279006
2,8.6446825,0.6041851544,-1.560429599,0.02390492524,0.31897711,-0.01609173181,0.3350688418,-0.05113994964,16.59919112,-0.1961092173,0,0.1440706667,-330311.3465,-62.72181944
0,63.686754,0.57336388,-1.3761285,0.012507194,0.23679617,0.16455369,0.072242483,0.77095403,17.653305,1.9031066,0.66909201,0.14407067,2184.1408,4.3635196
0,7.65225,0.798731,-0.739806,0.022612,9.92583e-05,6.16277e-05,3.76305e-05,0.950018,32.2191,0.000992892,0.000104379,0.144071,0.912371,2.90346
0,20.3858,0.389269,-1.12828,0.0118588,0.0171879,0.0167171,0.00047078,0.891825,15.4339,0.131261,0.029243,0.144071,68.4061,3.52687
0,17.0007948,0.3119835384,-1.73080985,0.02074686975,0.1283572848,0.0886065221,0.03975076266,-0.3686017339,10.97047294,0.5575997114,0,0.1440706667,-270222.7049,-50.87288298
0,6.35661,0.791076,-0.717491,0.0109349,0.000172146,9.56805e-05,7.64658e-05,0.949512,31.9079,0.00152675,0.000162053,0.144071,0.678743,2.8659
0,60.42153,0.940276,-1.180648,0.02465658,0.01679696,0.01523295,0.00156401,0.94625,37.29527,0.2889113,0.02755716,0.1440707,305.2478,3.702075
0,14.1635,0.358771,-1.05097,0.0214528,0.00360361,0.00349735,0.000106261,0.893019,14.4213,0.0253094,0.00598824,0.144071,23.6464,3.38629
0,35.4498961,0.4007410165,-1.830471188,0.01975559822,0.9978912133,0.7103962567,0.2874949565,0.00382356224,0.0340919327,5.742349614,0,0.1440706667,291200.889,61.19162867
0,6.34296,0.635044,-0.607811,0.020034,5.19783e-05,1.27675e-05,3.92108e-05,0.937979,25.6175,0.000163545,2.16201e-05,0.144071,0.134836,2.67307
2,0.955341,0.2598489850332,-1.957604334372,0.01265167074202,-0.01086730361399,-0.01086736023182,5.661782372449e-08,-0.001784866493423,10.59669270934,-0.05696003645905,0,0.1440706666667,-992611282.321,-192747.5991529
0,59.96082,0.9920242,-1.235185,0.01522198,0.05527755,0.04524206,0.01003549,0.9226486,37.80782,0.9052943,0.08993552,0.1440707,639.4184,3.859497
0,7.90057,0.76413,-0.87782,0.0175062,0.000531877,0.000468074,6.38029e-05,0.947595,30.81,0.00721452,0.00079372,0.144071,5.1495,3.13122
0,54.72063,0.5401475,-1.19765,0.01818972,0.02660088,0.02531748,0.001283404,0.9107746,21.21087,0.2758404,0.04647166,0.1440707,224.3877,3.687563
0,6.51793,0.893985,-0.650375,0.0157738,8.00637e-05,2.80128e-05,5.20509e-05,0.95511,36.0621,0.000505141,4.74384e-05,0.144071,0.322034,2.7604
2,32.13954,0.9175481,-1.5066189,0.01382317,0.06612061,-1.1866231,1.2527438,1.9097232,34.568043,-21.961744,0,0.14407067,9228.2851,5.9359132
0,0.5475432,0.7163055562558869,-1.65266683042384,0.02188903910583968,0,0,0,-3.95140012433206e-25,28.89704844762117,0,0,0.1440706666666666,-2.433547006931797e+29,-4.725553401045959e+25
0,44.592611,0.25915278,-1.4459831,0.0089855083,0.49435894,0.34086884,0.1534901,0.51941515,5.286319,1.7818385,2.2844578,0.14407067,2381.2329,4.4760855
0,31.7908,0.815754,-1.06583,0.0152892,0.00625446,0.00592096,0.000333499,0.947011,32.7031,0.0974264,0.0101693,0.144071,61.1997,3.4573
2,38.6439254,0.5933180257,-1.800639822,0.01633990624,0.06702991473,-1.873104931,1.940134846,1.303490274,22.33111601,-22.41686212,0,0.1440706667,381416.2652,78.69402645
0,12.46584,0.7764756,-1.400323,0.01970107,0.00415726,5.756838e-05,0.004099691,5.485709,31.19419,0.000901648,0,0.1440707,740.1058,4.051701
0,7.82174,0.800553,-0.855422,0.0112963,0.000637001,0.000544164,9.28364e-05,0.949777,32.2752,0.00878709,0.000922522,0.144071,4.03641,3.09609
1,0.76981,0.59116,-1.8824,0.024477,,,,,,,,,,
0,49.99616,0.4080106,-1.229222,0.01417023,0.049077,0.0470523,0.002024705,0.8753745,15.65208,0.3872375,0.08948636,0.1440707,258.4337,3.733004
2,20.2802974,0.7483311463,-1.717938528,0.02138826815,-82.72721981,-83.42273483,0.6955150229,76.09733509,2527.642553,-1259.225225,0,0.1440706667,255621.9262,54.16354292
2,8.143978,0.9100546,-1.41173,0.01656989,0.03284164,-0.05267129,0.08551293,5.84664,35.50751,-0.9668666,0,0.1440707,915.1582,4.108008
1,0.33742,0.98265,-1.8033,0.012105,,,,,,,,,,
0,60.894369,0.83315589,-1.2983053,0.010888814,0.14626276,0.10961689,0.036645872,0.85344864,28.694962,1.8421667,0.28283474,0.14407067,1180.2634,4.0591345
0,7.324287,0.5200821,-1.430368,0.01422635,0.006044925,0.0003866711,0.005658254,5.020661,20.85421,0.004056381,0,0.1440707,795.2207,4.096139
0,7.59635,0.364653,-0.913532,0.0172986,0.000804741,0.00074882,5.59213e-05,0.896288,14.6989,0.00550786,0.00127076,0.144071,4.10913,3.15513
0,60.36,0.7714696,-1.185524,0.01043184,0.04084149,0.03791059,0.002930903,0.9216237,29.85138,0.5899355,0.06934408,0.1440707,267.0659,3.692671
0,11.2643,0.922204,-0.671575,0.0222374,6.34264e-05,2.609e-05,3.73365e-05,0.956433,37.201,0.000485317,4.41823e-05,0.144071,0.435581,2.79714
2,41.2848784,0.317007165,-1.60161182,0.023693857,-0.333294068,-0.37716531,0.0438712425,2.21090171,17.0510132,-2.41171504,0,0.144070667,13320.1891,6.84434528
0,23.6401106,0.633765308,-1.71455548,0.0107783374,0.676050787,0.474506858,0.201543929,0.668778544,8.2824831,6.06591229,0,0.144070667,91255.273,22.189897
0,28.9537657,0.53240013,-1.69258114,0.0247934769,0.750093645,0.630166845,0.1199268,0.412515416,5.36748228,6.76735367,0,0.144070667,72298.2027,18.4748022
0,6.17253,0.331243,-0.506608,0.0141971,5.33462e-05,4.9107e-06,4.84354e-05,0.88752,13.3622,3.28107e-05,8.31522e-06,0.144071,0.0202587,2.47445
1,0.29054,0.96827,-1.959,0.0086769,,,,,,,,,,
0,6.34204,0.781023,-0.707121,0.0228309,7.64471e-05,4.01142e-05,3.6333e-05,0.948958,31.5055,0.000631956,6.79359e-05,0.144071,0.586946,2.84804
0,32.7205673,0.8287467112,-1.709367891,0.01287574683,0.6280625889,0.3762199022,0.2518426867,0.685548789,12.4350303,6.289103684,0,0.1440706667,125040.1646,28.7613713
0,7.84917,0.654889,-0.973641,0.0249636,0.00119156,0.00112056,7.10003e-05,0.939011,26.3879,0.0148023,0.00190583,0.144071,15.2392,3.28475
0,7.43335,0.423168,-0.866794,0.0109382,0.000731925,0.000650265,8.16603e-05,0.909314,17.0589,0.00555046,0.00110257,0.144071,2.57884,3.08416
0,10.5312,0.337371,-0.649649,0.0211299,5.39327e-05,2.07191e-05,3.32136e-05,0.889336,13.6094,0.000140995,3.50852e-05,0.144071,0.12931,2.71276
0,50.080822,0.95921608,-1.5029315,0.01746529,0.16147199,0.10485184,0.056620151,-1.7642089,32.448094,2.0286993,0,0.14407067,-8943.0615,-0.18936386
0,47.21287,0.8662289,-1.208078,0.02070258,0.02844387,0.02524179,0.003202079,0.9350464,33.95125,0.4410401,0.0466831,0.1440707,399.9854,3.761791
0,7.65089,0.422838,-0.962581,0.0152975,0.00167168,0.0015869,8.47863e-05,0.908656,17.0295,0.0135347,0.00269821,0.144071,8.81732,3.24433
0,5.47675,0.977266,-0.548092,0.0217358,4.28873e-05,5.46475e-06,3.74226e-05,0.958798,39.423,0.000107723,9.25363e-06,0.144071,0.0942641,2.59495
0,5.67692,0.753252,-0.624775,0.0137024,8.20632e-05,2.32113e-05,5.88519e-05,0.947174,30.3851,0.000352666,3.93063e-05,0.144071,0.196936,2.70951
0,7.70948,0.361999,-0.878836,0.012105,0.000757613,0.000685763,7.18506e-05,0.89564,14.5926,0.00500734,0.00116295,0.144071,2.61435,3.09691
0,20.4085246,0.4590377997,-1.74293957,0.02321461391,0.2869891394,0.2162760174,0.07071312199,1.398183189,13.20382502,2.002543614,0,0.1440706667,100196.9569,23.95941411
0,21.0072531,0.783391385,-1.69398822,0.0181123586,0.36519072,0.0995111279,0.265679592,-2.24832916,20.0621385,1.57244553,0,0.144070667,-50485.1603,-8.15404152
0,11.72459,0.5621526,-1.155494,0.01972406,0.01467531,0.01407488,0.0006004326,0.9211,22.34543,0.1595967,0.02493738,0.1440707,136.0086,3.60252
0,7.24216,0.95101,-0.760282,0.0233378,0.000115818,7.76696e-05,3.81482e-05,0.957662,38.361,0.00148991,0.000131559,0.144071,1.40183,2.9461
2,15.7608533,0.773379929701,-1.77357416328,0.024814608016,-128.283299019,-128.329860442,0.0465614231663,-0.990910287886,4033.5782755,-2001.9157196,0,0.144070666667,-64013035.0317,-12428.9308703
0,28.2650281,0.511047318,-1.6651873,0.0126197477,0.913650906,0.811488464,0.102162442,0.15866045,1.78022159,8.3650518,0,0.144070667,43851.7964,12.8978875
2,1.2823458,0.3462276117726,-1.942776193432,0.01996551255395,0.6605425434266,-0.398608735107,1.059151278534,-0.005383820777297,4.741352222427,-2.783772127377,0,0.1440706666667,-121704951.5259,-23631.62871106
0,25.3372,0.457247,-1.04491,0.00962083,0.00747668,0.00721042,0.00026626,0.911183,18.3082,0.0665023,0.0123523,0.144071,27.2168,3.38814
0,6.76421,0.39972,-0.716122,0.0107162,0.000165185,9.59342e-05,6.92513e-05,0.904883,16.1227,0.000773489,0.000162478,0.144071,0.353604,2.83096
0,91.034815,0.38086576,-1.4976535,0.019550712,0.37866709,0.25037437,0.12829272,0.64047564,9.54666,1.9234769,2.0389378,0.14407067,6772.5576,5.434188
0,8.08779,0.251483,-0.628773,0.00846376,0.000114069,3.95609e-05,7.45076e-05,0.856921,10.1441,0.000200678,6.69888e-05,0.144071,0.0765027,2.6649
0,24.5698,0.842897,-1.08418,0.0152506,0.00791311,0.00748129,0.000431815,0.947427,33.7349,0.127197,0.0129048,0.144071,79.8749,3.49296
1,0.41092,0.56794,-1.9842,0.018948,,,,,,,,,,
1,114.5871,0.5571132,-1.297604,0.01794006,,,,,,,,,,
0,7.23777,0.526506,-0.75227,0.0195993,0.000124434,8.34427e-05,4.09912e-05,0.926098,21.2375,0.000886169,0.000141333,0.144071,0.72405,2.90401
0,12.8038,0.979067,-0.989008,0.0165497,0.00221401,0.00205712,0.000156894,0.957455,39.4099,0.0406253,0.00350207,0.144071,27.1919,3.33219
0,12.438,0.571596,-0.666535,0.0118679,0.000111981,4.58218e-05,6.61591e-05,0.931531,23.0566,0.000528307,7.75967e-05,0.144071,0.259809,2.76552
0,7.42827,0.744331,-0.73339,0.0161964,0.000131003,7.9234e-05,5.17688e-05,0.946544,30.0237,0.0011896,0.000134199,0.144071,0.785827,2.88935
0,39.2303,0.939935,-1.03221,0.00986896,0.00637536,0.00598006,0.0003953,0.953104,37.6769,0.113378,0.0102293,0.144071,45.4873,3.40538
0,25.2868743,0.46530407096,-1.4947387289,0.013658593043,0.36298594629,0.32214790239,0.040838043894,-0.00064885788522,11.957517693,3.0235512231,0,0.14407066667,-8065575.3319,-1565.0144415
0,22.8720222,0.582888572,-1.71173915,0.011791012,0.459330697,0.328138521,0.131192176,1.08019381,12.7137135,3.85805068,0,0.144070667,83644.9466,20.7048044
1,0.379,0.92111,-1.8244,0.011319,,,,,,,,,,
0,62.27361,0.7248558,-1.243178,0.02061688,0.0430578,0.03720266,0.00585514,0.916999,27.98288,0.5439396,0.07358096,0.1440707,527.6541,3.835915
0,8.6152,0.813399,-0.725296,0.0118059,0.000169415,9.79667e-05,7.14484e-05,0.950828,32.8084,0.00160734,0.000165925,0.144071,0.770426,2.88023
2,9.8953257,0.531325106879735,-1.52195812230359,0.0201396421943327,-470.355875608761,-470.436668394848,0.0807927860872155,-0.000262813908517859,10103.3274669465,-5041.81231125416,0,0.144070666666667,-23867223620.9282,-4634626.7329561
0,53.376847,0.42249553,-1.4174583,0.01823882,0.30696206,0.17610015,0.13086191,0.69843202,11.812295,1.5007454,0.78019907,0.14407067,2743.1506,4.5251093
0,7.10232,0.656865,-0.674695,0.0195792,7.1925e-05,3.08436e-05,4.10813e-05,0.939902,26.4972,0.000408664,5.22329e-05,0.144071,0.32862,2.78577
0,59.070817,0.28657979,-1.4786829,0.013202368,0.42328694,0.42328491,2.0315243e-06,0.58194999,6.6674614,2.4468284,2.3664009,0.14407067,4079.9263,4.8663115
0,6.17612,0.675647,-0.68046,0.0212505,6.85008e-05,3.06016e-05,3.78992e-05,0.941476,27.2549,0.00041705,5.18235e-05,0.144071,0.363387,2.7967
0,47.268253,0.32091856,-1.4384788,0.021556199,0.22845579,0.22845463,1.1571023e-06,0.73443924,9.9887426,1.4788359,0.8647518,0.14407067,2889.7212,4.577266
0,7.35249,0.947209,-0.814208,0.0123576,0.000372198,0.000293107,7.9091e-05,0.957333,38.1979,0.00560012,0.000496669,0.144071,2.79136,3.03568
0,52.4386014,0.993075899,-1.58907074,0.0096093497,0.818777638,0.589800921,0.228976717,0.260565728,7.26021353,11.8144378,13.4226602,0.144070667,40963.9684,12.2575013
0,0.5498689,0.2960138535187422,-1.991392555235322,0.01826262262217005,0,0,0,-2.485455180623446e-15,11.94172876587655,0,0,0.1440706666666666,-1.239828539822921e+21,-2.407545840037373e+17
2,12.3370079,0.3752946452,-1.684216878,0.009031217779,0.5142994791,-0.2024438927,0.7167433718,-0.1004300224,7.353533974,-1.532506121,0,0.1440706667,-365401.2575,-69.41711107
0,47.50481,0.4752276,-1.320023,0.0130176,0.1425259,0.1148644,0.02766154,0.8250658,16.43909,1.101063,0.3127054,0.1440707,924.47,4.01863
0,12.2417,0.699999,-0.997106,0.0188084,0.00212594,0.0020073,0.000118633,0.942067,28.1792,0.0283424,0.00341932,0.144071,21.9268,3.32821
0,7.65533,0.713733,-0.75857,0.0111429,0.000235557,0.000159125,7.6432e-05,0.944315,28.7865,0.00229087,0.000269544,0.144071,1.04361,2.92915
0,7.91687,0.604425,-0.802456,0.0224565,0.000361732,0.000138647,0.000223085,0.93495,24.3748,0.00169035,0.00023502,0.144071,1.56833,2.99407
1,0.2974,0.68411,-1.8607,0.017124,,,,,,,,,,
1,0.38591,0.68862,-1.9246,0.016455,,,,,,,,,,
0,7.32124,0.388561,-0.909093,0.0103244,0.00127967,0.00118496,9.47058e-05,0.901719,15.6552,0.00928727,0.00201118,0.144071,4.10903,3.15069
0,28.302637,0.5321254,-1.4287983,0.01385737,0.96535796,0.5682204,0.39713756,0.058236262,0.74365695,6.0989628,0,0.14407067,2395.9502,4.4620751
0,7.2345,0.20422,-0.57244,0.019169,0.0089249,8.406e-06,0.0089165,0.8282,8.1649,3.4626e-05,1.4347e-05,0.14407,0.030902,2.562
1,0.40643,0.88619,-1.8578,0.0085882,,,,,,,,,,
0,6.98452,0.296713,-0.623059,0.0154778,6.35012e-05,2.01018e-05,4.33994e-05,0.87605,11.9692,0.000120309,3.40394e-05,0.144071,0.0820472,2.66278
2,2.0923167,0.344323382,-1.56749443,0.0138282688,-0.00507724769,-0.00507724774,5.49387445e-11,-0.510561566,13.9611477,-0.0352630636,0,0.144070667,-30470.5767,-4.36808401
0,13.2127,0.916995,-0.99338,0.0147424,0.00261652,0.00244129,0.000175229,0.954535,36.8964,0.0451556,0.00415847,0.144071,27.0105,3.33618
0,6.28522,0.354014,-0.69077,0.0200826,7.2499e-05,3.69668e-05,3.55322e-05,0.893974,14.2805,0.000263971,6.26026e-05,0.144071,0.228911,2.78324
2,21.0979038,0.444829662,-1.69793354,0.021999012,-19.7825944,-19.8161787,0.0335843631,39.3231946,372.948329,-177.802892,0,0.144070667,56448.8418,15.3897506
0,54.60356,0.3885448,-1.250896,0.02417228,0.03748195,0.03558182,0.001900132,0.8786668,15.08708,0.2788652,0.06929884,0.1440707,327.8399,3.780379
0,57.2333,0.369108,-1.11578,0.0242198,0.00722618,0.00703532,0.000190857,0.89337,14.7829,0.0523796,0.0121937,0.144071,55.7019,3.50134
0,7.79324,0.850956,-0.956441,0.0199501,0.00121562,0.00112495,9.06666e-05,0.952212,34.2874,0.0193093,0.00191204,0.144071,15.656,3.26901
2,38.031534,0.5213642133,-1.655562657,0.01591065779,-21.09437621,-21.86388688,0.7695106679,-1.91947673,464.705838,-229.929005,0,0.1440706667,-836154.923,-160.9010236
0,6.7513,0.21475,-0.52642,0.013984,4.7706e-05,6.4309e-06,4.1275e-05,0.8365,8.6629,2.7856e-05,1.0888e-05,0.14407,0.017974,2.4881
2,17.599889,0.61949093,-1.6020735,0.018635106,-6.8143948,-6.8143963,1.4955429e-06,-64.813678,195.29246,-85.15056,0,0.14407067,-5235.0851,0.65732197
0,7.559,0.350062,-0.841236,0.0158507,0.000373554,0.000323301,5.02534e-05,0.892718,14.1169,0.00228285,0.000547931,0.144071,1.56544,3.03276
2,15.9307145,0.534485197,-1.63611887,0.01299536,0.0118349574,-0.0177790869,0.0296140444,2.57293112,21.3069032,-0.191677133,0,0.144070667,22280.1194,8.64515727
0,4.930369,0.6532596,-1.462953,0.01979938,0.2296338,0.17315,0.0564838,6.409229,20.30197,2.281568,0,0.1440707,921.643,4.160854
0,6.79817,0.384558,-0.609883,0.0130895,7.50265e-05,2.00685e-05,5.4958e-05,0.901562,15.5126,0.000155669,3.39832e-05,0.144071,0.0872392,2.65276
0,6.28674,0.705202,-0.702625,0.0219702,7.65505e-05,3.93468e-05,3.72037e-05,0.943784,28.4469,0.000559691,6.66357e-05,0.144071,0.502969,2.8356
2,9.6994371,0.8602962255333,-1.3786843876686,0.022487998895146,-0.060162454924948,-0.08784737797728,0.027684923052332,-2.8173659121124e-06,36.793881345518,-1.5244107102622,0,0.14407066666667,-1287281124.2101,-249968.29318061
0,30.7216,0.959657,-1.06654,0.0227495,0.00427933,0.00401773,0.000261594,0.955312,38.5486,0.0777719,0.00689725,0.144071,72.1688,3.46861
0,7.75304,0.992602,-0.89224,0.0151985,0.000734559,0.000648629,8.59309e-05,0.958958,40.0139,0.0129866,0.00110027,0.144071,7.9533,3.16852
2,30.851238,0.56206223,-1.4116616,0.013436889,-0.86654978,-0.87633486,0.0097850825,3.4469498,42.323263,-9.9352698,0,0.14407067,1848.6176,4.3253298
0,21.9109108,0.848936937,-1.68520813,0.0148700747,0.28165322,0.0880094461,0.193643774,1.51805796,24.6016789,1.50705773,0,0.144070667,81911.2415,20.3405398
0,42.50836,0.3698419,-1.276453,0.0142468,0.08385809,0.07815676,0.005701333,0.8443588,13.66891,0.5830527,0.1632664,0.1440707,429.1986,3.839461
0,56.223524,0.42762735,-1.4037467,0.014310439,0.26314071,0.18093908,0.082201632,0.73172935,12.711746,1.5607129,0.83379582,0.14407067,2362.679,4.4298444
0,8.28077,0.755012,-0.955269,0.0191339,0.00124319,0.00115549,8.77038e-05,0.946539,30.4207,0.0175972,0.00196382,0.144071,13.7649,3.26086
0,96.939133,0.8613895,-1.4635001,0.011618907,0.48723701,0.32714194,0.16009508,0.58984913,17.818511,5.6840902,2.2124745,0.14407067,8851.387,5.8174643
0,5.82445,0.852283,-0.681865,0.0115937,0.000128441,5.71105e-05,7.13301e-05,0.952988,34.3782,0.000981803,9.67198e-05,0.144071,0.461073,2.81036
0,54.18492,0.7825657,-1.24281,0.01966498,0.04572085,0.03882223,0.00689862,0.9189728,30.12669,0.6128109,0.07677897,0.1440707,564.1855,3.846081
0,31.3577418,0.3283067947,-1.797320056,0.01885108898,0.7856730856,0.5188004383,0.2668726474,0.3764200844,2.83864935,3.435622006,0,0.1440706667,160885.3146,35.82282126
0,0.51762,0.2133245439596005,-1.988517666488337,0.01436364303629753,0,0,0,-1.122756741243259e-07,8.605893990392465,0,0,0.1440706666666666,-19062210986319.07,-3701572054.234404
0,0.5291772,0.72183665,-1.7840441,0.023333467,0,0,0,80.021953,29.120183,0,0,0.14407067,6546.4119,5.6749197
0,86.9137535,0.434461294,-1.54841372,0.0198749322,0.458379618,0.310697539,0.14768208,0.693504061,9.49295139,2.72278955,0,0.144070667,11937.6595,6.51705175
0,6.91477,0.791157,-0.814816,0.0175501,0.000261704,0.000208019,5.36853e-05,0.949459,31.9083,0.00331963,0.000352466,0.144071,2.36952,3.02779
0,162.4454,0.7402971,-1.272172,0.01320779,0.09328031,0.07546904,0.01781127,0.8844696,27.0791,1.126938,0.1666872,0.1440707,768.2828,3.930941
0,5.24099,0.834398,-0.581703,0.0139035,7.10356e-05,1.31556e-05,5.788e-05,0.952067,33.6587,0.000221416,2.22773e-05,0.144071,0.124812,2.64299
0,33.3315007,0.293778863,-1.67201457,0.0242692727,0.404008491,0.294855123,0.109153368,0.891362754,7.06343225,1.74724737,0,0.144070667,33808.7333,10.9411505
0,47.6731,0.60783701,-1.3451423,0.012851288,0.18960676,0.13749714,0.052109621,0.80825632,19.871842,1.6857997,0.43736519,0.14407067,1575.1329,4.1974779
0,103.3537,0.9867708,-1.265749,0.02368582,0.05168698,0.03951636,0.01217062,0.9249879,37.75054,0.7865357,0.08558744,0.1440707,943.0245,3.96898
0,33.441246,0.406179902,-1.67910496,0.024881659,0.803364187,0.645566414,0.157797774,0.291954513,3.22207922,5.2891335,0,0.144070667,51575.3256,14.4199249
0,22.1012,0.486916,-1.12854,0.00979233,0.0209303,0.0202294,0.000700836,0.90727,19.2319,0.198684,0.0355311,0.144071,84.0656,3.54076
0,18.8012298,0.388253972,-1.77915044,0.0101017607,0.567734209,0.464731547,0.103002662,-9.52189293,6.77051869,3.63951264,0,0.144070667,-12012.0703,-0.524256244
0,19.134,0.229686,-1.09239,0.0227138,0.0056924,0.00558565,0.000106746,0.842065,9.21319,0.0258782,0.00962753,0.144071,27.2713,3.43573
2,36.39495,0.8608432,-1.366427,0.008365447,-0.6200483,-0.6434771,0.0234288,9.103063,56.26096,-11.17332,0,0.1440707,520.4521,3.957059
0,6.30116,0.683903,-0.641675,0.0228697,5.2164e-05,1.72788e-05,3.48852e-05,0.942151,27.5885,0.000238361,2.92601e-05,0.144071,0.223347,2.73288
0,7.14483,0.479536,-0.672274,0.0243619,5.54394e-05,2.40299e-05,3.14095e-05,0.919493,19.3443,0.000232433,4.06932e-05,0.144071,0.237725,2.76669
0,19.0094689,0.88711782553,-1.5387530959,0.0152868434189,0.075006579279,0.034979468111,0.0400271111681,-0.000742355901768,33.1035916263,0.625921223715,0,0.144070666667,-34350939.385,-6669.23605377
0,1.057796,0.7001530201,-1.898655615,0.01637655232,0.004153341773,0.004153181347,1.604259944e-07,14.27831235,28.12811332,0.05865418867,0,0.1440706667,154467.1352,34.67575873
2,15.2511642,0.3647837402,-1.822390733,0.01101833085,-0.01353974262,-0.01355905766,1.931503496e-05,2.643684886,14.91528035,-0.09976774358,0,0.1440706667,166094.2459,36.86101911
0,5.94599,0.668447,-0.581175,0.00918847,0.000105493,1.97714e-05,8.57212e-05,0.940859,26.9635,0.000266581,3.34807e-05,0.144071,0.100491,2.63132
0,5.80031,0.88508,-0.530089,0.0131642,6.82425e-05,7.16015e-06,6.10824e-05,0.954687,35.7033,0.000127829,1.21246e-05,0.144071,0.0680373,2.56019
0,61.03628,0.6213228,-1.248807,0.01986213,0.04678959,0.0413528,0.005436791,0.906158,23.89248,0.5182596,0.08210342,0.1440707,490.0967,3.830457
2,3.735761,0.8747679,-1.383962,0.01164996,0.8953622,-0.002068367,0.8974306,1.651912,3.692637,-0.03649603,0,0.1440707,235.7926,3.878637
0,5.35096,0.920529,-0.547735,0.0242784,3.81344e-05,4.87011e-06,3.32643e-05,0.956374,37.1344,9.04276e-05,8.24669e-06,0.144071,0.0886106,2.59141
2,0.9245924,0.3457583907,-1.907256452,0.011000981,0.05486395683,0.05486395683,-6.245004514e-17,-1.582249213,13.18324186,0.3826352924,0,0.1440706667,-729623.8134,-139.9557144
0,57.8074,0.979525,-1.03187,0.0109471,0.00573627,0.00536892,0.000367353,0.955174,39.2891,0.106078,0.00918206,0.144071,47.1267,3.40718
0,18.7745369,0.8590027895,-1.808262169,0.01042785307,0.3279075962,0.2168498244,0.1110577718,-3.554367828,23.29049545,3.757325496,0,0.1440706667,-160891.7527,-29.53849126
1,0.4249,0.73492,-1.9555,0.017251,,,,,,,,,,
0,7.34749,0.474838,-0.826588,0.0108965,0.000467992,0.000389663,7.83289e-05,0.9185,19.1468,0.00373215,0.000660358,0.144071,1.70971,3.02267
0,45.258557,0.71577107,-1.3795626,0.02394382,0.65599943,0.064677983,0.59132145,0.77389517,9.9331836,0.9338041,0,0.14407067,1279.5186,4.1638146
0,38.6454,0.743701,-1.05564,0.0231974,0.00361436,0.00343337,0.000180998,0.944246,29.8938,0.0515043,0.00588,0.144071,49.2208,3.43359
0,7.20071,0.68678,-0.856303,0.0141856,0.000509261,0.000438288,7.09737e-05,0.942085,27.6918,0.00607159,0.000742985,0.144071,3.53124,3.09
0,7.67526,0.890877,-0.758158,0.0129423,0.000204279,0.000136281,6.79986e-05,0.95488,35.9322,0.00244893,0.000230845,0.144071,1.28145,2.93934
0,6.03269,0.95756,-0.64289,0.0223651,5.48301e-05,1.79465e-05,3.68837e-05,0.957978,38.6276,0.000346633,3.03909e-05,0.144071,0.312387,2.75135
0,35.087084,0.61570969,-1.327502,0.017782347,0.11962874,0.088939924,0.030688813,0.85674945,21.867393,1.1045819,0.2519975,0.14407067,1303.6644,4.1174032
2,13.736427,0.99697748,-1.3445755,0.021758636,-0.93549289,-1.2537884,0.31829551,-1.3791112,77.845246,-25.213595,0,0.14407067,-3590.0382,0.73864789
2,17.2381393,0.9028562888,-1.743994712,0.01963690027,-46.47108256,-51.22786221,4.756779654,97.30669499,1729.031595,-932.9320877,0,0.1440706667,191101.9457,41.64591906
0,8.4316121,0.28985456,-1.513646,0.020082739,0.0061647696,0.00085813007,0.0053066395,3.1454128,11.621166,0.0050171655,0,0.14407067,2061.5264,4.4742587
0,7.54828,0.655365,-0.908444,0.0183567,0.00072645,0.000661109,6.53408e-05,0.939351,26.4194,0.0087394,0.00112175,0.144071,6.6012,3.17488
2,24.6473905,0.7741549917,-1.716169958,0.008476289141,0.9350933312,-0.02326191387,0.958355245,-0.07054879749,2.027087079,-0.3632440693,0,0.1440706667,-216156.7525,-40.37732147
0,7.50322,0.894277,-0.780365,0.0139531,0.000233105,0.000168118,6.49873e-05,0.955025,36.0683,0.00303257,0.0002848,0.144071,1.71065,2.97647
2,17.995686,0.36914408,-1.5709658,0.021138233,-0.32352526,-0.44172327,0.11819802,3.1525623,19.70985,-3.2890567,0,0.14407067,7284.3689,5.610629
0,15.224293,0.80401968,-1.5336243,0.02109137,0.68339051,0.11329488,0.57009563,0.97295403,10.269417,1.8373934,0,0.14407067,7612.3407,5.6392372
2,43.4462192,0.4956051412478,-1.451176010596,0.01593300098806,-41.8503511467,-42.04575022463,0.1953990779335,-0.001887543373023,856.732721342,-420.3229267305,0,0.1440706666667,-113522006.2735,-22043.12154975
0,33.5824,0.503714,-1.10783,0.021788,0.00732192,0.00706851,0.00025341,0.91842,20.1719,0.0718186,0.012238,0.144071,66.7535,3.50483
0,6.48192,0.57375,-0.755631,0.0140319,0.000180018,0.000121687,5.83307e-05,0.931726,23.1419,0.00140829,0.000206118,0.144071,0.818804,2.91371
0,7.42373,0.653286,-0.738555,0.00851667,0.000257965,0.000161005,9.69596e-05,0.939473,26.3479,0.00212162,0.000272715,0.144071,0.742468,2.89159
0,7.08064,0.335262,-0.973538,0.0111671,0.00260923,0.0025,0.000109229,0.887124,13.4898,0.0169063,0.00425479,0.144071,8.23524,3.25166
0,26.5855,0.977419,-1.0597,0.0128186,0.00696052,0.00652811,0.000432413,0.954289,39.1564,0.128704,0.0112106,0.144071,67.2091,3.45715
0,5.61185,0.949006,-0.634235,0.0134565,8.76692e-05,2.66889e-05,6.09803e-05,0.957595,38.2813,0.000510888,4.51959e-05,0.144071,0.277124,2.73654
0,59.3635,0.2210625,-1.335475,0.02397498,0.08946797,0.08170339,0.007764584,0.7856037,8.120176,0.3643177,0.2070639,0.1440707,584.8734,3.944614
0,23.6142696,0.544902146,-1.72199403,0.0131210999,0.638209651,0.502532171,0.13567748,0.712107334,7.95299413,5.52341351,0,0.144070667,90544.172,22.0588493
0,7.00916,0.680837,-0.901781,0.0177017,0.000696209,0.000629432,6.67771e-05,0.941491,27.4471,0.00864405,0.00106784,0.144071,6.28114,3.16561
0,27.1296,0.391627,-1.08745,0.0208326,0.0058883,0.00571945,0.000168851,0.899502,15.7059,0.0451806,0.00985158,0.144071,40.8458,3.45418
0,7.09908,0.614153,-0.932275,0.0171615,0.00103626,0.000959709,7.65524e-05,0.935373,24.7504,0.0118889,0.00162959,0.144071,8.43466,3.21167
1,0.5221,0.92339,-1.9753,0.022877,,,,,,,,,,
0,6.67269,0.685527,-0.81141,0.0196486,0.000224062,0.000177856,4.62062e-05,0.94217,27.6492,0.00245934,0.000301344,0.144071,1.98055,3.0151
