Error,time,CO2share,E_appl,v,X_tot,X_het,X_hom,FE,CO2_out,CO_out,H2_out,delP,CD,Vcell
2,17.850822,0.76226345,-1.5554107,0.013790553,-0.29425178,-26.268111,25.973859,4.371183,39.79963,-403.88629,0,0.14407067,8687.1871,5.8765279
0,6.87428,0.834178,-0.829758,0.0122282,0.000442292,0.000361645,8.06464e-05,0.951815,33.6373,0.00608508,0.000612894,0.144071,3.01894,3.0553
2,1.0869819,0.2265541969,-1.990748521,0.02337564634,0.4792815602,-0.08031236509,0.5595939253,-1.574515038,4.759159227,-0.3670115211,0,0.1440706667,-773554.7767,-148.4059067
0,14.697544,0.86592897,-1.5216709,0.01303728,0.0047401231,0.0012615902,0.0034785329,3.5082112,34.767537,0.022035643,0,0.14407067,6130.1627,5.3283421
0,6.6717,0.951239,-0.865423,0.0142992,0.000568671,0.00048876,7.99102e-05,0.957377,38.3528,0.00937801,0.000828682,0.144071,5.41069,3.12141
0,63.81407,0.8365319,-1.233323,0.02032468,0.03956664,0.03376965,0.005796993,0.9261265,32.41193,0.5698155,0.06576385,0.1440707,533.191,3.827672
2,1.4084833,0.388373660323423,-1.929558695244152,0.01133018804445165,-56.56429733534279,-56.56429741282125,7.747845387484631e-08,-1.889409818864447e-06,901.8994915793957,-443.1159020406152,0,0.1440706666666666,-55666702958865.95,-10809570422.23351
0,43.0488,0.55111,-1.08847,0.0200532,0.0062557,0.00601887,0.000236823,0.925231,22.0937,0.066908,0.0103694,0.144071,56.5968,3.47502
2,17.6059226,0.6891460038,-1.838651136,0.02182756382,-0.9283778389,-3.632158902,2.703781063,4.092340219,53.6115718,-50.48952125,0,0.1440706667,475255.8169,96.96545818
0,0.5981269,0.6006470921657505,-1.974497505369705,0.01643457204404877,0,0,0,-1.217700276549937e-200,24.23117895798651,0,0,0.1440706666666666,-4.13319963927049e+206,-8.026003014086832e+202
0,8.81443,0.590937,-1.00106,0.0218977,0.00190729,0.00181314,9.41586e-05,0.932469,23.794,0.0216121,0.00308994,0.144071,19.6797,3.32617
0,7.25047,0.830963,-0.904916,0.0194037,0.000664601,0.00059778,6.68211e-05,0.951494,33.5003,0.0100196,0.00101421,0.144071,7.89753,3.18082
0,56.53794,0.5143981,-1.273599,0.01200173,0.09903825,0.08712767,0.01191058,0.8595842,18.69652,0.9040254,0.1868306,0.1440707,555.9065,3.874503
0,8.6957427,0.553588769,-1.61268089,0.0249095017,0.140234306,0.00340366476,0.136830641,3.35540019,19.2009426,0.0380066174,0,0.144070667,11393.4718,6.47324911
0,7.54656,0.838012,-0.92629,0.0165993,0.00100719,0.000918923,8.82704e-05,0.951657,33.7728,0.015533,0.00156012,0.144071,10.4754,3.21721
0,0.5069754,0.768354836,-1.76209357,0.0241246852,0,0,0,15.0675165,30.9968096,0,0,0.144070667,27915.3916,9.87699629
0,5.47717,0.835518,-0.549628,0.0155285,5.96852e-05,7.80158e-06,5.18837e-05,0.952136,33.7043,0.000131481,1.32108e-05,0.144071,0.0827715,2.5898
0,51.142848,0.3709849,-1.4338675,0.01508153,0.29434869,0.29434688,1.8148057e-06,0.69985505,10.560915,2.2026264,1.1649157,0.14407067,3021.8346,4.600606
0,6.46754,0.493925,-0.69,0.0228463,6.58637e-05,3.2175e-05,3.36887e-05,0.921647,19.9245,0.000320556,5.44881e-05,0.144071,0.306745,2.79753
1,0.30118,0.711,-1.852,0.018847,,,,,,,,,,
1,0.28434,0.96857,-1.8623,0.024699,,,,,,,,,,
0,7.63058,0.784867,-0.940064,0.0170741,0.00115634,0.00106577,9.05761e-05,0.948496,31.6263,0.0168727,0.00181029,0.144071,11.7473,3.23712
0,50.42961,0.2462523,-1.281746,0.01753285,0.1234013,0.1214701,0.001931198,0.8033413,8.708358,0.6033576,0.1419984,0.1440707,307.6163,3.80403
0,34.374168,0.38192131,-1.3445419,0.024282315,0.098822406,0.077912807,0.020909599,0.83734827,13.884794,0.60021648,0.22969506,0.14407067,1054.1742,4.0750815
0,55.66535,0.8257099,-1.241023,0.02077108,0.0425488,0.03581979,0.006729006,0.9235499,31.89329,0.5965897,0.07104123,0.1440707,580.8257,3.849019
0,29.7488,0.961619,-1.06607,0.0172873,0.00559417,0.00525182,0.000342346,0.954535,38.5764,0.101868,0.00902104,0.144071,71.8373,3.46783
0,28.827638,0.98621352,-1.415727,0.015499096,0.0094464952,0.00027526134,0.0091712338,2.4787476,39.409784,0.0054757213,0,0.14407067,2522.0472,4.4761254
0,7.81279,0.948747,-0.796962,0.0190102,0.0002023,0.000152704,4.95953e-05,0.957509,38.2664,0.00292232,0.000258707,0.144071,2.24031,3.00703
0,7.42297,0.697946,-0.78612,0.00905155,0.000375776,0.000279013,9.67626e-05,0.94304,28.1458,0.003928,0.000472707,0.144071,1.45558,2.97388
0,22.7464,0.260156,-1.10816,0.0194815,0.00809047,0.00792909,0.00016139,0.856135,10.4102,0.0416085,0.0137466,0.144071,37.1172,3.46926
0,0.5696977,0.9301159116105067,-1.900560417387821,0.0218211514223384,0,0,0,-8.028719301768023e-49,37.52254093937338,0,0,0.1440706666666666,-3.755295955453257e+54,-7.29217538172815e+50
0,8.7809295,0.85002514,-1.5734893,0.014367801,0.011136217,0.0089523265,0.0021838907,4.5761349,33.909658,0.15349451,0,0.14407067,8918.1427,5.9408025
0,7.71407,0.313732,-0.964866,0.0185135,0.001411,0.00135035,6.06478e-05,0.881141,12.6386,0.00854536,0.0022959,0.144071,6.94919,3.23401
2,20.8451909,0.67265819,-1.743685563,0.01249064421,-5.581941142,-13.97916551,8.397224365,16.59338168,178.6091052,-189.670964,0,0.1440706667,115305.2337,26.90115871
0,62.2308,0.801445,-1.04681,0.011421,0.00657711,0.00622397,0.000353143,0.945973,32.1191,0.100616,0.0106623,0.144071,47.1281,3.42212
0,62.16407,0.9760409,-1.192904,0.02147013,0.02292498,0.02035115,0.002573829,0.9436491,38.47256,0.4006657,0.03704287,0.1440707,369.5874,3.736653
0,6.00154,0.822924,-0.695951,0.0157159,0.000103296,5.04859e-05,5.28098e-05,0.951411,33.1948,0.000838022,8.55009e-05,0.144071,0.534379,2.83204
0,13.2355211,0.616631772493,-1.45709302176,0.0148041715701,0.640886769403,0.0536292150253,0.587257554378,-0.000165760714952,8.93331134606,0.667040969598,0,0.144070666667,-14543543.3128,-2822.99864465
2,1.6580677,0.216278360718256,-1.962495692440727,0.019803691812056,-91218.13037616479,-91218.13037730167,1.136882929131389e-06,-4.42770286293373e-10,795892.0432677721,-397941.6591107225,0,0.1440706666666666,-3.200195233926576e+20,-6.214259855518224e+16
0,26.1078599,0.315237788,-1.68413973,0.0177178378,0.657212184,0.47996011,0.177252074,0.602459624,4.35932065,3.05188796,0,0.144070667,36074.309,11.3965464
0,0.5521599,0.342248114670342,-1.990687975503312,0.02183359529014171,0,0,0,-5.972231576197311e-60,13.80690162788975,0,0,0.1440706666666666,-5.911932868439137e+65,-1.148001431393387e+62
0,38.4990098,0.425590525,-1.59572819,0.0107947649,0.27796726,0.232274945,0.0456923146,1.49667961,12.3966405,1.99397398,0,0.144070667,13264.2678,6.82738649
1,0.28386,0.86841,-1.9881,0.015308,,,,,,,,,,
0,29.271,0.573465,-1.10789,0.00965053,0.0165275,0.0158889,0.000638624,0.921178,22.7522,0.183792,0.0276515,0.144071,75.1254,3.51259
0,30.609856,0.97993908,-1.4158057,0.0092346045,0.55369459,0.038143567,0.51555102,0.96775442,17.643567,0.75395522,0,0.14407067,2894.9539,4.555702
0,58.99617,0.5593054,-1.277831,0.01225568,0.1043048,0.08901342,0.01529135,0.8614377,20.20991,1.004222,0.1931798,0.1440707,633.107,3.900408
0,6.07448,0.72957,-0.686138,0.0242155,6.25413e-05,2.88863e-05,3.3655e-05,0.945567,29.4303,0.000425093,4.8919e-05,0.144071,0.420253,2.80986
2,34.85936,0.66969021,-1.3992726,0.012513114,0.31755784,-0.46299372,0.78055155,1.3212538,18.4372,-6.2542353,0,0.14407067,1791.844,4.3003135
0,5.66392,0.972049,-0.580757,0.0112233,8.85634e-05,1.61002e-05,7.24632e-05,0.958557,39.2107,0.000315678,2.72639e-05,0.144071,0.142671,2.64892
0,7.40777,0.809531,-0.906403,0.00981385,0.00133594,0.00120428,0.000131659,0.949849,32.6143,0.0196646,0.00204395,0.144071,7.85057,3.18199
0,20.3406,0.333934,-1.07262,0.0168432,0.00601648,0.00585888,0.000157599,0.884603,13.3905,0.039464,0.0100718,0.144071,29.2694,3.41998
0,7.41706,0.845884,-0.818059,0.0162392,0.00029363,0.000234365,5.9265e-05,0.952542,34.1144,0.00399879,0.000397118,0.144071,2.63254,3.03649
0,51.0005596,0.6897741561,-1.740839997,0.01276970383,0.9993169715,0.7000032566,0.2993137149,0.001257609698,0.01900644584,9.739398804,0,0.1440706667,156085.1294,34.83266673
0,5.89297,0.582248,-0.562314,0.0133325,6.86844e-05,1.06947e-05,5.79896e-05,0.932726,23.4873,0.000125604,1.81099e-05,0.144071,0.0693016,2.59336
1,0.35746,0.98138,-1.7552,0.024584,,,,,,,,,,
0,54.33829,0.2200878,-1.214887,0.008407804,0.06810005,0.06694072,0.001159328,0.7981961,8.274093,0.2971745,0.1254548,0.1440707,124.6287,3.655214
0,34.9487637,0.3881759471,-1.811143325,0.02043395163,0.9972053761,0.7192820576,0.2779233185,0.004945151917,0.04376300762,5.631875152,0,0.1440706667,225484.8278,48.39816648
2,1.7205669,0.281557787169,-1.94751830515,0.0211294085735,0.924635115831,-11.1056320526,12.0302671684,-0.00280636626923,0.856035441101,-63.0719116583,0,0.144070666667,-44802023.5201,-8698.27188854
0,43.6658909,0.292518024,-1.60991862,0.0128098088,0.360676547,0.250622731,0.110053817,1.00965388,7.54446474,1.47876192,0,0.144070667,14359.0126,7.05823342
0,16.0980068,0.577157286922,-1.52100280107073,0.0185233078458786,0.498502976268058,0.00321090702479751,0.495292069243261,-1.35401835245159e-07,11.6766351209971,0.0373806702350914,0,0.144070666666667,-52887101805.1176,-10269816.2188695
0,7.34801,0.684744,-0.861807,0.0166251,0.000462865,0.000401357,6.15082e-05,0.941954,27.611,0.00554349,0.000680408,0.144071,3.77941,3.09905
0,50.79175,0.3489984,-1.296377,0.02141542,0.07000115,0.06342492,0.006576231,0.8481372,13.09366,0.4464867,0.1402901,0.1440707,528.6717,3.889411
0,16.94,0.530987,-1.02679,0.0175427,0.00328001,0.00314267,0.000137341,0.924658,21.3507,0.0336595,0.00536786,0.144071,24.7837,3.36474
0,5.63177,0.771897,-0.52729,0.0106565,8.31926e-05,8.53258e-06,7.466e-05,0.948382,31.1371,0.000132851,1.44487e-05,0.144071,0.0576205,2.54885
0,7.44207,0.79531,-0.804559,0.023969,0.000172113,0.000133524,3.8589e-05,0.949766,32.0787,0.00214201,0.000226218,0.144071,2.08744,3.01097
0,7.39488,0.282686,-0.925877,0.0221104,0.000726995,0.000686355,4.06403e-05,0.870287,11.3958,0.00391362,0.00116506,0.144071,3.8447,3.16401
0,7.73323,0.5591,-0.845564,0.0202485,0.000313234,0.00026755,4.56847e-05,0.92998,22.548,0.0030173,0.00045345,0.144071,2.53743,3.06209
2,2.9032792,0.71272982,-1.4792093,0.0083526453,0.00058494145,-0.00065498744,0.0012399289,8.5364504,28.735978,-0.0094163603,0,0.14407067,1206.8762,4.2463521
0,9.20935,0.829101,-0.97724,0.0137754,0.00227773,0.00212542,0.000152316,0.950344,33.3712,0.0355448,0.00361714,0.144071,19.9434,3.30308
2,31.631654,0.79903695,-1.5323966,0.012938686,-0.24284554,-0.6525285,0.40968295,3.9164187,40.062605,-10.516991,0,0.14407067,7262.1727,5.5675929
0,40.8531876,0.627065853,-1.55563144,0.0155753519,0.297785488,0.243013139,0.0547723491,1.34302165,17.7638918,3.07374671,0,0.144070667,12655.6867,6.66669988
0,27.598571,0.99258721,-1.4542656,0.0097533306,0.17625946,0.073105343,0.10315411,1.8894575,32.984832,1.4636693,0,0.14407067,4543.0113,4.9373419
0,7.07206,0.521769,-0.608195,0.0229279,4.45332e-05,1.12113e-05,3.33218e-05,0.925529,21.0482,0.000117994,1.89848e-05,0.144071,0.112832,2.6643
0,8.0232448,0.758572376,-1.539937036,0.01647878416,0.0228830831,0.02253832313,0.000344759966,-0.1068768874,29.90189568,0.3448607712,0,0.1440706667,-218824.0936,-41.07213893
0,7.20628,0.376875,-0.908994,0.0152388,0.000865351,0.000801972,6.33795e-05,0.899261,15.1907,0.00609652,0.00136085,0.144071,3.99291,3.1491
0,45.28293,0.3268169,-1.24167,0.01186636,0.06667416,0.06452113,0.002153022,0.8440298,12.30532,0.4253355,0.1253888,0.1440707,247.2572,3.74101
0,7.09278,0.263443,-0.758592,0.0138299,0.000176026,0.000128255,4.77715e-05,0.862483,10.6259,0.000681532,0.000217237,0.144071,0.421897,2.88252
1,0.58112,0.83291,-1.8135,0.0090219,,,,,,,,,,
0,35.155028,0.79220557,-1.319212,0.015135179,0.13206971,0.095221399,0.036848313,0.86084358,27.738176,1.5215899,0.26616599,0.14407067,1479.555,4.1497714
0,16.1108,0.780176,-1.10332,0.0134767,0.0113396,0.0107567,0.000582942,0.94159,31.1168,0.169277,0.0186732,0.144071,94.7919,3.52379
0,1.1890963,0.248773309,-1.77199635,0.0196928306,0.156930022,0.0314050121,0.12552501,4.37282465,8.46101711,0.157589732,0,0.144070667,29817.4873,10.2596422
0,63.38386,0.6359572,-1.210507,0.02373454,0.02447429,0.02274143,0.00173286,0.9221942,25.02775,0.2917231,0.04201003,0.1440707,308.44,3.733089
0,47.1675146,0.479463356,-1.63758831,0.00955985594,0.944724848,0.644951466,0.299773382,0.0846820111,1.06915466,6.23745788,25.1613454,0.144070667,34615.6034,11.0646172
0,5.96794,0.392815,-0.615415,0.00907089,0.00011093,3.10911e-05,7.98386e-05,0.903408,15.8451,0.000246348,5.26498e-05,0.144071,0.0954761,2.66293
2,6.9925344,0.97771305,-1.4204633,0.016464961,0.17198669,-0.0083500596,0.18033675,-3.5193639,32.659076,-0.16467442,0,0.14407067,-1564.3796,1.2505678
0,7.26165,0.66446,-0.755681,0.00970268,0.000262618,0.000176088,8.65295e-05,0.940425,26.7985,0.00236007,0.000298279,0.144071,0.940022,2.92087
0,13.9158,0.7476949,-1.137487,0.01875602,0.01250127,0.01183939,0.0006618766,0.9387402,29.78627,0.1785579,0.02080923,0.1440707,141.1578,3.587422
0,57.40005,0.587873,-1.214572,0.01521815,0.03945165,0.03691951,0.002532142,0.907739,22.78022,0.4377888,0.06903164,0.1440707,300.4999,3.734272
1,0.59129,0.48476,-1.9521,0.022552,,,,,,,,,,
0,7.58789,0.928257,-0.787835,0.0213615,0.000164119,0.000120872,4.3247e-05,0.956639,37.4414,0.00226317,0.000204764,0.144071,1.95131,2.99075
0,8.077,0.20035,-0.97689,0.020845,0.0014704,0.0013988,7.1585e-05,0.82594,8.0705,0.0056529,0.0023798,0.14407,5.5248,3.234
0,48.16599,0.3108469,-1.335799,0.01397979,0.1485425,0.1271041,0.02143842,0.7860655,10.67738,0.7969503,0.3565905,0.1440707,771.816,3.99549
1,0.37301,0.48306,-1.9277,0.023198,,,,,,,,,,
0,39.0711582,0.688590313,-1.58647538,0.0153529207,0.464625292,0.401486682,0.0631386107,1.19575404,14.8721558,5.57644242,0,0.144070667,17685.7676,7.69149923
0,19.2134,0.394492,-1.05513,0.0243315,0.00335668,0.00325222,0.000104463,0.901733,15.8611,0.0258788,0.00556948,0.144071,27.1692,3.39826
0,6.61623,0.782878,-0.647143,0.0146254,8.44151e-05,2.89841e-05,5.5431e-05,0.949068,31.58,0.000457699,4.90831e-05,0.144071,0.272266,2.74854
0,7.43116,0.448823,-0.862837,0.0127809,0.000599586,0.000528996,7.05904e-05,0.914113,18.0955,0.00478909,0.000896846,0.144071,2.58634,3.08035
0,7.48496,0.694099,-0.928932,0.0101498,0.00168848,0.0015541,0.000134378,0.941896,27.9539,0.0217583,0.00263952,0.144071,9.06273,3.21213
0,7.17418,0.707694,-0.764984,0.00846565,0.000328533,0.000227419,0.000101114,0.943808,28.5403,0.00324636,0.000385254,0.144071,1.12414,2.9394
0,58.494385,0.65633878,-1.3735121,0.010579645,0.28649512,0.19657811,0.089917008,0.74124991,18.892098,2.6024859,0.76485512,0.14407067,2350.732,4.3970293
1,0.28601,0.28826,-1.8553,0.017196,,,,,,,,,,
1,0.14057,0.69766,-1.9155,0.013555,,,,,,,,,,
0,6.81771,0.671555,-0.653988,0.0159396,7.93199e-05,2.90385e-05,5.02813e-05,0.941134,27.0896,0.000393352,4.91751e-05,0.144071,0.257165,2.75245
0,18.125761,0.9861595057,-1.601776637,0.01085675942,0.09119072001,0.07121174499,0.01997897503,-0.1532495319,36.15555933,1.416524087,0,0.1440706667,-408342.8935,-77.84382937
1,0.39316,0.55361,-1.9327,0.012692,,,,,,,,,,
0,7.47707,0.516829,-0.916573,0.0112606,0.00129618,0.0011958,0.00010038,0.924072,20.8228,0.0124661,0.00202992,0.144071,5.871,3.17685
0,11.3564,0.468971,-1.14193,0.0138887,0.0174684,0.0168958,0.000572596,0.906722,18.5887,0.159827,0.0297541,0.144071,96.5648,3.5637
1,0.28756,0.84233,-1.9853,0.021026,,,,,,,,,,
0,8.17538,0.575638,-0.97749,0.0130247,0.00238445,0.00225482,0.000129622,0.930521,23.1669,0.0261811,0.00383789,0.144071,14.1853,3.28471
0,6.568259,0.4842197,-1.462172,0.01422717,0.1411998,0.05838732,0.08281247,9.556332,16.77605,0.5702774,0,0.1440707,505.6771,4.048456
0,5.8306,0.718289,-0.58331,0.0107599,9.11352e-05,1.73535e-05,7.37817e-05,0.944741,28.9744,0.000251427,2.93862e-05,0.144071,0.110533,2.63835
0,56.00894,0.9967251,-1.235344,0.009282055,0.090148,0.07394211,0.01620589,0.8991265,36.58485,1.486594,0.1477893,0.1440707,636.2166,3.858776
0,7.75875,0.684015,-0.906497,0.0224068,0.000582291,0.0005283,5.39919e-05,0.941819,27.5783,0.00728905,0.000896294,0.144071,6.70299,3.17374
0,29.294567,0.46669768,-1.4301506,0.019665831,0.32673986,0.059380268,0.26735959,1.2993993,12.675751,0.55898862,0,0.14407067,1862.4024,4.3468772
0,7.87105,0.891541,-0.822649,0.0211294,0.000237625,0.00019106,4.65647e-05,0.95489,35.9578,0.00343587,0.000323746,0.144071,2.93609,3.04675
0,48.113324,0.87743169,-1.3413193,0.011465091,0.21802591,0.14981466,0.068211246,0.80341416,27.679666,2.6515072,0.46675286,0.14407067,2101.4699,4.3106744
0,6.79844,0.294016,-0.72843,0.0219876,8.58566e-05,5.47655e-05,3.10911e-05,0.875041,11.8601,0.000324791,9.27502e-05,0.144071,0.315058,2.83733
0,24.7802,0.360019,-1.05778,0.00963389,0.00873069,0.00847852,0.000252168,0.890124,14.397,0.0615703,0.0145537,0.144071,25.8485,3.3981
0,11.323206,0.90167092,-1.3979427,0.010974524,0.092813684,0.026441096,0.066372588,3.4454699,32.998919,0.48089769,0,0.14407067,1208.993,4.1655865
0,8.19168,0.549406,-0.99687,0.0154459,0.00255919,0.00243592,0.000123272,0.927398,22.1073,0.0269949,0.00415108,0.144071,17.4213,3.31528
0,7.7971,0.92023,-0.742943,0.00925216,0.000250751,0.000156796,9.39554e-05,0.956222,37.1144,0.00291042,0.00026559,0.144071,1.08712,2.91563
0,24.0707,0.516909,-1.05107,0.0180586,0.00432522,0.00415976,0.000165457,0.922147,20.7628,0.0433718,0.00712284,0.144071,33.0112,3.40535
0,6.28786,0.68974,-0.6799,0.0196181,7.41742e-05,3.29102e-05,4.1264e-05,0.942598,27.8233,0.000457869,5.57331e-05,0.144071,0.367866,2.79677
2,8.4127502,0.8085481672,-1.620733453,0.02444528499,-0.01191592714,-0.01293414062,0.001018213483,-0.2132370115,33.00695756,-0.2109447134,0,0.1440706667,-341775.9922,-64.8895169
0,6.14177,0.438089,-0.581957,0.0148616,6.21063e-05,1.23479e-05,4.97583e-05,0.912541,17.6722,0.000109114,2.09093e-05,0.144071,0.0685931,2.61248
2,33.844538,0.59655596,-1.4850994,0.015921441,0.17471494,-0.95184854,1.1265635,1.7069973,19.861422,-11.453658,0,0.14407067,4499.3421,4.9591996
0,13.4956,0.566628,-1.02413,0.0244703,0.00227971,0.00217907,0.00010064,0.929583,22.8067,0.0249055,0.00371893,0.144071,25.4488,3.36357
0,20.3416356,0.7787844802,-1.84801765,0.01161582741,0.4888398661,0.1774260144,0.3114138516,1.294526837,16.05940422,2.787146234,0,0.1440706667,507585.9541,103.2561943
2,29.931301,0.5030496,-1.4923381,0.018347038,0.99273502,-0.070309733,1.0630448,0.01475678,0.14743488,-0.71343009,0,0.14407067,4239.9512,4.9130177
0,45.2352903,0.370615256,-1.54228099,0.0167029546,0.552093763,0.360101428,0.191992334,0.493410964,6.69677286,2.69198916,4.23375005,0.144070667,10939.8815,6.3126819
0,51.76672,0.967313,-1.184569,0.01070032,0.04054622,0.03653018,0.004016035,0.931601,37.4409,0.7127611,0.06677938,0.1440707,327.3353,3.713875
0,98.1103345,0.519913091,-1.54764167,0.0185480977,0.505296009,0.335469607,0.169826401,0.552731174,10.3760327,3.51810748,4.08435416,0.144070667,16209.793,7.3615775
0,17.1811497,0.5655024993174,-1.628856233455,0.02024806284047,0.6447090990559,0.3218108187947,0.3228982802612,-9.330615003976e-05,8.105387459238,3.670796758339,0,0.1440706666667,-212899503.117,-41340.47348986
2,23.499896,0.232919557691,-1.94133174091,0.0181653318789,-6.20016779997,-11.3500423738,5.14987457383,-0.226012286885,67.6555985578,-53.3247232418,0,0.144070666667,-40607898.3851,-7883.84198063
0,5.88132,0.92368,-0.544011,0.00988661,9.31185e-05,1.14005e-05,8.1718e-05,0.956481,37.2594,0.000212408,1.93054e-05,0.144071,0.0847467,2.5854
0,0.565069,0.6103204836,-1.900218471,0.01647460355,0,0,0,12.83260321,24.62142089,0,0,0.1440706667,153493.1579,34.48786598
0,5.91089,0.452698,-0.680503,0.0207994,6.75683e-05,3.12828e-05,3.62856e-05,0.91512,18.2614,0.000285653,5.29766e-05,0.144071,0.250628,2.77764
0,24.3141603,0.6734483981,-1.760397904,0.01652784514,0.5199555431,0.0626187585,0.4573367846,0.9109398345,13.04190251,0.8506167836,0,0.1440706667,190090.5279,41.46564866
2,34.3355297,0.811510879,-1.56243122,0.0114888961,0.905668349,-0.209896119,1.11556447,0.222823162,3.08821086,-3.43576875,0,0.144070667,14471.3613,7.03296279
1,77.3769,0.308855,-1.37585,0.0133729,,,,,,,,,,
0,55.58889,0.7347849,-1.233404,0.02037145,0.03874465,0.03402184,0.004722815,0.9205284,28.49405,0.5042468,0.06568139,0.1440707,472.0833,3.809632
0,8.25588,0.226676,-1.01801,0.0233676,0.00216383,0.00210957,5.42587e-05,0.842476,9.12472,0.00964549,0.0036,0.144071,10.3852,3.30847
0,7.36444,0.824146,-0.879264,0.0108057,0.000878938,0.000772371,0.000106567,0.950977,33.2183,0.0128397,0.00130997,0.144071,5.63583,3.13739
0,56.211,0.9916819,-1.159717,0.01910978,0.01662781,0.01523857,0.001389239,0.9484837,39.34101,0.3048188,0.02717394,0.1440707,245.5055,3.658352
0,34.3147993,0.2191746199,-1.815545732,0.01870572962,0.9993753184,0.6685472583,0.3308280601,0.0009592971348,0.005523370106,2.955612841,0,0.1440706667,155238.4823,34.74268788
0,55.374537,0.44446359,-1.3563892,0.011856186,0.22083466,0.16650006,0.054334608,0.76711146,13.97079,1.492711,0.54775519,0.14407067,1348.1286,4.156648
0,6.19978,0.500117,-0.53157,0.0229199,3.71052e-05,4.19157e-06,3.29136e-05,0.92256,20.1749,4.22837e-05,7.0976e-06,0.144071,0.0405487,2.53507
0,57.64071,0.6949404,-1.172209,0.008426784,0.0422125,0.03984986,0.002362644,0.9154942,26.85171,0.5585982,0.0723482,0.1440707,203.8183,3.653187
0,13.3489,0.567378,-0.664891,0.0216812,6.07e-05,2.45582e-05,3.61418e-05,0.93109,22.8877,0.000281057,4.15873e-05,0.144071,0.252634,2.76243
0,30.8787,0.397397,-1.09294,0.0222138,0.00592075,0.00575043,0.000170324,0.900749,15.9368,0.0460946,0.00991485,0.144071,44.4163,3.46468
2,1.5993795,0.2263876563270627,-1.930600621618487,0.02359438239201556,-786.0844252241344,-794.4540858801065,8.369660655972098,-0.006713299806244343,7188.350225235277,-3627.828238088377,0,0.1440706666666666,-126552008139.0507,-24574345.31963128
2,6.0373615,0.69718991,-1.5774819,0.013138834,0.002337047,-0.00085966387,0.0031967108,5.3893363,28.060158,-0.012089405,0,0.14407067,6595.9475,5.4783639
2,16.5831521,0.978874748,-1.60315182,0.0173328272,0.000519491225,-1.6220707e-05,0.000535711932,2.78924198,39.4690452,-0.000320274288,0,0.144070667,24928.1997,9.13217497
0,9.0425678,0.73653671,-1.5964888,0.020697315,0.22196022,0.15501874,0.066941483,4.0438957,23.118059,2.3030521,0,0.14407067,9244.9092,6.0291038
0,7.02317,0.331978,-0.805894,0.0229036,0.000174768,0.000142155,3.26128e-05,0.887666,13.3902,0.00095191,0.000240835,0.144071,0.948419,2.97154
0,10.0497,0.5318228,-1.433854,0.01460001,0.004760718,0.0001323917,0.004628327,-4.919175,21.35254,0.001420211,0,0.1440707,-869.0772,1.429178
2,17.269491,0.711376948,-1.62595969,0.0102558548,0.0146726409,-0.00628807731,0.0209607182,4.18189623,28.2771409,-0.0902283116,0,0.144070667,15966.7003,7.39191445
1,0.2735,0.89827,-1.9672,0.022068,,,,,,,,,,
0,6.66455,0.372477,-0.666493,0.0113299,0.00011149,4.79711e-05,6.35188e-05,0.898671,15.0247,0.000360416,8.12374e-05,0.144071,0.175399,2.74527
0,83.385293,0.73876521,-1.4056083,0.010388905,0.40190654,0.27335891,0.12854763,0.65640493,17.825046,4.073473,1.1763252,0.14407067,3782.6251,4.7316181
2,30.252581,0.828420103,-1.716731514,0.01633045061,-7.748973702,-7.946715517,0.1977418148,-3.389727225,292.3902634,-132.7894175,0,0.1440706667,-653607.1308,-125.3793798
0,6.34201,0.733548,-0.640067,0.0140541,8.47151e-05,2.75418e-05,5.71733e-05,0.945831,29.5901,0.000407518,4.66403e-05,0.144071,0.233742,2.73361
0,0.5603962,0.5800337260632531,-1.965595369922102,0.01422539575283641,0,0,0,-1.166876993488447e-39,23.39959886799538,0,0,0.1440706666666666,-3.715142680054833e+45,-7.214204236489665e+41
1,0.35781,0.87492,-1.8152,0.011181,,,,,,,,,,
0,7.5247,0.365221,-0.92022,0.00974711,0.00154914,0.00144741,0.000101723,0.895965,14.7108,0.0106628,0.00245758,0.144071,4.48297,3.16637
0,0.5338813,0.7443911517413904,-1.765201098213108,0.01913458275533685,0,0,0,-2.16273592290083e-50,30.03007164747885,0,0,0.1440706666666666,-1.960904538199143e+55,-3.807758421439489e+51
0,54.549976,0.29484579,-1.4706486,0.019074387,0.30315728,0.30315589,1.3864867e-06,0.67382214,8.2886703,1.8029601,1.4773062,0.14407067,3950.9179,4.8315748
2,16.3683703,0.852064121,-1.59029209,0.0247180613,-0.021890204,-0.0291873968,0.00729719282,2.70871566,35.1262413,-0.501640753,0,0.144070667,19366.513,8.02635419
0,108.45245,0.31047118,-1.3717622,0.011622669,0.23678073,0.185087,0.051693725,0.72399515,9.5592932,1.1591039,0.68074241,0.14407067,1190.7377,4.1350794
0,7.51262,0.916554,-0.851609,0.0140116,0.000494565,0.000417787,7.67779e-05,0.955896,36.9572,0.00772393,0.000708199,0.144071,4.3729,3.09646
0,46.45669,0.7507423,-1.259034,0.02208652,0.04952077,0.04090245,0.008618314,0.9144658,28.78649,0.6193917,0.08420026,0.1440707,667.2662,3.890944
0,0.8788105,0.995130904,-1.79575594,0.02474426,0.0115850852,0.000963921386,0.0106211639,19.2069023,39.6802747,0.0193484866,0,0.144070667,43198.5797,12.9008409
0,7.1335,0.905605,-0.743834,0.0202864,0.000115157,7.23389e-05,4.28184e-05,0.955637,36.5295,0.0013214,0.000122524,0.144071,1.08296,2.91633
0,14.3014,0.930373,-0.980352,0.0177721,0.00184586,0.00171518,0.000130681,0.955639,37.4636,0.0321878,0.00291802,0.144071,23.1729,3.31453
1,36.9367,0.323149,-1.37446,0.0180022,,,,,,,,,,
0,8.40475,0.320775,-1.02799,0.0126639,0.00455184,0.0044158,0.00013604,0.881476,12.8817,0.0285717,0.00755088,0.144071,15.9282,3.3415
0,26.3479,0.867718,-1.02802,0.0183407,0.0032451,0.00305399,0.000191117,0.951758,34.8917,0.0534529,0.00521575,0.144071,39.9729,3.39348
0,6.0288,0.353826,-0.696047,0.0106126,0.000142189,7.48564e-05,6.73323e-05,0.89388,14.2719,0.000534249,0.000126773,0.144071,0.244845,2.79198
0,5.385,0.902393,-0.546728,0.00894067,0.000103251,1.30544e-05,9.01967e-05,0.955494,36.4004,0.000237617,2.21061e-05,0.144071,0.0858219,2.58876
0,14.181284,0.21139291,-1.6569255,0.021194753,0.00054264609,4.6615722e-05,0.00049603037,10.48592,8.5233409,0.00019876871,0,0.14407067,2856.9135,4.7887553
2,24.2661059,0.204650844,-1.7095893,0.010655273,0.495097002,-0.318364697,0.813461699,0.782371362,4.16846977,-1.31420651,0,0.144070667,36833.2367,11.5704372
0,7.0784,0.436338,-0.648749,0.0163205,7.21104e-05,2.65156e-05,4.55948e-05,0.912215,17.6014,0.000233372,4.49018e-05,0.144071,0.16117,2.72318
0,62.11055,0.7523209,-1.195737,0.02124675,0.02302887,0.02123409,0.001794784,0.9321284,29.65104,0.322227,0.03881956,0.1440707,299.0506,3.714907
0,12.1472,0.26579,-1.05916,0.0182016,0.00467972,0.00457122,0.000108497,0.860767,10.6723,0.0245074,0.00784048,0.144071,20.1679,3.38562
0,8.03942,0.974903,-0.926645,0.0218364,0.00077412,0.000701801,7.23183e-05,0.958226,39.2989,0.0138007,0.00119137,0.144071,12.1612,3.22556
0,7.62764,0.802648,-0.744686,0.0142052,0.000164721,0.000104441,6.028e-05,0.950207,32.3749,0.00169091,0.0001769,0.144071,0.975898,2.91181
0,6.00813,0.901898,-0.635926,0.00927871,0.000127703,3.9555e-05,8.81475e-05,0.955455,36.3795,0.000719588,6.69854e-05,0.144071,0.269744,2.73684
0,36.222482,0.60241959,-1.3467971,0.012664625,0.2050019,0.14797404,0.05702786,0.79668676,19.320588,1.7980832,0.45334584,0.14407067,1587.0552,4.2018352
0,6.18774,0.617867,-0.597346,0.0197607,5.09073e-05,1.13162e-05,3.95912e-05,0.936366,24.9246,0.000141033,1.91623e-05,0.144071,0.114887,2.65437
2,29.337976,0.65450811,-1.4669933,0.01459706,0.6439458,-0.013340779,0.65728657,1.0237828,9.4012655,-0.17612516,0,0.14407067,2814.1412,4.5897423
0,89.885634,0.4867798,-1.4976587,0.018711929,0.39672857,0.26248877,0.1342398,0.63904018,11.846784,2.5773206,2.1304782,0.14407067,8423.7466,5.7660377
0,22.8261,0.863588,-1.08738,0.0176629,0.00712446,0.00672622,0.000398234,0.949021,34.5905,0.117166,0.0116094,0.144071,85.1907,3.5005
0,37.77687,0.2412734,-1.265659,0.02182956,0.04752615,0.04628314,0.001243013,0.8226322,9.270809,0.2252462,0.09275818,0.1440707,260.1037,3.770097
0,7.47245,0.688831,-0.814775,0.0176245,0.000258938,0.000207033,5.19059e-05,0.942408,27.7815,0.00287658,0.000350793,0.144071,2.0774,3.02093
0,47.10362,0.9194193,-1.154962,0.01826789,0.01622666,0.01503682,0.001189842,0.9457267,36.48916,0.2788654,0.02674181,0.1440707,214.8397,3.640786
1,0.27298,0.80478,-1.9855,0.017577,,,,,,,,,,
0,35.388402,0.57293804,-1.327363,0.0090951684,0.21800381,0.166691,0.051312811,0.78385795,18.074548,1.9263934,0.4918121,0.14407067,1175.6482,4.0870947
0,15.20641,0.8094505,-1.11284,0.01718597,0.01005622,0.0095122,0.0005440247,0.9441717,32.3263,0.1553089,0.01654754,0.1440707,110.9813,3.544558
0,7.38672,0.600657,-0.660813,0.0228355,5.66514e-05,2.21267e-05,3.45247e-05,0.934659,24.2302,0.000268083,3.74701e-05,0.144071,0.252835,2.7584
0,7.90183,0.814988,-0.94451,0.0115278,0.0018112,0.00167049,0.00014071,0.949854,32.8185,0.0274612,0.00283883,0.144071,12.888,3.24655
0,5.53077,0.87508,-0.577705,0.0177248,5.54891e-05,9.80288e-06,4.56862e-05,0.954202,35.3003,0.000173032,1.65998e-05,0.144071,0.124068,2.63869
2,0.9154576,0.3731980337,-1.963448331,0.02411300842,0.06180008727,0.06180008727,-2.081668171e-17,8.396725279,14.12504699,0.4652148891,0,0.1440706667,303176.1111,63.65207036
2,17.043339,0.4849326685,-1.427702461,0.01834078876,0.04858241379,-0.008523609393,0.05710602318,-0.01277223396,18.61263167,-0.08337390672,0,0.1440706667,-269604.19,-51.05576707
0,36.28945,0.3319202,-1.192257,0.01717709,0.02587983,0.02521949,0.0006603423,0.87154,13.04372,0.1688477,0.04591746,0.1440707,134.5485,3.638445
0,5.93767,0.964313,-0.651036,0.014286,8.90266e-05,3.1194e-05,5.78325e-05,0.958238,38.8986,0.000606757,5.28259e-05,0.144071,0.349185,2.76523
0,9.3799016,0.7977376786206549,-1.41115783899916,0.01303177359623558,0.4497695543314355,0.422009094382663,0.02776045994877246,-5.943412804750294e-13,17.70760756337762,6.790583373139865,0,0.1440706666666666,-4456731134048271,-865424867818.7839
2,22.0028317,0.479003759,-1.47873175,0.023060795,0.984871874,-0.0657775504,1.05064942,-0.00203920016,0.292333917,-0.635538387,0,0.144070667,-51082.1556,-8.48582885
0,6.78024,0.561677,-0.704104,0.0109243,0.000153411,8.06474e-05,7.27637e-05,0.930381,22.6556,0.000913698,0.000136585,0.144071,0.414141,2.82708
0,21.34126,0.6616233,-1.15596,0.01618182,0.01808311,0.01719287,0.0008902319,0.9286477,26.20841,0.2294481,0.03057883,0.1440707,159.1752,3.615566
0,7.57877,0.828671,-0.827664,0.00971613,0.000543853,0.000443052,0.000100801,0.951446,33.4119,0.00740564,0.000750882,0.144071,2.92025,3.05148
0,44.10255,0.6585103,-1.22902,0.01993781,0.03710369,0.03354404,0.00355965,0.9158161,25.57981,0.4455568,0.06343572,0.1440707,402.6592,3.783595
0,6.20545,0.971556,-0.691562,0.0174832,9.10205e-05,4.28955e-05,4.8125e-05,0.958535,39.1908,0.00084063,7.26453e-05,0.144071,0.591893,2.83292
0,14.76515,0.8808856,-1.104956,0.01313569,0.01194982,0.01125737,0.0006924467,0.9467338,35.11185,0.2000238,0.01956465,0.1440707,108.6395,3.535123
0,21.1760278,0.532822844,-1.58884608,0.012066661,0.245844867,0.197077383,0.0487674845,1.47006504,16.2105852,2.11809187,0,0.144070667,16165.1153,7.39396441
0,16.399596,0.85067938,-1.438181,0.014285898,0.56405613,0.29095833,0.2730978,1.096168,14.960691,4.9925436,0,0.14407067,2888.7794,4.5767686
0,5.74051,0.388236,-0.691273,0.0169765,8.7298e-05,4.40131e-05,4.32849e-05,0.902395,15.6608,0.000344669,7.45362e-05,0.144071,0.250305,2.78834
0,41.9115,0.721342,-1.05894,0.00934184,0.00931995,0.00886751,0.000452439,0.938986,28.829,0.129023,0.0152337,0.144071,49.8019,3.43761
2,23.6059907,0.395846158,-1.62094072,0.0227735061,-0.0780420838,-0.104117224,0.0260751407,-1.35130935,17.2154078,-0.831331405,0,0.144070667,-28204.4336,-3.87061857
0,5.29222,0.819433,-0.509802,0.0179168,4.86411e-05,4.05406e-06,4.4587e-05,0.95125,33.0558,6.70083e-05,6.86483e-06,0.144071,0.0487169,2.52274
0,29.8035,0.339903,-1.175853,0.01841571,0.01982853,0.01933011,0.0004984108,0.8776792,13.4404,0.1325301,0.03469197,0.1440707,111.5144,3.607919
0,9.50867,0.699474,-0.989562,0.0229194,0.00158748,0.00149617,9.13098e-05,0.942375,28.1732,0.0211095,0.00254684,0.144071,19.891,3.31526
1,0.4144,0.90301,-1.8803,0.009115,,,,,,,,,,
2,7.7551949,0.82902399032,-1.5679976261,0.0096061050491,0.032714112111,-0.024233086059,0.05694719817,-0.0053695540445,32.350210895,-0.40522944378,0,0.14407066667,-6756994.9281,-1310.8270062
0,8.42109,0.323329,-1.0132,0.00901867,0.00530379,0.00513262,0.00017117,0.881815,12.9745,0.0334742,0.00876857,0.144071,13.2624,3.31678
0,7.79797,0.73976,-0.957003,0.0115768,0.00209678,0.00195181,0.000144965,0.94496,29.7807,0.0291242,0.00331884,0.144071,13.8018,3.26274
2,9.2295134,0.870880847,-1.4322248227,0.015488101316,0.10488414641,-0.025891672913,0.13077581932,-0.00071789335414,31.448008963,-0.45482467915,0,0.14407066667,-8589080.8426,-1666.736462
0,64.1252,0.632028,-0.667627,0.0168729,8.00319e-05,3.26867e-05,4.73451e-05,0.937684,25.4951,0.000416709,5.53502e-05,0.144071,0.289432,2.77217
1,0.28869,0.8498,-1.8749,0.0088872,,,,,,,,,,
0,41.439607,0.69332659,-1.3227436,0.0086122355,0.22429365,0.16676594,0.057527719,0.78925507,21.696534,2.3322246,0.48946867,0.14407067,1320.8427,4.1166532
0,40.8601,0.221295,-1.1785,0.0189064,0.0198601,0.0195285,0.000331633,0.828541,8.75013,0.0871696,0.0349626,0.144071,79.5703,3.58703
0,32.252153,0.71482465,-1.4672531,0.020410585,0.9272355,0.024333045,0.90290245,0.15529217,2.0983322,0.35084974,0,0.14407067,4154.7174,4.8703382
0,21.3507,0.291069,-1.10782,0.0174146,0.00902484,0.00882782,0.000197025,0.868405,11.6363,0.0518293,0.0153113,0.144071,40.7245,3.47439
0,46.90114,0.5859535,-1.246455,0.01544601,0.05767341,0.05189635,0.005777062,0.8954653,22.27511,0.6133737,0.1024355,0.1440707,448.6164,3.815506
0,42.1384,0.239899,-1.18535,0.0172521,0.0237223,0.0232936,0.000428659,0.836621,9.44836,0.112717,0.0418375,0.144071,92.9123,3.60443
0,8.4505,0.370936,-0.926208,0.012669,0.00128326,0.00120259,8.0668e-05,0.897558,14.945,0.00899792,0.00204195,0.144071,4.90974,3.17711
0,7.2708,0.21332,-0.72818,0.0091813,0.00051364,0.00013072,0.00038292,0.83545,8.6014,0.00056248,0.0002214,0.14407,0.23854,2.8228
0,6.84519,0.493095,-0.717179,0.0219781,8.29646e-05,4.74173e-05,3.55473e-05,0.921515,19.8907,0.00047162,8.0305e-05,0.144071,0.434228,2.84259
0,7.52868,0.342741,-0.95255,0.0152737,0.00147033,0.00139793,7.24028e-05,0.889996,13.8064,0.00966442,0.0023757,0.144071,6.41602,3.21749
0,52.42473,0.4086438,-1.297138,0.01837397,0.08368574,0.07320382,0.01048192,0.8529322,15.10583,0.603398,0.1651202,0.1440707,612.4498,3.913999
0,7.9534,0.2273,-0.77134,0.0095369,0.00028419,0.00021906,6.5133e-05,0.84397,9.1671,0.0010043,0.00037107,0.14407,0.43812,2.8972
0,5.96231,0.409453,-0.52224,0.022088,3.6731e-05,3.85824e-06,3.28728e-05,0.907012,16.5174,3.18653e-05,6.53311e-06,0.144071,0.0299532,2.51018
0,34.5253,0.249713,-1.12374,0.0128494,0.0148819,0.0146018,0.000280023,0.847016,9.92395,0.0735485,0.0254572,0.144071,43.6841,3.49448
0,8.8309,0.23217,-0.62732,0.02362,3.9522e-05,1.3914e-05,2.5608e-05,0.84689,9.3657,6.5161e-05,2.3561e-05,0.14407,0.070147,2.659
0,26.321,0.271628,-1.15582,0.023737,0.0120341,0.0117944,0.000239657,0.858767,10.8261,0.0646213,0.0208081,0.144071,70.9725,3.55679
1,160.8325,0.5395076,-1.299376,0.01193743,,,,,,,,,,
0,62.54822,0.880925,-1.179824,0.01510949,0.02680971,0.02457084,0.002238868,0.9369248,34.58532,0.4366004,0.04449583,0.1440707,282.8744,3.692995
0,22.1229637,0.947958462,-1.63369113,0.0181138691,0.230331159,0.147111442,0.0832197167,1.62300544,29.4339386,2.81294299,0,0.144070667,47294.5094,13.5387937
0,43.735,0.862897,-1.02651,0.0125503,0.00464868,0.0043752,0.000273489,0.950599,34.649,0.0761521,0.00747562,0.144071,38.979,3.39048
0,1.2715566,0.723834509,-1.7500605,0.00944723598,0.0277256814,0.0173521158,0.0103735656,17.9736035,28.3911684,0.253347657,0,0.144070667,18364.9886,7.98891443
0,53.796134,0.535398,-1.3815876,0.016462864,0.19687703,0.13623021,0.060646821,0.79486386,17.346584,1.4712122,0.54524726,0.14407067,2232.8391,4.3795681
